0,0,0,0,0,0,0,0,0.707107,0,0,0,0,0,0,0,0,0,0,0,0,0,0,0.353553,0,0,0,0.353553,0,0,0,0.353553,0,0,0,0.353553,0,0,0,0,0,0,0,0,0,0,0,0,0,0
0,0,0,0,0,0,0,0,0,0,0,0,0,0,0,0,0,0,0,0,0,0,0,0,0,0,0,0.707107,0,0,0,0,0,0,0,0,0,0,0,0,0,0,0.707107,0,0,0,0,0,0,0
0,0,0,0,0,0,0,0,0.5,0,0,0,0,0,0,0,0,0,0,0,0,0,0,0.5,0,0,0,0,0,0,0,0,0,0,0,0,0,0,0,0,0,0,0.5,0,0,0,0.5,0,0,0
0.5,0,0,0,0,0,0,0,0,0,0,0,0,0,0,0.5,0,0,0,0,0,0,0,0,0,0,0,0,0,0,0.5,0,0,0,0,0,0,0,0,0,0,0,0,0,0,0,0,0.5,0,0
0,0,0,0,0,0,0,0,0,0,0,0,0,0,0,0,0,0,0,0,0,0,0,0,0,0,0,0,0,0,0,0,0,0,0,0,0,0,0,0,0,0,1,0,0,0,0,0,0,0
0,0,0,0,0,0,0,0,0,0,0,0.707107,0,0,0,0,0,0,0.707107,0,0,0,0,0,0,0,0,0,0,0,0,0,0,0,0,0,0,0,0,0,0,0,0,0,0,0,0,0,0,0
0,0,0,0,0,0,0,0,0,0,0,0,0,0,0,0,0,0.353553,0,0,0,0,0,0,0.353553,0.353553,0,0,0,0.353553,0,0,0,0.353553,0,0,0,0,0,0,0,0.353553,0,0,0,0,0.353553,0,0,0.353553
0,0,0.755929,0,0,0,0,0,0,0,0,0,0,0,0,0,0,0,0,0,0,0,0.377964,0,0.377964,0,0,0,0,0,0,0,0,0,0,0,0,0,0,0,0,0,0,0,0,0,0,0,0.377964,0
0,0,0,0,0,0,0,0,0,0,0,0,0,0,0,0,0,0,0.447214,0,0,0,0,0.447214,0,0,0,0,0,0,0,0,0,0,0,0,0,0,0,0,0,0.447214,0,0,0,0,0.447214,0,0,0.447214
0,0,1,0,0,0,0,0,0,0,0,0,0,0,0,0,0,0,0,0,0,0,0,0,0,0,0,0,0,0,0,0,0,0,0,0,0,0,0,0,0,0,0,0,0,0,0,0,0,0
0,0,0.408248,0.408248,0,0,0,0,0.408248,0,0,0,0,0,0,0,0,0,0,0,0,0,0,0,0,0,0,0.408248,0,0,0,0,0,0,0,0,0,0,0,0.408248,0,0,0.408248,0,0,0,0,0,0,0
0,0,0,0,0,0,0,0,0,0,0,0,0,0,0.408248,0,0,0,0,0,0,0,0,0.408248,0,0,0,0.408248,0.408248,0,0,0,0,0,0,0,0,0,0,0,0,0.408248,0,0,0,0,0,0.408248,0,0
0,0,0.5,0,0,0,0,0,0,0,0,0,0,0,0.5,0,0,0,0,0,0,0,0,0.5,0,0,0,0,0,0,0,0,0,0,0,0,0,0,0,0,0,0,0.5,0,0,0,0,0,0,0
0,0,0,0,0,0,0,0,0,0,0,0,0,0,0,0,0,0,0,0,0,0,0,0,0.5,0,0,0,0,0,0,0,0,0,0,0.5,0.5,0,0,0,0,0.5,0,0,0,0,0,0,0,0
0,0,0,0,0,0,0,0,0,0,0,0,0,0,0,0,0,0,0,0,0,0,0,0,0,0,0,0,0,0,0,0,0,0,0,0,0,0,0,0,0,0,0,0,0,0,0,0,0,0
0,0,0,0,0,0,0,0,0,0,0,0,0,0,0,0,0.408248,0,0.408248,0,0,0,0,0,0.408248,0,0,0,0,0,0,0,0,0,0,0,0,0.408248,0,0,0,0,0,0,0,0.408248,0,0,0,0.408248
0,0,0,0,0,0,0,0,0,0,0,0,0,0,0,0,0,0,0,0,0,0,0,0,0,0,0,0,0,0,0,0,0,0,0,0,0,0,0,0,0,0,0,0,0,0,0,0,0,0
0,0,0,0,0,0,0,0,0,0,0,0,0,0,0,0,0,0,0,0,0,0,0,0,0,0,0,0,0,0,0,0,0,0,0,0,0,0,0,0,0,0,0,1,0,0,0,0,0,0
0,0,0,0,0,0,0,0,0,0,0.353553,0,0,0,0,0,0,0,0,0,0,0,0,0,0,0.353553,0,0,0,0,0,0,0,0,0,0,0,0,0.707107,0,0,0,0,0.353553,0,0,0,0,0,0.353553
0,0,0.816497,0,0.408248,0,0,0,0,0,0,0,0,0,0,0,0,0,0,0,0,0,0,0,0,0,0,0,0,0,0,0,0,0,0,0,0,0,0,0,0,0,0,0.408248,0,0,0,0,0,0
0,0,0,0,0,0,0,0,0,0,0,0,0,0,0,0,0,0,0,0,0,0,0,0,0,0,0,0,0,0,0,0,0,0,0,0,0,0,0,0,0,0,0,1,0,0,0,0,0,0
0,0.316228,0,0,0,0,0.632456,0,0,0.316228,0,0,0,0,0,0,0,0,0,0,0,0,0,0,0.316228,0,0,0,0,0,0,0,0,0,0,0,0,0,0,0,0,0,0,0,0,0,0,0.316228,0.316228,0.316228
0,0,0,0,0,0,0,0.5,0.5,0,0,0,0,0,0,0,0,0,0,0,0,0,0,0,0.5,0,0,0,0,0.5,0,0,0,0,0,0,0,0,0,0,0,0,0,0,0,0,0,0,0,0
0,0,0,0,0,0,0,0,0,0,0,0,0,0,0,0,0,0,0,0,0,0,0,0,0,0,0,0,0,0,0,0,0,0,0,0,0,0,0,0,0,0,0,0,0,0,0,0,0,0
0,0,0,0,0,0,0,0,0,0,0,0,0,0,0.377964,0,0,0,0,0,0,0,0,0,0,0,0,0,0,0,0,0,0,0,0,0,0,0,0.377964,0.377964,0,0,0.755929,0,0,0,0,0,0,0
0.288675,0,0.288675,0,0,0.57735,0,0,0,0,0,0,0,0,0,0,0.288675,0,0,0,0,0,0,0.288675,0,0,0.288675,0,0,0,0,0,0.288675,0,0,0.288675,0,0,0,0,0,0,0,0,0,0,0,0.288675,0,0
0,0,0.57735,0,0,0,0,0,0,0,0,0,0,0,0,0,0,0,0,0,0,0,0,0,0.57735,0,0,0,0,0,0.57735,0,0,0,0,0,0,0,0,0,0,0,0,0,0,0,0,0,0,0
0,0,0,0,0,0.353553,0,0,0,0,0,0,0,0,0,0,0.353553,0,0,0,0,0,0,0.353553,0.353553,0,0,0,0.353553,0,0,0,0,0,0.353553,0.353553,0,0,0,0,0.353553,0,0,0,0,0,0,0,0,0
0,0,0.57735,0,0,0,0,0,0,0,0,0,0,0,0,0,0,0,0,0.57735,0,0,0,0,0.57735,0,0,0,0,0,0,0,0,0,0,0,0,0,0,0,0,0,0,0,0,0,0,0,0,0
0,0,0,0.235702,0,0,0,0,0,0.235702,0,0,0.235702,0,0,0.235702,0,0,0.471405,0,0,0.235702,0,0,0,0,0,0.235702,0,0,0,0,0,0.235702,0,0,0.235702,0.235702,0,0.235702,0,0.235702,0,0.235702,0,0,0.235702,0.235702,0,0
0,0,0,0,0,0,0,0.258199,0,0.258199,0,0.258199,0,0,0,0,0,0.516398,0,0,0,0.258199,0,0,0,0,0,0,0,0,0,0,0,0.516398,0.258199,0,0,0,0,0,0,0,0,0,0,0,0,0.258199,0,0.258199
0,0,0,0,0,0,0,0,0,0,0,0,0,0,0,0,0.408248,0.816497,0,0,0,0,0,0,0.408248,0,0,0,0,0,0,0,0,0,0,0,0,0,0,0,0,0,0,0,0,0,0,0,0,0
0,0,0,0,0,0,0.377964,0,0,0,0,0.377964,0.377964,0,0,0,0,0.377964,0,0,0,0,0,0.377964,0,0,0,0,0,0,0,0,0,0,0,0.377964,0,0,0,0,0,0,0,0,0,0,0,0.377964,0,0
0,0,0,0,0,0,0,0,0.5,0,0,0,0,0,0,0,0,0,0,0,0,0,0,0,0.5,0,0,0,0,0,0,0,0,0,0,0,0,0,0,0,0.5,0,0.5,0,0,0,0,0,0,0
0,0,0,0,0,0.57735,0,0,0,0,0,0,0,0,0.57735,0,0,0,0,0,0,0,0,0,0,0,0,0,0,0,0,0,0,0,0,0,0,0,0,0,0.57735,0,0,0,0,0,0,0,0,0
0,0,0,0,0,0,0,0,0,0,0.57735,0,0,0,0,0,0,0,0,0,0,0,0,0,0,0,0.57735,0,0,0,0,0,0,0,0,0,0,0,0.57735,0,0,0,0,0,0,0,0,0,0,0
0.235702,0.235702,0.471405,0.235702,0,0,0.235702,0,0,0,0,0,0,0,0,0,0,0,0,0,0,0,0,0,0,0,0,0.471405,0,0,0,0,0,0,0,0.235702,0.235702,0,0.235702,0.235702,0,0,0,0,0,0,0,0.235702,0.235702,0
0,0.5,0,0,0,0,0,0,0,0,0,0,0,0,0,0,0,0.5,0,0,0,0,0,0,0,0,0.5,0,0,0,0,0,0,0,0,0,0.5,0,0,0,0,0,0,0,0,0,0,0,0,0
0.426401,0,0,0,0,0.213201,0,0.213201,0,0,0,0,0,0.213201,0,0,0,0.213201,0.213201,0,0,0,0.213201,0,0.426401,0,0,0,0,0.213201,0,0,0,0,0.213201,0,0,0.213201,0,0,0.213201,0,0,0.213201,0,0,0,0.213201,0.213201,0.213201
0,0,0,0,0.353553,0,0,0,0,0,0,0,0,0,0,0,0,0.353553,0,0,0.353553,0,0,0.353553,0,0,0,0,0,0,0,0,0,0,0.707107,0,0,0,0,0,0,0,0,0,0,0,0,0,0,0
0,0,0.218218,0.218218,0,0.436436,0.218218,0,0,0,0,0,0,0,0,0.218218,0,0,0,0.218218,0,0,0.218218,0.218218,0,0,0,0,0,0,0,0,0,0.218218,0,0,0,0,0.218218,0,0.218218,0.436436,0,0,0,0,0.218218,0.218218,0,0.218218
0,0,0,0,0,0.4,0,0,0,0.2,0.2,0.2,0.2,0.2,0,0,0.2,0,0,0.2,0,0,0.2,0,0,0,0,0,0.2,0,0,0.2,0,0,0.4,0,0,0.4,0.2,0,0,0,0.2,0,0,0,0,0,0,0.2
0,0,0,0,0,0,0,0.333333,0,0,0,0,0.666667,0.333333,0,0,0,0,0.333333,0,0,0,0,0,0,0,0,0.333333,0,0,0,0,0,0,0,0,0.333333,0,0,0,0,0,0,0,0,0,0,0,0,0
0,0,0,0,0,0,0,0.188982,0,0.188982,0,0,0,0.188982,0,0.188982,0,0,0,0,0,0,0,0,0,0.188982,0.188982,0,0,0,0.188982,0,0.188982,0,0,0,0.188982,0.188982,0,0,0.377964,0,0.188982,0,0.377964,0,0.566947,0,0,0
0,0,0.816497,0,0,0,0,0,0,0,0,0,0,0,0,0,0,0,0,0,0,0,0,0,0,0,0,0,0,0.408248,0,0,0,0,0,0,0,0,0,0,0,0,0.408248,0,0,0,0,0,0,0
0,0,0,0,0,0,0,0,0.377964,0,0.377964,0,0,0.755929,0,0,0,0,0,0,0,0,0,0,0,0.377964,0,0,0,0,0,0,0,0,0,0,0,0,0,0,0,0,0,0,0,0,0,0,0,0
0,0,0,0,0,0,0,0,0.632456,0,0,0,0,0.316228,0,0,0,0,0,0,0,0,0,0,0,0.632456,0,0,0,0,0,0,0,0,0,0,0,0.316228,0,0,0,0,0,0,0,0,0,0,0,0
0,0,0,0,0,0,0,0,0,0,0,0,0,0,0,0,0,0,0,0.447214,0,0,0,0.447214,0,0,0.447214,0,0,0,0,0,0,0,0,0,0.447214,0,0,0,0,0,0,0,0,0,0.447214,0,0,0
0,0,0.301511,0,0,0,0,0.301511,0,0,0.301511,0,0.603023,0,0,0,0,0,0,0,0,0,0,0,0,0,0,0.301511,0,0,0,0,0,0,0,0,0,0.301511,0.301511,0.301511,0,0,0,0,0,0,0,0,0,0
0,0,0,0,0,0,0,0,0,0,0,0,0,0,0,0,0,0,0,0,0,0,0,0,0,0.707107,0,0,0,0,0,0,0,0,0,0,0,0,0,0.707107,0,0,0,0,0,0,0,0,0,0
0,0,0,0,0,0,0,0,0,0,0,0,0,0,0,0,0,0,0,0,0,0,0,0,0,0,0,0,0,0,0,0,0,0,0,0,0,0,0,0,0,0,0,0,0,0,0,0,0,0
0,0,0,0,0,0.27735,0,0,0,0,0,0,0,0,0.27735,0,0.27735,0,0.5547,0,0.27735,0,0.27735,0.5547,0,0,0,0,0,0,0,0,0,0,0,0,0,0,0,0,0,0,0,0,0,0,0,0,0,0
0,0,0,0,0,0,0,0,0,0,0,0,0.707107,0,0,0,0,0,0,0,0,0,0,0,0,0,0,0,0,0,0,0.707107,0,0,0,0,0,0,0,0,0,0,0,0,0,0,0,0,0,0
0,0,0,0,0,0,0.447214,0,0,0,0,0,0.447214,0,0.447214,0,0,0,0,0,0,0,0,0,0,0,0,0.447214,0.447214,0,0,0,0,0,0,0,0,0,0,0,0,0,0,0,0,0,0,0,0,0
0,0,0,0.57735,0,0,0,0,0,0,0,0,0,0,0,0,0,0,0,0,0,0,0,0,0,0.57735,0,0,0,0,0,0,0,0,0.57735,0,0,0,0,0,0,0,0,0,0,0,0,0,0,0
0,0,0,0,0,0,0,0,0,0,0,0,0,0,0,0,0,0,0,0,0,0,0,0,1,0,0,0,0,0,0,0,0,0,0,0,0,0,0,0,0,0,0,0,0,0,0,0,0,0
0.447214,0,0,0,0,0,0,0,0,0,0,0,0,0,0,0.447214,0,0,0,0,0,0,0,0,0,0,0,0,0,0,0,0,0.447214,0.447214,0,0,0,0,0,0,0,0,0,0,0,0,0,0,0,0.447214
0,0,0,0,0,0,0,0,0,0,0,0,0,0,0,0,0,0,0,0,0,0,1,0,0,0,0,0,0,0,0,0,0,0,0,0,0,0,0,0,0,0,0,0,0,0,0,0,0,0
0,0,0,0,0,0,0,0,0,0,0,0,0,0,0,0,0,0,0,0,0,0,0,0,0,0,0,0,0,0,0,0,0,0,0,0,0,0,0,0,0,0,0,0,0.707107,0,0,0,0.707107,0
0,0,0,0,0,0,0,0,0,0,0,0,0,0,0,0,0,0,0,0,0,0,0,0.707107,0,0,0,0,0,0,0,0,0,0,0,0.707107,0,0,0,0,0,0,0,0,0,0,0,0,0,0
0,0,0,0,0,0,0,0,0,0,0,0,0,0,0,0,0,0,0,0,0,0,0,0,0,0,0,0,0,0,0,0,0,0,0,0,0,0,0,0,0,0,0,0,0,0,0,0,0,0
0,0,0,0,0,0,0,0,0,0,0,0,0,0,0,0,0,0,0,0,0,0,0,1,0,0,0,0,0,0,0,0,0,0,0,0,0,0,0,0,0,0,0,0,0,0,0,0,0,0
0,0,0,0,0,0,0,0,0,0,0,0,0,1,0,0,0,0,0,0,0,0,0,0,0,0,0,0,0,0,0,0,0,0,0,0,0,0,0,0,0,0,0,0,0,0,0,0,0,0
0,0,0,0,0,0,0,0,0,0,0,0,0,0,0,0,0,0.707107,0.707107,0,0,0,0,0,0,0,0,0,0,0,0,0,0,0,0,0,0,0,0,0,0,0,0,0,0,0,0,0,0,0
0,0,0,0,0,0,0,0,0,0,0,0,0,0.333333,0,0.333333,0.333333,0,0.333333,0.333333,0,0,0,0,0,0.333333,0,0,0,0,0,0,0,0,0.333333,0,0,0.333333,0,0.333333,0,0,0,0,0,0,0,0,0,0
0,0.0985329,0.0985329,0,0.0985329,0,0.0985329,0,0,0,0,0,0.295599,0.0985329,0,0,0.0985329,0,0,0,0,0.0985329,0.0985329,0.0985329,0,0,0,0.197066,0,0.0985329,0.0985329,0.197066,0.394132,0.197066,0.0985329,0.197066,0,0,0.0985329,0,0.197066,0.0985329,0.197066,0,0.591198,0.197066,0,0,0,0
0,0,0,0,0,0,0,0,0,0,0,0,0.267261,0,0.267261,0,0,0,0,0.267261,0,0,0.267261,0,0,0,0,0,0,0.534522,0.267261,0,0,0,0,0,0,0,0,0.267261,0,0,0.534522,0,0,0,0,0,0,0
0,0,0,0,0.408248,0,0,0,0,0,0,0,0,0,0,0,0,0,0,0,0,0,0,0,0,0,0,0,0,0,0.408248,0,0,0.408248,0.408248,0,0,0,0,0,0.408248,0,0,0,0.408248,0,0,0,0,0
0,0,0,0,0,0,0,0,0,0,0,0,0,0,0,0,0,0.447214,0.447214,0,0,0,0,0,0,0,0,0,0,0.447214,0,0,0,0,0,0,0,0,0.447214,0,0,0,0.447214,0,0,0,0,0,0,0
0,0,0,0,0.377964,0,0,0,0,0,0,0,0,0,0,0,0,0,0,0,0,0,0,0,0,0,0,0,0,0,0,0,0,0,0,0,0,0.755929,0,0,0,0,0.377964,0,0,0,0,0,0,0.377964
0,0,0,0,0,0.5547,0,0,0,0,0,0.27735,0,0,0.27735,0,0,0,0,0,0,0,0.27735,0,0,0,0,0,0,0,0,0.27735,0,0,0,0,0,0.27735,0,0,0,0,0.27735,0,0.27735,0,0,0.27735,0.27735,0
0,0.301511,0,0,0,0,0,0,0,0,0.301511,0.301511,0,0,0,0,0,0,0,0,0,0,0.603023,0,0,0,0,0,0,0,0,0.301511,0,0,0,0,0,0.301511,0.301511,0,0,0,0,0,0.301511,0,0,0,0,0
0,0,0,0,0,0,0,0,0,0,0,0,0,0,0.707107,0,0,0,0,0,0,0,0,0,0,0,0,0,0,0,0,0,0,0,0.707107,0,0,0,0,0,0,0,0,0,0,0,0,0,0,0
0,0,0.57735,0,0,0,0,0,0,0.57735,0.57735,0,0,0,0,0,0,0,0,0,0,0,0,0,0,0,0,0,0,0,0,0,0,0,0,0,0,0,0,0,0,0,0,0,0,0,0,0,0,0
0,0,0,0,0,0,0,0,0.408248,0,0,0,0,0,0,0,0,0,0,0,0,0,0.408248,0,0,0,0,0,0,0,0,0,0,0,0,0,0,0,0,0.816497,0,0,0,0,0,0,0,0,0,0
0,0,0,0,0,0,0,0,0,0,0,0,0,0,0,0,0,0,0,0,0,0,0,0,0,0,0,0,0,0,0,0,0,0,0,0,0,0,0,0,0,0,0,0,1,0,0,0,0,0
0,0,0,0,0,0,0,0,0,0,0,0,0.333333,0.333333,0.333333,0,0,0,0,0,0,0,0,0,0,0,0,0.666667,0,0,0,0,0,0,0,0.333333,0,0,0,0,0,0,0.333333,0,0,0,0,0,0,0
0,0,0,0,0,0,0.57735,0,0,0,0,0,0,0,0,0,0,0,0,0,0,0,0,0,0,0,0.57735,0,0,0,0,0,0,0,0,0,0,0,0,0,0,0.57735,0,0,0,0,0,0,0,0
0,0,0,0,0,0,0,0,0,0,0,0,0,0,0,0,0,0,0,0,0,0,0,0,0,0,0,0,0,0,0,0,0,0,0,0,0,0,0,0,0,0,0,0,0,0,0,0,0,0
0,0,0,0,0,0,0,0,0,0,0,0,0,0,0,0,0,0,0.408248,0,0,0,0.408248,0,0.816497,0,0,0,0,0,0,0,0,0,0,0,0,0,0,0,0,0,0,0,0,0,0,0,0,0
0,0,0,0,0,0,0,0,0,0,0,0,0,0,0,0,0,0,0,0.447214,0,0,0.447214,0,0,0,0.447214,0,0,0,0,0,0,0,0,0,0,0,0,0,0,0,0,0,0,0,0.447214,0,0,0.447214
0,0,0,0,0,0,0,0.447214,0,0,0,0,0,0,0,0,0,0,0.447214,0,0,0,0,0,0,0,0,0.447214,0,0,0,0,0,0,0,0,0,0,0,0,0,0,0.447214,0,0,0,0,0.447214,0,0
0.408248,0.408248,0,0,0,0,0,0,0.816497,0,0,0,0,0,0,0,0,0,0,0,0,0,0,0,0,0,0,0,0,0,0,0,0,0,0,0,0,0,0,0,0,0,0,0,0,0,0,0,0,0
0,0,0,0,0,0,0,0,0,0,0,0,0,0,0,0,0,0,0,0,0,0,0,0,0,0,0,0,0,0,0,0,0,0,0,0,0,0,0,0,0,0,0,0,0,0,0,0,0,0
0.707107,0,0,0,0,0,0,0,0,0,0,0,0,0,0,0,0,0,0,0,0,0,0,0,0,0,0,0,0,0,0,0,0,0,0,0,0,0,0,0,0,0,0,0,0,0,0,0,0,0.707107
0,0,0,0,0,0,0,0,0,0,0,0,0,0,0,0,0,0,0,0,0,0,0,0,0,0,0,0,0,0,0,0,0,0,0,0,0,0,0,0,0,0,0,0,0,0,0,0,0,0
0,0,0,0,0,0,0,0,0,0.447214,0,0.447214,0,0,0.447214,0,0,0,0,0,0,0,0.447214,0,0,0,0,0,0,0.447214,0,0,0,0,0,0,0,0,0,0,0,0,0,0,0,0,0,0,0,0
0,0,0,0,0,0,0,0,0,0,0,0,1,0,0,0,0,0,0,0,0,0,0,0,0,0,0,0,0,0,0,0,0,0,0,0,0,0,0,0,0,0,0,0,0,0,0,0,0,0
0,0,0,0,0,0,0,0,0,0,0,0,0,0,0,0,0,0,0,0,0,0,0,0,0,0,0,0,0,0,0,0,0,0,0,0,0,0,0,0,0,0,0,0,0,0,0,0,0,0
0,0,0,0,0,0,0,0,0,0.707107,0,0.707107,0,0,0,0,0,0,0,0,0,0,0,0,0,0,0,0,0,0,0,0,0,0,0,0,0,0,0,0,0,0,0,0,0,0,0,0,0,0
0,0,0,0,0,0,0,0,0,0,0,0,0,0,0,0,0,0,0,0,0,0,0,0,0,0,0,0,0,0,0,0,0,0,0,0,0,0,0,0,0,0,0,0,0,0,0,0,0,0
0,0,0,0,0,0,0,0,0,0,0,0,0,0,0,0,0,0,0,0,0,0,0,0,0,0,0,0,0,0,0,0,0,0,0,0,0,0,0,0,0,0,0,0,0,0,0,0,0,0
0,0,0,0,0,0,0,0,0,0,0,0,0,0,0,0,0,0,0,0,0,0,0,0,0,0,0,0,0,0,0,0,0,0,0,0,0,0,0,0,0,0,0,0,0,0,0,0,0,0
0,0,0,0,0,0,0,0,0,0,0,0,0,0,0,0,0,0,0,0,0,0,0,0,0,0,0,0,0,0,0,0,0,0,0,0,0,0,0,0,0,0,0,0,0,0,0,0,0,0
0,0,0,0,0,0.707107,0,0,0,0,0,0,0,0,0,0,0,0,0,0,0,0,0,0,0,0,0,0,0,0,0,0.707107,0,0,0,0,0,0,0,0,0,0,0,0,0,0,0,0,0,0
0,0,0,0,0,0,0,0,0,0,0,0,0,0,0,0,0,0,0,0,0,0,0,0,1,0,0,0,0,0,0,0,0,0,0,0,0,0,0,0,0,0,0,0,0,0,0,0,0,0
0,0,0,0,0,0,0,0,0,0,0.5,0,0,0,0,0,0,0,0,0,0,0,0.5,0,0,0,0,0,0,0,0,0,0,0,0,0,0,0,0,0,0,0,0,0.5,0,0,0,0,0.5,0
0,0,0,0,0,0,0,0,0,0,0,0,0,0,0,0,0,0,0,0,0,0,0,0,0,0,0,0,0,0,0,0,0,0,0,0,0,0,0,0,0,0,0,0,0,0,0,0,0,0
0,0,0,0,0,0,0,0,0,0,0,0.353553,0,0,0,0,0.353553,0,0,0,0,0.353553,0,0,0,0,0,0,0,0,0,0,0.707107,0.353553,0,0,0,0,0,0,0,0,0,0,0,0,0,0,0,0
0,0,0,0,0,0,0,0,0,0,0,0,0,0,0,0,0,0,0,0,0,0,0,0,0,0,0,0,0,0,0,0,0,0,0,0,0,0,0,0,0,0,0,0,0,0,0,0,0,0
0,0,0,0,0,0,0,0,0,0,0,0,0,0,0,0,0,0,0,0,0,0,0,0,0,0,0,0,0,0,0,0,0,0,0,0,0,0,0,0,0,0,0,0,0,0,0,0,0,0
0,0,0,0,0,0,0,0,0,0,0,0,0,0,0,0,0,0,0,0,0,0,0,0,0,0,0,0,0,0,0,0,0,0,0,0,0,0,0,0,0,0,0,0,0,0,0,0,0,0
0,0,0,0,0,0,0,0,0.707107,0,0,0,0,0,0,0,0,0,0,0,0,0,0,0,0,0,0,0,0,0,0,0,0,0,0,0,0,0,0,0,0,0.707107,0,0,0,0,0,0,0,0
0,0,0,0,0,0,0,0,0,0,0,0,0,0,0,0,0,0,0,0,0,0,0,0,0,0,0,1,0,0,0,0,0,0,0,0,0,0,0,0,0,0,0,0,0,0,0,0,0,0
0,0,0,0,0,0,0,0.377964,0,0,0,0,0,0,0,0,0,0,0,0,0.377964,0.377964,0,0,0,0,0,0,0,0,0,0,0,0,0,0,0,0,0,0,0,0,0,0,0,0,0,0,0.755929,0
0,0,0,0,0,0,0,0,0,0.5,0,0.5,0,0,0,0,0,0,0,0,0,0,0,0,0,0,0,0,0,0,0,0,0,0,0,0,0,0,0,0,0,0,0.5,0,0,0,0,0,0.5,0
0,0,0,0,0,0,0,0,0,0,0,0,0,0,0,0,0,0,0,0,0,0,0,0,0,0,0,0,0,0,0,0,0,0,0,0,0,0,0,0.707107,0,0.707107,0,0,0,0,0,0,0,0
0,0,0,0,0,0,0,0,0.5,0,0,0,0,0,0.5,0,0,0,0,0,0,0,0,0,0,0,0,0,0,0.5,0,0,0,0,0,0,0,0,0,0.5,0,0,0,0,0,0,0,0,0,0
0,0,0,0,0,0,0,0,0,0,0,0,0,0,0,0,0,0,0,0,0,0,0,0,0,0,0,0,0,0,0,0,0,0,0,0,0,0,0,0,0,0,0,0,0,0,0,0,0,0
0,0,0,0,0,0,0,0,0,0.755929,0,0.377964,0,0,0,0.377964,0.377964,0,0,0,0,0,0,0,0,0,0,0,0,0,0,0,0,0,0,0,0,0,0,0,0,0,0,0,0,0,0,0,0,0
0,0,0,0,0,0,0,0,0,0,0,0,0,0,0,0,0,0,0,0,0,0,0,0,0,0,0,0,0,0,0,0,0,0,0,0,0,0,0,0,0,0,0,0,0,0,0,0,0,0
0,0,0,0,0,0,0,0,0,0,0,0,0,0,0.353553,0,0,0,0,0,0,0,0,0,0,0,0,0,0.353553,0,0,0,0,0,0,0,0,0,0,0,0.353553,0,0,0.707107,0,0,0,0.353553,0,0
0.333333,0,0,0,0,0.333333,0,0,0,0,0,0,0,0,0,0,0,0,0,0,0,0,0,0,0,0,0,0.333333,0,0,0,0,0.666667,0.333333,0,0,0,0,0,0,0,0,0.333333,0,0,0,0,0,0,0
0,0,0,0,0.188982,0,0,0,0,0.188982,0.188982,0.188982,0.188982,0,0,0.188982,0,0,0,0,0,0,0,0,0,0.188982,0,0.377964,0,0.188982,0,0,0,0.188982,0,0,0.188982,0,0.188982,0,0,0,0.188982,0.188982,0.188982,0,0.566947,0,0,0.188982
0,0,0.447214,0,0,0,0,0,0.447214,0,0,0,0,0.447214,0,0,0,0,0,0,0,0,0.447214,0,0,0,0,0,0,0,0,0,0,0,0,0,0,0,0,0,0,0,0.447214,0,0,0,0,0,0,0
0,0,0.5,0,0,0,0,0,0,0,0,0,0,0.5,0,0,0,0,0,0,0,0,0.5,0,0.5,0,0,0,0,0,0,0,0,0,0,0,0,0,0,0,0,0,0,0,0,0,0,0,0,0
0,0,0,0,0.196116,0,0,0.196116,0.196116,0.196116,0,0,0,0,0,0,0,0,0.196116,0,0,0.196116,0,0,0,0,0,0.392232,0,0,0.196116,0.588348,0,0.196116,0,0.196116,0,0,0.196116,0.196116,0,0.196116,0,0,0.196116,0,0,0,0,0
0,0,0,0,0,0,0,0,0,0,0,0,0,0,0,0,0,0,0,0,0,0,0,0.5,0,0,0,0,0,0,0,0,0,0,0,0,0,0,0,0,0,0,0,0,0,0.5,0.5,0,0.5,0
0,0,0,0,0,0.707107,0,0,0,0,0,0,0,0,0,0,0,0,0,0.707107,0,0,0,0,0,0,0,0,0,0,0,0,0,0,0,0,0,0,0,0,0,0,0,0,0,0,0,0,0,0
0,0,0,0.150756,0.150756,0.301511,0.150756,0,0.150756,0.150756,0,0,0,0.150756,0,0.301511,0,0.150756,0.150756,0.150756,0,0,0,0,0,0,0,0.150756,0,0,0.150756,0.150756,0.150756,0,0,0,0,0,0,0,0.150756,0,0,0,0.603023,0,0,0.150756,0.150756,0.301511
0,0,0,0,0,0,0,0,0,0,0,0,0,0,0,0,0,0,0,0,0,0,0,0,0,0,0,0,0,0,0,0,0,0,0,0,0,0,0,0,0,0,0,0,0,0,0,0,0,0
0,0,0,0,0,0,0,0,0,0,0,0,0,0,0,0,0,0,0,0,0,0,0,0,0,0,0,0,0,0,0,0,0,0,0,0,0,0,0,0,0,0,0,0,0,0,0,0,0,0
0,0,0,0,0,0,0,0,0,0,0,0,0.57735,0,0,0,0,0.57735,0,0,0,0,0,0,0,0,0,0,0,0,0.57735,0,0,0,0,0,0,0,0,0,0,0,0,0,0,0,0,0,0,0
0,0,0,0,0,0,0,0,0,0,0,0,0,0,0,0,0,0.5,0,0,0,0,0,0,0,0,0.5,0,0,0,0.5,0,0.5,0,0,0,0,0,0,0,0,0,0,0,0,0,0,0,0,0
0,0,0,0,0,0,0,0,0.408248,0,0,0,0,0,0,0,0.408248,0.408248,0,0,0,0,0,0,0,0,0.408248,0,0,0,0,0,0,0,0,0,0,0,0,0.408248,0,0,0,0,0,0.408248,0,0,0,0
0,0,0,0.164399,0,0.164399,0.328798,0,0.328798,0,0,0,0,0,0,0.164399,0.164399,0,0.328798,0,0.164399,0.328798,0,0,0,0,0,0,0.328798,0,0,0,0,0.164399,0.164399,0.164399,0.164399,0,0,0,0.164399,0.164399,0.164399,0,0.328798,0,0,0,0,0.164399
0,0.196116,0,0,0,0,0,0.588348,0,0,0.196116,0,0,0,0,0,0,0.196116,0,0,0,0,0,0,0,0.392232,0,0,0,0.196116,0,0,0.196116,0,0,0,0,0,0.392232,0.196116,0.196116,0,0,0.196116,0.196116,0,0,0,0,0
0,0,0,0,0,0,0,0.632456,0,0,0,0,0,0,0,0,0.316228,0,0,0,0,0,0,0,0,0,0.316228,0,0,0,0,0,0.316228,0.316228,0.316228,0,0,0,0,0,0,0,0,0,0,0,0.316228,0,0,0
0,0,0,0,0,0,0,0,0,0,0,0,0,0,0,0,0.447214,0,0.447214,0,0,0,0,0,0,0,0.447214,0,0,0,0.447214,0,0,0,0,0,0,0,0.447214,0,0,0,0,0,0,0,0,0,0,0
0,0,0.57735,0,0,0,0,0,0,0,0,0,0,0,0,0,0,0,0,0,0,0,0.57735,0,0.57735,0,0,0,0,0,0,0,0,0,0,0,0,0,0,0,0,0,0,0,0,0,0,0,0,0
0,0,0,0,0,0,0,0,0,0,0,0,0,0,0,0,0,0,0,0,0,0,0,0,0,0,0,0,0,0,0,0,0,0,0,0,0,0,0,0,0,0,0,0,0,0,0,0,0,0
0,0,0.258199,0,0,0.258199,0,0,0,0,0,0,0,0,0.258199,0,0,0,0,0.258199,0,0,0.516398,0,0,0,0,0.258199,0,0,0,0,0,0,0,0.258199,0,0,0,0,0,0.516398,0,0,0.258199,0,0,0,0,0
0,0.471405,0,0,0,0,0,0,0,0,0,0.235702,0,0.235702,0.235702,0.235702,0,0.471405,0,0,0.235702,0.235702,0,0,0,0,0,0,0,0,0,0.235702,0,0,0,0,0,0.235702,0,0,0,0,0,0,0,0.235702,0.235702,0,0,0
0,0.727607,0.242536,0,0,0,0.242536,0,0,0,0.242536,0,0,0,0,0,0,0,0.242536,0,0.242536,0,0,0,0,0.242536,0,0.242536,0,0,0,0,0,0,0,0,0,0,0,0,0,0,0,0,0,0,0.242536,0,0,0
0,0,0,0,0,0,0,0.25,0.25,0.25,0,0.25,0,0,0,0.5,0,0.25,0.25,0,0,0.25,0,0,0.25,0,0,0,0,0,0.25,0,0,0,0,0.25,0,0,0,0,0.25,0,0,0,0,0,0.25,0,0,0
0,0,0,0.57735,0,0,0,0,0,0,0,0,0,0,0,0,0,0,0,0,0,0,0,0,0,0,0,0,0,0.57735,0,0,0,0,0,0,0,0,0,0.57735,0,0,0,0,0,0,0,0,0,0
0,0,0,0,0,0.301511,0,0,0,0.603023,0.301511,0,0,0,0,0.603023,0,0,0,0,0,0,0,0,0,0,0,0,0,0,0,0,0,0,0,0,0,0,0,0,0,0,0,0.301511,0,0,0,0,0,0
0,0,0,0,0,0,0,0,0,0,0,0,0,0,0,0,0,0,0,0,0,0,0,0,0,0,0,0,0,0,0.707107,0,0.707107,0,0,0,0,0,0,0,0,0,0,0,0,0,0,0,0,0
0,0,0,0.288675,0,0,0.288675,0.57735,0,0,0,0,0,0,0,0,0,0,0.288675,0,0,0,0,0,0,0,0,0.288675,0,0,0,0,0,0,0,0,0,0,0,0,0.288675,0,0.288675,0,0,0,0.288675,0.288675,0,0
0,0,0,0,0,0,0,0,0,0,0,0,0,0,0,0,0.447214,0,0,0,0,0,0,0,0,0,0,0,0,0,0,0,0,0,0,0,0,0,0,0,0,0,0.447214,0,0,0,0,0.447214,0.447214,0.447214
0.57735,0,0,0,0.57735,0,0,0,0,0,0,0,0,0,0,0,0,0,0,0,0,0,0,0,0,0,0,0,0,0,0,0,0,0,0,0,0,0,0,0,0,0,0,0,0,0.57735,0,0,0,0
0,0,0,0,0,0,0,0,0,0,0,0,0,0,0,0,0,0,0,0,0,0,1,0,0,0,0,0,0,0,0,0,0,0,0,0,0,0,0,0,0,0,0,0,0,0,0,0,0,0
0.316228,0.316228,0,0,0,0,0,0,0,0,0,0,0,0,0,0,0,0.632456,0.316228,0,0,0.316228,0,0,0,0,0,0,0,0,0,0,0.316228,0,0,0,0,0,0,0,0,0,0,0,0.316228,0,0,0,0,0
0,0,0,0,0,0.333333,0,0,0.333333,0,0,0,0,0,0,0,0,0,0,0.333333,0,0,0,0,0,0,0,0,0,0.333333,0.666667,0,0,0,0,0,0,0,0,0,0.333333,0,0,0,0,0,0,0,0,0
0,0,0,0,0,0,0,0,0,0,0,0,0,0,0,0,0,0,0.5,0,0.25,0.25,0,0.25,0,0,0,0,0,0,0,0,0.25,0,0.25,0,0,0.25,0,0.5,0,0.25,0,0,0,0,0,0,0.25,0
0,0,0,0,0.301511,0,0,0,0.301511,0,0,0,0,0.301511,0,0,0,0,0,0.301511,0.301511,0,0,0.301511,0.301511,0,0,0,0,0,0.301511,0,0,0,0.301511,0,0,0,0,0,0,0,0.301511,0,0,0.301511,0,0,0,0
0,0.204124,0.204124,0,0,0.204124,0.612372,0,0,0.204124,0,0,0,0,0,0,0.204124,0,0,0,0,0,0,0,0.204124,0.204124,0,0,0.204124,0,0,0,0,0,0.204124,0,0.408248,0,0,0,0,0.204124,0,0,0,0.204124,0,0,0,0
0,0,0,0,0,0.447214,0,0,0,0,0,0,0,0,0,0,0,0,0,0,0,0,0.447214,0,0,0,0,0,0,0.447214,0,0,0.447214,0,0,0,0,0,0,0,0,0,0,0,0.447214,0,0,0,0,0
0,0,0,0,0,0,0,0,0,0,0,0,0,0,0,0,0,0,0,0,0,0,0,0,1,0,0,0,0,0,0,0,0,0,0,0,0,0,0,0,0,0,0,0,0,0,0,0,0,0
0.316228,0,0,0,0.316228,0,0.316228,0.316228,0,0,0,0,0,0.316228,0,0,0,0,0,0,0.316228,0,0,0,0,0,0,0,0,0.316228,0,0,0,0,0,0,0,0.316228,0,0,0,0,0,0.316228,0,0,0,0.316228,0,0
0,0,0,0,0,0,0,0,0,0,0,0.408248,0,0,0,0,0.408248,0,0,0,0.408248,0,0,0,0,0,0,0,0,0,0.408248,0,0,0,0,0,0,0,0.408248,0,0,0,0,0,0,0,0,0,0,0.408248
0,0,0,0,0,0.267261,0,0,0.267261,0,0,0,0,0,0,0,0,0,0,0,0,0,0,0.267261,0.267261,0.267261,0,0.267261,0,0.267261,0,0,0,0,0,0,0,0.267261,0,0.267261,0,0,0.267261,0,0,0,0.534522,0,0,0
0,0,0,0,0,0,0,0,0,0,0,0,0,0,0,0,0.377964,0.755929,0,0,0,0,0,0,0,0,0,0,0,0.377964,0,0,0,0,0,0,0,0,0,0,0,0,0,0,0,0,0,0.377964,0,0
0,0.5,0,0,0.5,0,0,0,0,0,0,0,0,0,0,0,0,0,0,0,0,0,0,0.5,0,0,0,0,0,0,0,0,0,0,0,0,0,0,0,0,0,0,0,0,0,0,0,0,0,0.5
0,0.218218,0,0,0.218218,0.218218,0,0,0,0,0,0,0,0,0,0,0,0.218218,0,0,0,0.218218,0,0,0,0,0,0,0,0,0,0.436436,0,0,0.218218,0,0,0,0,0,0,0,0,0.218218,0,0,0,0,0.218218,0.654654
0.288675,0,0,0.288675,0.288675,0,0,0,0,0,0,0,0,0,0,0.288675,0,0.288675,0,0,0,0,0,0,0,0,0,0,0,0,0,0,0,0,0,0,0,0.57735,0,0,0,0.288675,0,0,0.288675,0,0,0.288675,0,0
0,0,0,0,0,0,0,0,0,0.447214,0,0,0,0,0,0,0,0,0.447214,0.447214,0,0,0,0,0.447214,0,0.447214,0,0,0,0,0,0,0,0,0,0,0,0,0,0,0,0,0,0,0,0,0,0,0
0,0,0,0,0,0,0,0.447214,0,0,0,0,0.447214,0,0,0.447214,0,0,0,0,0,0,0,0,0.447214,0,0,0,0,0,0,0,0,0,0,0,0,0,0,0,0,0,0,0,0,0,0,0,0.447214,0
0,0,0,0,0,0,0,0,0,0,0,0,0,0,0,0,0,0,0,0,0,0,0,0,0,0,0,0,0,0,0,0,0,0,0,0,0,0,0,0,0,0,0,0,0,0,0,0,0,0
0,0,0,0,0,0,0,0.196116,0.196116,0,0,0,0,0,0,0.196116,0,0,0,0,0,0,0,0,0,0.196116,0,0.392232,0,0,0.196116,0.196116,0,0.196116,0,0,0.196116,0,0,0.392232,0.196116,0,0.392232,0,0.392232,0,0,0,0,0.196116
0,0,0.534522,0.267261,0,0,0,0,0,0,0,0,0,0.267261,0,0,0,0,0,0.267261,0,0,0.267261,0,0,0.267261,0,0.267261,0,0.267261,0,0,0.267261,0,0,0.267261,0,0,0,0.267261,0,0,0,0,0,0,0,0,0,0
0,0,1,0,0,0,0,0,0,0,0,0,0,0,0,0,0,0,0,0,0,0,0,0,0,0,0,0,0,0,0,0,0,0,0,0,0,0,0,0,0,0,0,0,0,0,0,0,0,0
0,0,0,0,0,0,0,0,0,0,0.5,0,0,0,0,0,0.5,0,0,0,0,0,0,0,0,0,0.5,0,0,0,0,0,0,0,0,0,0,0,0,0,0,0,0,0,0,0.5,0,0,0,0
0,0,0.447214,0,0,0,0,0,0,0.447214,0.447214,0,0,0,0,0,0,0,0,0,0,0,0,0.447214,0,0,0,0,0,0,0,0,0,0,0,0,0,0.447214,0,0,0,0,0,0,0,0,0,0,0,0
0.25,0,0,0,0,0.25,0.5,0,0.25,0,0,0,0,0,0,0,0.5,0,0.25,0,0,0,0,0.25,0,0,0,0,0,0,0,0.25,0,0,0,0,0.25,0,0,0,0,0,0,0,0,0,0,0,0.25,0
0,0,0.707107,0,0,0.353553,0,0,0,0,0,0,0,0,0,0,0,0,0,0,0,0,0.353553,0,0.353553,0,0,0,0,0,0,0,0,0,0,0,0,0,0,0,0,0,0.353553,0,0,0,0,0,0,0
0,0,0,0,0,0,0.242536,0,0,0,0,0.242536,0,0,0,0,0.242536,0,0.242536,0,0.242536,0,0.242536,0,0,0.485071,0,0,0.242536,0,0.485071,0,0,0,0,0,0.242536,0,0,0.242536,0,0,0,0,0,0,0,0,0,0
0,0,0.333333,0,0,0,0,0,0,0,0,0,0,0,0,0,0.333333,0,0,0.666667,0,0,0,0,0,0,0,0.333333,0,0.333333,0,0,0,0,0,0,0,0,0,0,0.333333,0,0,0,0,0,0,0,0,0
0,0,0.447214,0,0,0,0,0,0,0,0.447214,0,0,0,0,0,0,0,0,0,0,0,0.447214,0,0,0,0,0,0,0,0,0,0,0,0,0,0,0,0,0,0,0.447214,0,0.447214,0,0,0,0,0,0
0,0,0,0,0,0,0,0,0,0,0,0,0,0.707107,0,0,0,0,0,0,0,0,0,0,0,0,0,0,0,0.707107,0,0,0,0,0,0,0,0,0,0,0,0,0,0,0,0,0,0,0,0
0.156174,0,0,0,0,0.156174,0,0,0,0.312348,0,0.156174,0,0,0,0,0,0,0.156174,0,0.468521,0.624695,0,0.156174,0,0,0,0,0,0,0.312348,0,0.156174,0,0,0.156174,0,0,0,0.156174,0,0,0,0,0,0,0,0,0,0
0,0,0,0,0.301511,0.301511,0,0,0,0,0,0.301511,0,0,0,0,0,0,0,0,0,0,0,0.301511,0,0,0,0,0,0,0,0,0,0.301511,0,0.301511,0,0,0,0,0,0,0,0,0,0.301511,0,0.603023,0,0
0,0,0,0,0,0,0,0,0,0,0,0,0,0,0,0,0,0.377964,0,0,0,0,0,0,0.377964,0,0,0,0,0.377964,0,0,0,0,0,0,0,0,0,0,0,0,0,0,0,0,0,0.755929,0,0
0,0,0,0,0,0,0,0,0,0,0,0,0,0,0,0,0,0,1,0,0,0,0,0,0,0,0,0,0,0,0,0,0,0,0,0,0,0,0,0,0,0,0,0,0,0,0,0,0,0
0,0,0,0,0,0,0,0,0,0,0,0,0,0,0,0,0,0,0,0,0,0,0.57735,0,0,0,0.57735,0,0,0,0,0,0,0,0,0,0,0,0,0.57735,0,0,0,0,0,0,0,0,0,0
0,0,0,0,0,0,0,0.5,0,0,0,0,0,0,0,0,0,0,0.5,0,0,0,0,0,0,0,0,0,0,0.5,0,0,0,0,0,0,0,0,0,0,0,0,0,0,0,0.5,0,0,0,0
0,0,0,0,0,0,0.301511,0,0,0,0,0.301511,0,0,0.301511,0,0,0,0,0,0,0,0,0,0,0,0,0.603023,0,0.301511,0.301511,0,0,0,0.301511,0,0,0,0,0,0,0,0,0,0,0,0,0,0,0.301511
0,0,0,0,0,0,0.288675,0,0,0.288675,0,0,0,0.288675,0,0,0,0,0,0,0,0,0,0,0.288675,0.288675,0,0,0,0,0.288675,0,0,0,0,0,0,0,0,0.288675,0,0.57735,0,0,0,0,0,0.288675,0,0
0,0,0,0,0,0,0,0,0,0,0,0,0,0,0,0,0,0,0,0,0,0,0,0,0,0,1,0,0,0,0,0,0,0,0,0,0,0,0,0,0,0,0,0,0,0,0,0,0,0
0.316228,0,0,0.316228,0,0,0,0,0,0,0,0.632456,0,0,0,0,0,0,0,0,0,0,0,0.316228,0,0,0,0,0,0,0,0,0,0,0,0,0,0,0,0.316228,0,0,0.316228,0,0,0,0.316228,0,0,0
0,0,0,0,0,0,0,0,0,0,0.447214,0,0,0,0,0,0,0,0,0,0,0,0,0,0.447214,0,0,0,0,0.447214,0.447214,0,0,0,0,0,0,0,0,0,0,0,0,0.447214,0,0,0,0,0,0
0,0,0,0,0,0,0,0,0,0,0,0,0,0,0,0,0,0,0,0,0,0,0,0,0,0,0,0,0,0,0,0,0,0,0,0,0,0,0,0,0,0,0,0,0,0,0,0,0,0
0,0,0,0,0,0,0,0,0,0.57735,0,0.57735,0,0,0,0,0,0,0,0,0,0,0,0,0,0,0,0,0,0,0,0,0,0,0,0,0,0,0,0,0,0,0,0,0.57735,0,0,0,0,0
0,0,0,0,0,0,0,0,0,0,0,1,0,0,0,0,0,0,0,0,0,0,0,0,0,0,0,0,0,0,0,0,0,0,0,0,0,0,0,0,0,0,0,0,0,0,0,0,0,0
0,0.333333,0.333333,0.333333,0,0,0,0,0,0,0,0,0,0,0,0.333333,0.333333,0,0,0,0,0,0,0,0,0.333333,0,0,0,0,0.333333,0.333333,0,0,0,0,0,0,0,0,0,0,0,0,0,0,0.333333,0,0,0
0.223607,0.223607,0,0,0,0,0,0.223607,0.223607,0,0,0,0,0,0,0,0.223607,0,0,0,0,0,0,0.223607,0.223607,0,0,0,0,0,0.223607,0.223607,0.223607,0.223607,0,0,0.223607,0.223607,0,0,0.223607,0,0.223607,0,0,0.223607,0,0.447214,0,0
0,0,0,0,0,0,0,0,0.218218,0.218218,0,0,0.218218,0,0,0,0.218218,0,0.436436,0,0,0,0,0,0,0,0.218218,0,0,0,0,0,0.218218,0,0.436436,0,0,0.218218,0,0.218218,0,0,0,0,0.436436,0,0,0,0,0.218218
0,0,0,0,0,0,0,0,0,0,0,0,0,0,0,0,0,0,0.377964,0,0,0.377964,0,0.755929,0,0,0,0,0,0,0,0,0,0,0,0,0,0,0,0,0,0,0,0,0,0,0,0,0.377964,0
0,0,0,0,0,0,0,0,0,0,0,0,0,0,0,0,0,0,0,0,0,0,0,0,0,0,0,0,0,0,0,0,0,0,0,0,0,0,0,0,0,0,0,0,0,0,0,0,0,0
0,0,0.57735,0.288675,0,0.288675,0,0.288675,0,0,0,0,0,0.288675,0,0,0,0,0,0,0.288675,0,0,0.288675,0,0,0,0,0,0,0,0,0,0,0,0,0,0,0,0,0,0,0,0,0.288675,0.288675,0,0,0,0
0,0,0.316228,0.632456,0,0,0,0,0,0,0,0,0,0,0,0,0,0.316228,0,0,0,0.316228,0,0,0,0,0,0,0,0,0,0,0,0.316228,0,0,0,0,0,0,0,0,0,0,0.316228,0,0,0,0.316228,0
0,0.27735,0,0,0,0,0,0,0,0.27735,0,0.27735,0,0.27735,0,0,0,0.27735,0,0,0,0.27735,0,0,0,0.27735,0.27735,0,0,0,0.27735,0.27735,0,0,0.27735,0,0,0,0,0.27735,0,0,0,0,0.27735,0,0,0,0,0
0,0,0,0,0,0,0,0,0.301511,0,0,0,0,0,0,0,0,0.301511,0.301511,0.301511,0,0,0,0.301511,0.301511,0,0,0.301511,0.301511,0.301511,0,0,0,0,0,0,0,0,0.301511,0,0,0,0.301511,0,0,0,0,0,0,0
0,0,0.5,0,0,0,0,0,0,0,0,0,0,0,0,0,0,0,0,0,0,0,0,0,0,0,0,0.5,0,0,0,0,0,0,0,0,0,0,0,0.5,0,0,0.5,0,0,0,0,0,0,0
0,0,0,0.185695,0,0,0,0,0,0,0,0,0.371391,0.371391,0,0,0,0.371391,0,0,0,0,0,0.185695,0,0,0,0.185695,0,0,0.185695,0.185695,0.185695,0.185695,0.185695,0,0,0,0,0,0.185695,0,0.185695,0.371391,0.185695,0,0.185695,0.185695,0,0
