0.104828,0.314485,0.209657,0,0,0,0.104828,0,0.104828,0.104828,0,0.104828,0.314485,0,0,0.104828,0.209657,0,0.209657,0.104828,0.209657,0.104828,0,0.104828,0.104828,0.104828,0,0,0.104828,0,0,0.104828,0.209657,0.104828,0.104828,0,0,0.104828,0.209657,0.314485,0.104828,0,0,0.104828,0.104828,0.104828,0.104828,0.104828,0.314485,0.314485
0,0.17609,0,0,0,0,0,0,0.17609,0,0,0.0880451,0,0,0.264135,0.35218,0.0880451,0.17609,0.0880451,0.17609,0,0.264135,0.0880451,0.17609,0,0,0,0,0,0.17609,0,0.0880451,0.0880451,0,0.0880451,0,0.440225,0.264135,0.0880451,0,0.0880451,0.17609,0.0880451,0.0880451,0.17609,0.35218,0,0,0.0880451,0.0880451
0.154765,0,0.0773823,0.386912,0.0773823,0,0.386912,0.0773823,0,0.0773823,0,0,0,0,0.0773823,0.0773823,0.309529,0.232147,0,0.386912,0.0773823,0.154765,0.0773823,0,0.232147,0.309529,0.0773823,0.0773823,0,0.154765,0.0773823,0,0.0773823,0,0.154765,0,0,0,0.154765,0.154765,0,0.0773823,0,0.0773823,0,0,0,0,0,0.154765
0,0.140372,0.0701862,0.350931,0,0,0.0701862,0,0.210559,0,0.0701862,0.0701862,0.56149,0.0701862,0.210559,0.0701862,0.0701862,0.280745,0.280745,0.210559,0.0701862,0.140372,0,0.0701862,0,0.0701862,0,0.0701862,0.0701862,0.280745,0.0701862,0.0701862,0.210559,0.0701862,0.0701862,0.0701862,0,0.0701862,0,0,0,0,0.0701862,0,0.0701862,0,0,0,0.0701862,0.0701862
0,0,0.262613,0.525226,0,0,0,0,0.131306,0.262613,0.131306,0,0.393919,0.131306,0,0,0,0.131306,0.262613,0,0,0.393919,0,0,0,0,0,0,0.131306,0,0,0,0,0,0,0.131306,0,0,0,0,0,0,0.262613,0,0.131306,0.131306,0,0,0,0
0.196116,0,0,0.0980581,0,0.0980581,0.196116,0,0.0980581,0.196116,0,0,0.392232,0.0980581,0,0.196116,0.0980581,0.0980581,0.196116,0,0,0.294174,0,0.196116,0.0980581,0,0,0.196116,0.196116,0.294174,0.196116,0.294174,0,0.0980581,0.0980581,0,0,0.0980581,0,0.0980581,0,0,0.196116,0,0,0.294174,0,0,0,0.0980581
0,0,0,0,0,0,0,0.19245,0.19245,0.19245,0,0,0.3849,0,0,0,0,0,0.19245,0.3849,0,0,0,0,0,0,0.19245,0,0,0.19245,0,0.19245,0,0,0,0,0.19245,0,0,0,0,0,0,0.19245,0,0,0.19245,0,0,0.57735
0.176777,0,0,0,0.176777,0,0.176777,0,0,0.176777,0.353553,0,0,0,0,0.176777,0.176777,0,0,0.176777,0,0.353553,0,0,0,0,0,0,0,0.176777,0,0.176777,0,0,0,0,0.176777,0,0,0.176777,0.353553,0,0,0.353553,0.176777,0.353553,0,0,0,0
0.0857493,0,0.171499,0.171499,0,0.171499,0.257248,0,0.0857493,0.171499,0.0857493,0.171499,0,0,0.0857493,0.0857493,0.257248,0.342997,0,0.171499,0,0.342997,0.171499,0,0.0857493,0.0857493,0,0.171499,0,0.0857493,0.0857493,0,0.0857493,0.171499,0.171499,0,0,0.342997,0.171499,0.257248,0,0,0,0,0.0857493,0,0.0857493,0.0857493,0.171499,0
0,0,0.204124,0,0.408248,0.204124,0,0,0,0,0,0,0.204124,0,0,0,0,0.204124,0,0,0,0,0,0,0.408248,0,0,0.204124,0,0,0,0,0,0,0,0.204124,0,0,0,0.204124,0,0,0,0,0,0,0.612372,0,0,0
0,0,0,0.5,0.125,0.125,0,0,0,0,0,0.25,0.125,0,0.25,0.125,0.125,0.25,0,0,0,0.25,0,0.25,0.125,0,0.125,0,0.125,0,0,0.125,0,0,0.25,0.125,0,0.375,0.125,0.125,0,0,0.125,0,0.125,0,0,0,0.125,0
0,0,0.2,0.2,0.2,0.4,0.2,0,0.2,0,0.2,0,0.4,0,0,0,0,0,0,0,0,0,0.4,0,0,0.2,0,0,0,0,0,0,0,0,0,0,0.2,0,0,0,0,0,0,0,0,0.4,0,0,0,0.2
0.0912871,0,0.182574,0.182574,0.182574,0,0.0912871,0,0.273861,0,0.182574,0.0912871,0.273861,0.365148,0,0,0.273861,0.0912871,0.0912871,0.182574,0.182574,0.182574,0.0912871,0.182574,0,0,0,0.0912871,0,0,0,0,0,0,0.182574,0,0.273861,0,0,0,0.365148,0,0.0912871,0.182574,0.0912871,0.0912871,0.0912871,0,0,0.0912871
0,0,0,0,0,0.218218,0,0,0.218218,0,0,0,0.654654,0,0,0,0,0,0.436436,0,0.218218,0,0,0,0.218218,0.218218,0,0,0,0,0,0,0,0,0,0,0,0,0,0.218218,0,0.218218,0,0,0.218218,0,0,0,0,0
0.242536,0,0.242536,0,0.242536,0,0.485071,0,0,0,0,0,0,0,0,0,0,0,0,0,0.242536,0,0,0.242536,0,0,0.242536,0.242536,0,0.242536,0,0,0.242536,0,0,0,0,0,0,0,0,0.242536,0.242536,0,0.242536,0,0,0,0.242536,0
0,0.111111,0.111111,0,0,0,0.111111,0.333333,0,0,0,0.111111,0.111111,0.111111,0,0.222222,0.111111,0.111111,0.111111,0,0,0.555556,0,0,0,0,0.111111,0.111111,0,0.111111,0.111111,0,0,0,0.333333,0.111111,0,0.111111,0,0.111111,0,0,0.111111,0,0,0.444444,0.111111,0,0,0
0.0860663,0.172133,0.258199,0,0.0860663,0.172133,0.0860663,0.0860663,0.172133,0,0,0,0.430331,0.0860663,0,0,0.0860663,0.0860663,0.258199,0.0860663,0.0860663,0,0.172133,0,0.344265,0,0.0860663,0.0860663,0.0860663,0.0860663,0,0.258199,0.172133,0.172133,0.0860663,0,0.0860663,0.0860663,0.0860663,0.0860663,0.0860663,0.0860663,0,0.258199,0,0.172133,0,0.0860663,0,0.258199
0.112509,0,0,0.112509,0,0,0.450035,0.112509,0.112509,0,0.225018,0.112509,0.225018,0,0.112509,0.112509,0,0.225018,0,0.112509,0.112509,0.225018,0.337526,0.112509,0,0,0,0.225018,0,0.112509,0,0,0.112509,0.112509,0.225018,0.112509,0.112509,0.337526,0,0,0,0,0.112509,0,0,0.225018,0,0,0.112509,0
0.0949158,0.0949158,0.284747,0.0949158,0.0949158,0.189832,0,0,0.0949158,0.284747,0.189832,0,0.284747,0.0949158,0.0949158,0.0949158,0.0949158,0,0,0.189832,0,0,0.189832,0,0.189832,0.0949158,0.284747,0,0.284747,0,0,0.284747,0,0.0949158,0.0949158,0,0.0949158,0.189832,0,0,0.189832,0.0949158,0,0.189832,0.0949158,0.284747,0,0,0,0.0949158
0.15523,0,0.232845,0.232845,0,0.15523,0.15523,0,0.15523,0.232845,0.0776151,0.0776151,0.31046,0,0,0.15523,0.0776151,0.0776151,0.388075,0.232845,0.232845,0.15523,0,0,0.232845,0,0,0.15523,0.0776151,0,0.0776151,0,0,0.0776151,0,0,0,0.15523,0.232845,0.0776151,0,0,0,0,0.15523,0.31046,0.0776151,0,0,0.0776151
0,0,0,0.393919,0.262613,0.131306,0,0,0.131306,0,0,0.131306,0.131306,0,0,0,0,0.131306,0.525226,0.262613,0,0,0,0,0,0.131306,0.131306,0.131306,0,0,0.131306,0,0,0.131306,0.131306,0,0,0.131306,0,0.131306,0.131306,0.131306,0.131306,0,0.131306,0.131306,0.131306,0.262613,0.131306,0.131306
0,0.154303,0,0.154303,0.154303,0.154303,0,0,0,0,0,0,0.617213,0,0,0,0.46291,0,0.154303,0.154303,0,0,0,0,0,0.154303,0.154303,0,0.154303,0.154303,0,0.154303,0,0,0,0,0,0,0,0,0,0.154303,0,0,0,0.308607,0,0,0,0.154303
0.208514,0.208514,0,0.208514,0.208514,0,0.208514,0,0,0,0,0,0.208514,0,0,0,0,0,0,0,0,0.208514,0,0.208514,0.208514,0,0,0,0,0.417029,0,0.208514,0.208514,0.208514,0,0.417029,0.208514,0,0,0.208514,0,0,0,0,0,0,0,0,0,0.208514
0,0.344124,0,0.229416,0,0.344124,0,0,0.114708,0.229416,0,0,0,0.229416,0.114708,0,0.344124,0.114708,0,0.114708,0,0,0,0.114708,0,0.114708,0.229416,0.344124,0,0.114708,0,0,0.114708,0.344124,0.114708,0,0.114708,0,0,0,0,0.114708,0,0,0,0.229416,0,0,0,0
0.103142,0,0.103142,0.103142,0.103142,0.309426,0,0,0.412568,0.103142,0.103142,0.103142,0.309426,0,0,0.103142,0,0,0.103142,0.309426,0,0.103142,0,0.103142,0,0,0.103142,0,0,0.103142,0,0.412568,0.206284,0.103142,0.103142,0,0.103142,0.103142,0,0.103142,0.103142,0.103142,0,0.103142,0,0,0,0,0.103142,0.309426
0,0.514496,0,0.171499,0,0,0,0,0,0,0,0,0.171499,0,0.342997,0,0.171499,0,0,0.171499,0.171499,0,0,0,0,0.342997,0,0,0.171499,0,0,0.171499,0,0,0,0,0.171499,0,0.171499,0,0,0.171499,0.342997,0,0.171499,0.171499,0,0,0,0.171499
0.458831,0.229416,0.229416,0.114708,0,0.458831,0,0,0,0.114708,0,0,0.114708,0.344124,0.114708,0,0,0.114708,0.229416,0.114708,0,0.114708,0,0,0,0.114708,0,0.229416,0.114708,0.114708,0,0,0.114708,0,0.114708,0.114708,0.114708,0.114708,0,0.114708,0,0,0,0.114708,0.114708,0.114708,0,0,0,0
0,0,0.2,0.2,0,0,0.2,0.2,0,0,0,0,0,0,0,0.2,0,0,0,0,0,0.4,0,0,0.2,0,0,0,0,0.6,0,0.2,0,0.2,0,0,0,0,0,0,0,0,0.2,0,0.2,0,0.2,0,0.2,0
0.0631194,0.189358,0,0.126239,0.126239,0,0.126239,0,0.189358,0.126239,0.126239,0.0631194,0.504956,0.252478,0,0.0631194,0.126239,0.0631194,0.315597,0.0631194,0.0631194,0.126239,0.189358,0.0631194,0.0631194,0.0631194,0.189358,0.126239,0.0631194,0.252478,0,0.126239,0,0,0.0631194,0,0.126239,0.126239,0.126239,0.126239,0,0.126239,0,0.0631194,0,0,0,0.0631194,0,0.315597
0.213201,0,0.426401,0.426401,0,0,0.213201,0,0,0,0.213201,0,0,0,0,0,0.213201,0,0,0.213201,0,0,0,0,0,0.213201,0.213201,0,0,0,0,0,0,0,0.426401,0,0,0,0,0,0,0.213201,0,0,0.213201,0.213201,0,0,0,0
0,0.0771517,0.154303,0.0771517,0.154303,0,0.46291,0,0.0771517,0.154303,0.231455,0.231455,0.308607,0.154303,0.0771517,0.0771517,0.154303,0.0771517,0.231455,0.0771517,0.308607,0,0.154303,0,0.0771517,0.0771517,0,0.154303,0.231455,0.0771517,0,0.0771517,0.0771517,0.154303,0.0771517,0,0,0.154303,0,0.0771517,0.0771517,0.0771517,0.0771517,0.0771517,0,0.154303,0.0771517,0,0.0771517,0.154303
0,0,0,0.258199,0,0,0,0,0,0.258199,0,0,0,0,0,0.258199,0,0.258199,0,0,0,0,0,0,0,0,0,0.258199,0.258199,0,0,0,0,0,0.258199,0,0,0,0,0,0,0,0,0,0,0.516398,0,0,0,0.516398
0,0,0,0.0745356,0.0745356,0.0745356,0.149071,0,0.0745356,0,0.149071,0,0.298142,0.149071,0.149071,0,0.298142,0.223607,0.372678,0,0.149071,0.149071,0,0.223607,0.149071,0.0745356,0.149071,0.149071,0,0.298142,0,0,0,0.149071,0.0745356,0,0.223607,0.0745356,0,0,0,0.0745356,0.0745356,0,0.0745356,0.372678,0.0745356,0,0.149071,0
0.160128,0,0,0,0,0.160128,0,0,0,0,0.160128,0,0,0,0,0,0.160128,0,0,0,0,0,0,0.320256,0,0,0,0,0.320256,0,0.160128,0,0.640513,0,0.160128,0,0,0,0,0,0,0,0,0,0.320256,0,0.160128,0,0.320256,0
0.242536,0.242536,0,0.242536,0.242536,0,0,0,0,0,0.242536,0,0,0.242536,0,0,0,0,0,0.485071,0,0.242536,0,0,0,0,0.242536,0,0,0.242536,0,0.242536,0,0.242536,0,0,0,0,0,0,0,0,0,0,0,0.242536,0,0,0,0.242536
0,0,0,0,0,0,0,0,0,0,0,0,0,0,0.408248,0,0,0,0.408248,0.408248,0,0,0,0,0,0,0.408248,0,0,0,0,0.408248,0,0,0,0,0,0,0,0,0,0,0,0,0,0,0,0,0.408248,0
0,0,0,0,0,0,0,0,0,0,0,0,0,0,0.408248,0,0,0,0,0.408248,0,0,0,0,0,0,0,0,0,0,0.408248,0,0,0,0,0.408248,0,0,0,0,0,0,0,0,0,0,0.408248,0,0.408248,0
0,0,0,0,0,0.131306,0.262613,0,0,0.262613,0,0.131306,0,0.131306,0.262613,0,0,0.131306,0,0.262613,0,0.262613,0.131306,0.131306,0.131306,0,0.262613,0,0,0.393919,0,0,0,0.131306,0,0,0,0.131306,0,0,0,0.262613,0.131306,0,0,0.393919,0,0.131306,0,0.131306
0,0,0,0,0.285714,0,0.285714,0,0.428571,0.285714,0,0,0,0.142857,0.142857,0,0.142857,0,0.285714,0.285714,0,0,0.285714,0,0.142857,0.142857,0,0.142857,0.285714,0,0,0,0,0.142857,0.142857,0.142857,0,0.142857,0,0,0,0,0,0,0.142857,0,0.142857,0,0,0
0,0.25,0.25,0,0.25,0,0.25,0,0.25,0.25,0,0,0,0,0,0,0.25,0,0,0,0,0,0,0,0,0.25,0,0.25,0,0,0,0,0.5,0,0,0,0,0,0,0,0,0.25,0,0,0.25,0,0.25,0,0,0
0,0,0,0,0.204124,0,0.204124,0,0,0,0,0,0,0,0,0,0,0,0.204124,0,0,0.204124,0,0,0,0.204124,0.204124,0,0.612372,0,0,0.204124,0,0,0.204124,0,0,0,0,0,0,0.204124,0.204124,0,0,0.408248,0,0,0,0.204124
0.223607,0,0,0,0.447214,0,0,0,0,0,0,0,0.223607,0,0,0,0,0,0,0,0,0,0,0,0,0,0.223607,0.447214,0,0,0,0,0,0,0.67082,0,0,0,0,0,0,0,0,0,0,0,0,0,0,0
0.0898027,0,0.0898027,0.0898027,0.0898027,0.0898027,0.0898027,0,0.0898027,0,0.0898027,0,0,0.269408,0.0898027,0,0,0.269408,0.0898027,0.179605,0.179605,0.269408,0,0,0.179605,0.179605,0,0.179605,0,0.449013,0.0898027,0.0898027,0.0898027,0.0898027,0,0,0.0898027,0,0,0.0898027,0,0,0,0.269408,0,0.449013,0,0.0898027,0,0.0898027
0.073721,0,0,0.147442,0.073721,0.147442,0.221163,0,0.221163,0,0.073721,0.147442,0.147442,0.147442,0,0.073721,0.147442,0.294884,0.368605,0.147442,0.073721,0,0,0.147442,0,0.073721,0.073721,0.073721,0.147442,0.221163,0.073721,0.073721,0,0.147442,0.221163,0.073721,0.147442,0.073721,0.073721,0.073721,0.073721,0.147442,0.221163,0.147442,0,0.294884,0.073721,0.147442,0.073721,0.221163
0.117851,0.0589256,0.117851,0.117851,0.0589256,0.0589256,0.176777,0.0589256,0.0589256,0.0589256,0.117851,0.0589256,0.353553,0.176777,0.0589256,0,0.117851,0.294628,0.412479,0.0589256,0.0589256,0.176777,0.117851,0.0589256,0,0.0589256,0.176777,0,0.0589256,0.0589256,0.0589256,0.235702,0.0589256,0.176777,0.0589256,0.117851,0.235702,0,0.117851,0.117851,0.117851,0.117851,0.117851,0.117851,0.0589256,0.0589256,0.294628,0.117851,0.0589256,0
0.0449013,0.404112,0.0449013,0.179605,0,0.134704,0.269408,0.179605,0.224507,0,0.269408,0.179605,0,0.224507,0.0449013,0.0449013,0.0449013,0.179605,0.0449013,0,0.0898027,0.179605,0,0.0898027,0.0449013,0.0898027,0.134704,0.0898027,0.134704,0.134704,0.0898027,0.224507,0.0449013,0.269408,0.134704,0,0.179605,0.0449013,0.0449013,0.0449013,0.0898027,0,0.0898027,0.224507,0,0.134704,0.134704,0.0898027,0.0898027,0.0449013
0.0909091,0.0909091,0,0.181818,0,0.181818,0.363636,0,0.0909091,0.0909091,0.363636,0.272727,0.272727,0.181818,0.0909091,0,0.272727,0,0.181818,0.0909091,0.0909091,0.0909091,0.0909091,0.0909091,0.181818,0.0909091,0,0,0.0909091,0.181818,0.0909091,0.0909091,0.0909091,0,0,0,0,0.0909091,0.181818,0.0909091,0.0909091,0.0909091,0.0909091,0.0909091,0.0909091,0.272727,0.0909091,0,0.0909091,0.0909091
0.086711,0.173422,0,0.173422,0,0.173422,0.173422,0.173422,0.173422,0.086711,0.346844,0.086711,0.173422,0.260133,0.173422,0.086711,0.173422,0,0.086711,0.173422,0,0.086711,0.173422,0.086711,0.173422,0.086711,0.086711,0,0.260133,0.173422,0,0,0.173422,0.086711,0,0,0,0.173422,0,0,0.260133,0.086711,0.086711,0,0,0.346844,0.086711,0.086711,0,0
0,0,0,0,0.316228,0,0,0,0,0,0,0,0,0,0,0,0,0,0,0,0.316228,0,0,0,0,0,0,0,0,0.316228,0,0,0,0,0,0.632456,0.316228,0,0,0,0,0,0.316228,0,0,0.316228,0,0,0,0
0.118678,0.118678,0.118678,0.118678,0,0,0.118678,0,0,0.118678,0,0,0.118678,0,0.118678,0,0,0.118678,0.118678,0,0,0.356034,0,0,0.118678,0.118678,0,0.118678,0.356034,0.356034,0.118678,0,0.118678,0.118678,0.118678,0,0.118678,0,0,0.118678,0.118678,0.356034,0.237356,0,0,0.118678,0,0.356034,0.118678,0
0,0,0,0,0.316228,0,0,0,0,0.316228,0,0,0,0,0,0.316228,0,0.316228,0,0,0.316228,0,0,0,0,0,0,0,0,0,0,0,0.316228,0,0,0.316228,0,0,0,0,0,0,0,0,0.316228,0.316228,0.316228,0,0,0
0,0,0,0.242536,0.242536,0,0,0,0,0,0,0,0.242536,0,0,0,0.242536,0,0,0.242536,0,0,0,0,0.242536,0,0,0.242536,0,0.485071,0,0,0,0,0,0.485071,0,0,0,0,0,0,0,0,0,0,0.242536,0,0,0.242536
0,0,0,0.468521,0,0,0,0.156174,0,0.156174,0,0.156174,0,0.312348,0,0.156174,0.156174,0,0,0,0,0,0,0,0.156174,0.156174,0,0,0.156174,0.312348,0,0,0.156174,0.156174,0.156174,0.312348,0,0.156174,0,0,0.156174,0,0.312348,0,0.156174,0.156174,0,0,0,0.156174
0.258199,0,0,0.258199,0,0,0,0,0,0.258199,0,0,0,0,0.258199,0.258199,0,0,0.258199,0,0,0,0.258199,0,0.258199,0.258199,0,0,0,0,0,0.258199,0,0,0,0.516398,0,0,0,0,0,0,0,0,0,0.258199,0,0,0,0
0,0,0,0,0.301511,0,0,0,0,0,0,0,0.603023,0,0,0,0,0,0.301511,0,0,0,0,0.301511,0,0,0,0,0,0,0,0,0,0,0,0.301511,0,0,0,0,0,0.301511,0.301511,0,0.301511,0,0,0,0,0
0.185695,0.185695,0,0,0,0.185695,0,0.185695,0,0,0,0,0,0,0,0,0,0,0,0,0,0,0,0.185695,0,0.185695,0,0,0,0,0,0.371391,0,0,0,0,0.185695,0,0.185695,0,0.185695,0,0.185695,0,0,0.185695,0,0.185695,0.371391,0.557086
0,0.185695,0,0,0,0,0,0.185695,0,0,0.185695,0,0.185695,0,0,0,0,0,0,0,0,0,0.185695,0,0,0,0,0,0,0,0,0.185695,0,0,0.185695,0,0,0,0,0,0,0,0.557086,0,0,0.371391,0.557086,0,0,0
0,0,0.377964,0,0,0,0,0,0.377964,0.377964,0,0,0,0,0,0,0,0,0,0.377964,0,0,0,0,0,0.377964,0,0,0,0,0,0.377964,0,0,0,0,0,0,0.377964,0,0,0,0,0,0,0,0,0,0,0
0,0.2,0.2,0.2,0.2,0,0,0,0,0,0,0,0,0.2,0.2,0,0,0,0,0,0,0.2,0.2,0,0.2,0,0.2,0,0.4,0.4,0,0,0.2,0,0,0,0,0,0,0,0,0.4,0,0.2,0,0.2,0,0,0,0
0,0.316228,0,0,0,0,0,0,0,0,0,0,0,0,0.316228,0.316228,0.316228,0.158114,0,0.158114,0.158114,0,0,0,0.316228,0.158114,0.158114,0.158114,0,0.316228,0.158114,0.158114,0,0,0,0.158114,0,0.158114,0,0.158114,0.158114,0.158114,0,0.158114,0.158114,0,0,0,0.158114,0
0,0,0,0.125,0.125,0,0.375,0,0,0,0,0.125,0.25,0,0,0,0.375,0,0.125,0.25,0.25,0,0.375,0,0.25,0.125,0,0.125,0.25,0,0.125,0,0,0,0.125,0,0.25,0.125,0,0.125,0,0.125,0,0,0,0,0.125,0,0,0.125
0,0.101535,0.101535,0,0.101535,0.203069,0.203069,0.101535,0,0.101535,0.203069,0,0.304604,0.101535,0.203069,0.101535,0,0.101535,0,0.101535,0.203069,0.203069,0,0.101535,0,0.203069,0.101535,0.101535,0.203069,0.203069,0.203069,0.304604,0.203069,0.203069,0.101535,0,0.101535,0,0,0.101535,0,0.101535,0,0.101535,0.101535,0,0,0.203069,0,0.304604
0,0.353553,0,0,0,0,0,0,0.176777,0,0,0,0.176777,0.176777,0.176777,0,0,0,0.176777,0,0,0,0.176777,0.176777,0,0.176777,0,0,0.53033,0,0.176777,0.353553,0,0,0.353553,0,0,0,0,0,0,0,0,0,0.176777,0.176777,0,0,0,0
0,0,0,0,0,0,0,0,0,0,0,0,0,0,0,0,0,0,0,0,0,0,0,0,0,0,0,0,0,0,0,1,0,0,0,0,0,0,0,0,0,0,0,0,0,0,0,0,0,0
0,0,0,0.258199,0,0,0,0,0,0.516398,0,0,0,0,0,0,0,0,0,0,0,0.258199,0,0,0,0,0,0.516398,0,0.258199,0,0.258199,0,0,0,0,0,0,0,0,0,0,0.258199,0,0,0.258199,0,0,0.258199,0
0,0,0.235702,0,0,0,0,0,0.235702,0,0.235702,0,0.235702,0,0,0.235702,0.235702,0,0,0,0,0.235702,0,0,0.235702,0,0,0.235702,0,0.235702,0,0,0,0,0,0.235702,0,0.235702,0,0,0.235702,0.235702,0.235702,0,0.235702,0.235702,0,0,0,0.235702
0,0,0.666667,0,0,0,0,0,0,0,0,0,0,0,0,0,0,0,0.333333,0,0,0.333333,0,0,0,0,0,0,0,0,0,0,0,0,0,0.333333,0,0,0,0,0,0,0.333333,0,0,0,0,0,0,0.333333
0,0,0,0,0,0,0,0,0.301511,0,0,0.301511,0,0,0,0,0,0.603023,0,0.301511,0,0.301511,0,0.301511,0,0,0,0,0,0.301511,0,0,0,0,0,0,0,0,0,0,0,0,0,0,0,0,0,0,0,0.301511
0,0,0,0,0.204124,0,0,0,0.204124,0.204124,0,0,0.204124,0,0,0,0,0.204124,0,0.204124,0.204124,0,0.408248,0,0.408248,0,0,0,0.204124,0,0,0,0,0.204124,0,0.204124,0,0.204124,0,0,0,0,0.204124,0,0,0.408248,0,0,0,0
0,0,0.117041,0.117041,0.117041,0.234082,0.117041,0,0,0.351123,0.117041,0.351123,0,0,0.117041,0,0,0.351123,0,0.117041,0,0.117041,0,0,0,0,0.117041,0.117041,0,0.234082,0.234082,0.117041,0,0.351123,0,0.234082,0,0,0,0.117041,0,0,0.117041,0.117041,0.117041,0.117041,0.117041,0,0.234082,0
0.124035,0.124035,0.372104,0.124035,0.124035,0.124035,0.248069,0,0,0,0,0.124035,0,0,0,0,0,0.124035,0.124035,0,0,0.372104,0,0,0.248069,0.248069,0.124035,0,0,0.248069,0,0.124035,0,0,0,0.248069,0,0,0,0,0.124035,0.124035,0.372104,0,0.124035,0.248069,0,0,0,0.124035
0,0,0,0,0.57735,0,0,0,0,0,0,0,0,0,0,0,0,0.57735,0,0,0,0,0,0,0,0,0,0,0,0,0,0,0,0,0,0,0,0,0,0,0,0,0,0,0,0.57735,0,0,0,0
0.316228,0,0,0.316228,0.632456,0,0,0,0,0,0,0,0,0,0,0,0.316228,0.316228,0,0,0,0,0,0,0.316228,0.316228,0,0,0,0,0,0,0,0,0,0,0,0,0,0,0,0,0,0,0,0,0,0,0,0
0,0,0,0.213201,0.213201,0,0.213201,0,0,0,0,0,0,0,0,0,0.426401,0,0,0,0.213201,0,0,0,0,0.426401,0,0.213201,0,0.213201,0,0.213201,0.426401,0,0.213201,0,0,0.213201,0,0,0,0,0,0,0,0,0,0.213201,0,0
0,0,0,0,0.188982,0,0.188982,0.188982,0,0.377964,0,0,0.188982,0.188982,0,0.188982,0.377964,0,0,0.188982,0,0,0,0.188982,0,0,0,0,0.188982,0,0.188982,0,0.188982,0,0.188982,0,0.188982,0,0,0,0,0,0.188982,0.188982,0,0,0,0,0.188982,0.377964
0,0,0,0.258199,0,0,0,0,0,0,0,0,0,0,0.258199,0,0,0,0,0,0.258199,0,0,0,0,0.516398,0.258199,0,0,0.258199,0.258199,0,0,0,0.258199,0,0,0.258199,0,0.258199,0,0,0,0.258199,0,0,0.258199,0,0,0
0.420084,0,0,0,0,0.280056,0,0.140028,0.140028,0,0,0.140028,0.140028,0.140028,0.280056,0,0,0,0.420084,0,0.140028,0.140028,0.140028,0.140028,0.140028,0.140028,0.140028,0,0,0,0,0,0.140028,0,0,0,0,0,0.140028,0,0,0.140028,0,0.140028,0.280056,0,0.140028,0,0,0.280056
0.0824786,0.164957,0.0824786,0,0,0.247436,0,0.0824786,0.0824786,0,0,0.164957,0.247436,0.247436,0,0,0,0,0.329914,0,0.329914,0.0824786,0,0.247436,0,0,0,0.0824786,0.164957,0.164957,0.164957,0.329914,0,0.164957,0.247436,0,0.0824786,0.0824786,0.164957,0.0824786,0,0.0824786,0.0824786,0,0.247436,0,0.0824786,0.164957,0,0.0824786
0.156174,0,0.156174,0,0,0,0,0,0,0,0,0,0.468521,0,0,0.156174,0,0,0.624695,0,0.156174,0,0,0,0,0,0,0,0,0,0,0.156174,0,0,0,0,0,0,0,0.156174,0,0,0,0,0,0,0,0.156174,0,0.468521
0,0,0,0,0,0,0,0,0,0,0,0,0,0,0,0,0.288675,0,0,0,0,0.288675,0,0,0.288675,0,0,0.288675,0,0,0,0.288675,0.288675,0,0.288675,0,0,0.57735,0,0,0,0,0,0,0,0,0,0,0.288675,0
0,0.213201,0,0,0.213201,0.213201,0,0,0,0.213201,0,0,0,0,0,0,0,0,0,0.213201,0,0.213201,0,0,0,0,0,0,0.426401,0.213201,0,0.426401,0.213201,0,0,0.213201,0,0,0.213201,0,0,0.213201,0,0,0.213201,0.213201,0,0,0,0.213201
0.181071,0.181071,0.271607,0,0.0905357,0.271607,0,0.181071,0.0905357,0.0905357,0,0,0.181071,0.0905357,0,0,0.0905357,0,0.0905357,0.0905357,0.0905357,0,0,0.0905357,0,0,0.0905357,0,0.181071,0.181071,0,0.0905357,0.0905357,0.271607,0,0.0905357,0.271607,0,0.271607,0,0.271607,0.181071,0,0.271607,0,0.181071,0.181071,0.0905357,0.271607,0
0,0.150756,0.150756,0,0,0,0,0,0,0.150756,0.150756,0,0.452267,0,0,0,0,0.150756,0,0.150756,0.150756,0,0,0.150756,0,0.452267,0,0.150756,0,0.150756,0,0,0.301511,0,0.150756,0,0,0,0,0,0.150756,0.150756,0,0,0,0,0,0,0,0.452267
0,0,0.127,0,0,0,0.127,0.127,0,0.254,0.127,0,0.381,0,0.127,0,0.127,0,0,0.254,0.127,0,0.127,0.254,0.127,0,0,0.127,0.127,0,0,0,0,0.381,0,0.254,0,0.254,0,0.127,0,0.127,0.254,0,0.127,0,0.254,0.127,0.127,0
0.176777,0.176777,0.353553,0.176777,0.176777,0,0.176777,0,0.176777,0,0.353553,0,0,0,0.176777,0,0,0.176777,0.176777,0,0,0.176777,0,0,0.176777,0,0,0,0,0,0,0,0,0,0,0.176777,0.176777,0.176777,0,0.176777,0.176777,0.176777,0,0.176777,0.353553,0.176777,0,0,0,0.176777
0.199363,0.239236,0.199363,0.15949,0,0.119618,0.0398726,0.119618,0.15949,0.119618,0.0398726,0.0797452,0.279108,0.0797452,0.0797452,0,0.0398726,0,0.15949,0.0398726,0.0797452,0,0.0797452,0.0797452,0,0.0797452,0.318981,0,0.0797452,0.0797452,0.0797452,0.15949,0,0.119618,0.0797452,0,0.15949,0.0797452,0.0398726,0.15949,0.279108,0.239236,0.0398726,0.15949,0.0398726,0.0797452,0.0797452,0.199363,0.119618,0.398726
0.169334,0.338667,0.0423334,0.0423334,0,0.169334,0.0846668,0.0846668,0,0.127,0.0846668,0.0423334,0.169334,0.0423334,0.0846668,0.0423334,0,0,0.211667,0.0846668,0.169334,0,0.0423334,0.169334,0,0.169334,0.254,0.211667,0.0423334,0.169334,0.0423334,0.338667,0.211667,0.0423334,0.0423334,0.0423334,0.0423334,0.0423334,0.0423334,0.0423334,0.211667,0.127,0.0846668,0.127,0.211667,0.0423334,0.0423334,0,0.211667,0.338667
0.140642,0.0468807,0.0937614,0.0937614,0,0.328165,0.140642,0.0937614,0.0937614,0.0937614,0,0.0937614,0.140642,0.140642,0.0468807,0.0468807,0.0468807,0.0468807,0.375046,0.0468807,0.234404,0.0468807,0.140642,0.0468807,0.0468807,0,0.375046,0,0.187523,0.0468807,0.0937614,0.234404,0.187523,0.140642,0.0937614,0.0468807,0.140642,0.0468807,0.140642,0.0468807,0.0937614,0.187523,0.0937614,0.140642,0.0937614,0.140642,0.187523,0.0937614,0.140642,0.0937614
0,0.1849,0.09245,0,0,0.27735,0.09245,0.09245,0.27735,0,0.09245,0.09245,0.1849,0,0.09245,0.1849,0,0,0.09245,0.1849,0.3698,0,0,0,0,0.3698,0.09245,0.09245,0.09245,0.27735,0,0.3698,0,0.09245,0.09245,0,0,0.09245,0,0,0.1849,0.1849,0.09245,0,0.09245,0,0.09245,0,0.09245,0.09245
0,0.426401,0,0,0.213201,0.213201,0.213201,0,0,0,0,0,0.426401,0,0,0,0,0,0.213201,0.426401,0,0,0,0,0,0,0.213201,0,0.213201,0,0,0.213201,0,0,0,0.213201,0,0,0,0,0,0,0.213201,0,0,0,0,0,0.213201,0
0,0,0,0,0,0,0,0,0.25,0,0,0,0,0,0,0,0,0.25,0.75,0,0,0,0,0,0,0.25,0,0,0,0,0,0,0,0,0,0.25,0,0,0,0,0,0.25,0,0,0,0.25,0,0,0.25,0
0,0,0,0,0,0,0,0,0,0,0,0,0,0,1,0,0,0,0,0,0,0,0,0,0,0,0,0,0,0,0,0,0,0,0,0,0,0,0,0,0,0,0,0,0,0,0,0,0,0
0,0,0,0,0.5,0,0,0,0,0,0,0,0,0,0,0,0,0,0,0,0,0,0,0,0,0,0,0,0,0,0,0,0,0,0,0.5,0,0,0,0,0,0,0.5,0,0,0.5,0,0,0,0
0,0,0,0,0,0,0.447214,0,0,0,0.447214,0,0,0,0,0,0,0,0,0,0,0,0,0,0,0.447214,0,0,0,0,0,0,0.447214,0.447214,0,0,0,0,0,0,0,0,0,0,0,0,0,0,0,0
0,0.426401,0,0,0,0,0,0,0.213201,0,0,0,0.213201,0,0,0,0.426401,0,0,0,0,0,0,0,0,0.213201,0,0,0,0,0,0,0,0,0.213201,0,0.213201,0,0,0,0.213201,0,0,0,0,0.213201,0.426401,0.213201,0.213201,0.213201
0.280056,0,0,0,0,0,0.140028,0.140028,0.140028,0.140028,0,0,0.420084,0.140028,0,0,0.280056,0,0.420084,0.140028,0.420084,0,0,0.140028,0,0,0.140028,0.140028,0,0.140028,0,0,0,0,0.140028,0,0,0,0,0.140028,0,0,0,0.140028,0,0.140028,0.140028,0,0,0.140028
0,0.324443,0.162221,0,0,0.162221,0,0.162221,0.162221,0,0.162221,0,0,0,0,0,0,0,0.486664,0.162221,0.162221,0,0,0.162221,0,0.162221,0.162221,0.324443,0,0,0,0,0.324443,0,0,0,0,0.162221,0,0,0,0,0,0,0.162221,0,0.162221,0,0,0.324443
0,0.196116,0.196116,0,0,0,0,0,0,0,0.196116,0,0.196116,0,0,0.392232,0,0,0,0.196116,0,0.392232,0,0.196116,0,0.196116,0,0.196116,0,0.196116,0,0.196116,0,0,0,0.196116,0,0,0,0,0,0,0,0,0.196116,0.392232,0.196116,0,0.196116,0
0,0,0,0,0.154303,0,0.308607,0.154303,0,0.154303,0,0.154303,0.154303,0,0.154303,0.154303,0.154303,0,0,0,0.154303,0,0.154303,0.154303,0,0,0.154303,0,0,0,0.154303,0,0,0,0,0,0,0.154303,0,0,0.308607,0.46291,0.308607,0,0.154303,0,0.154303,0,0.308607,0.154303
0.107211,0.107211,0.107211,0,0,0,0.107211,0,0.107211,0,0,0.107211,0,0,0,0,0.107211,0,0.214423,0,0,0,0.107211,0,0,0,0.214423,0,0,0.107211,0.214423,0.321634,0,0,0.214423,0,0,0.107211,0.214423,0.107211,0.643268,0.107211,0.107211,0,0.214423,0.107211,0.214423,0,0,0
0,0,0.169638,0.0848189,0,0.169638,0.169638,0,0.0848189,0,0.0848189,0.0848189,0.339276,0.0848189,0,0.0848189,0,0.0848189,0.169638,0.169638,0,0.424094,0.0848189,0.169638,0,0,0.0848189,0.0848189,0.169638,0.0848189,0.254457,0.254457,0.0848189,0.0848189,0,0,0,0.254457,0.169638,0.0848189,0,0.169638,0.254457,0.0848189,0,0.0848189,0.169638,0.0848189,0.169638,0.0848189
0,0.255031,0.127515,0,0.0637577,0.191273,0.127515,0.0637577,0,0.255031,0.0637577,0,0.0637577,0.127515,0.127515,0.0637577,0.191273,0,0.191273,0.127515,0,0.191273,0,0,0.0637577,0,0.0637577,0,0,0.255031,0.318788,0.191273,0.318788,0.127515,0.191273,0.0637577,0,0.191273,0.191273,0.127515,0.0637577,0.0637577,0.0637577,0.191273,0.0637577,0.0637577,0.127515,0.191273,0.191273,0.127515
0,0,0.113228,0.113228,0,0,0.113228,0.226455,0.113228,0,0,0.113228,0.339683,0,0.226455,0,0,0,0.113228,0.226455,0.339683,0.226455,0,0.339683,0,0,0,0,0,0,0.226455,0.113228,0.226455,0.113228,0.113228,0,0.113228,0,0.226455,0.113228,0.226455,0.226455,0.113228,0,0,0.113228,0,0,0.113228,0.113228
0.0976417,0.195283,0.130189,0.0325472,0,0.292925,0.227831,0.130189,0.0650945,0.0650945,0.0650945,0.0325472,0.0325472,0.0976417,0.0650945,0.0325472,0.0976417,0.0325472,0.162736,0,0.0976417,0.0650945,0.162736,0.0650945,0.0650945,0.227831,0.227831,0.0976417,0.0976417,0.0976417,0.0976417,0.195283,0.0650945,0.162736,0.0650945,0.0325472,0.0976417,0.195283,0.0650945,0.162736,0.325472,0.260378,0.130189,0.0650945,0.162736,0,0.227831,0.0325472,0.292925,0.0976417
0.201234,0.201234,0.134156,0.134156,0,0.335389,0.0670778,0.100617,0.134156,0.100617,0.100617,0.167695,0.134156,0.201234,0.0670778,0,0.0670778,0.0670778,0.201234,0.201234,0.201234,0.100617,0.0335389,0.100617,0.0670778,0.167695,0.268311,0.0670778,0.134156,0.100617,0.100617,0.201234,0.134156,0.134156,0.0335389,0,0.0670778,0.134156,0.201234,0.0335389,0.0670778,0.134156,0.100617,0.100617,0.201234,0.0335389,0.167695,0.201234,0.0670778,0.167695
0.163846,0.24577,0.122885,0.163846,0,0.24577,0.122885,0.0409616,0.163846,0.0409616,0.0409616,0.122885,0.204808,0.163846,0.0819232,0.122885,0.0409616,0.122885,0.24577,0,0.204808,0.204808,0.0409616,0.163846,0.0409616,0.122885,0.122885,0.0819232,0.0819232,0.0819232,0.0409616,0.163846,0.0819232,0.0409616,0.163846,0,0.0819232,0.24577,0.0409616,0,0.163846,0.122885,0.24577,0.122885,0.163846,0.122885,0.204808,0.122885,0.0819232,0.24577
0.23094,0.11547,0.34641,0,0,0,0.11547,0,0.11547,0.11547,0.11547,0.11547,0.23094,0,0,0,0.11547,0.11547,0.34641,0.11547,0,0,0.11547,0,0.11547,0.23094,0.11547,0,0.11547,0.23094,0.23094,0,0.11547,0.11547,0.11547,0,0.11547,0,0.23094,0.11547,0,0.23094,0,0,0.34641,0.11547,0,0,0,0.11547
0.164399,0.164399,0,0,0.164399,0,0,0,0.164399,0,0,0,0.328798,0,0,0.164399,0,0,0.328798,0.328798,0.164399,0,0,0,0,0,0.164399,0,0.328798,0,0,0.328798,0,0.164399,0,0,0,0,0,0,0,0.328798,0,0,0.164399,0,0,0,0,0.328798
0,0,0,0,0,0,0,0,0,0,0,0.2,0.2,0,0,0,0,0.6,0,0,0.2,0.2,0,0,0,0,0,0,0,0.2,0,0,0,0,0,0,0,0,0,0,0.2,0,0,0,0.2,0.6,0,0,0,0
0.316228,0.316228,0,0,0,0,0,0,0,0,0.316228,0,0,0,0,0,0,0,0,0.316228,0,0.316228,0,0.316228,0,0,0.316228,0,0,0,0,0.316228,0,0,0,0,0,0,0,0,0,0.316228,0.316228,0,0,0,0,0,0,0
0,0,0.301511,0,0,0,0,0,0,0,0,0,0,0,0,0,0,0,0.603023,0,0.301511,0,0,0,0,0,0.301511,0,0,0,0,0.301511,0,0,0,0,0,0,0,0,0,0.301511,0,0.301511,0,0.301511,0,0,0,0
0,0,0,0,0,0,0,0,0,0,0,0,0,0,0,0,0,0,0,0,0,0,0,0,0,0,0,0,0,0,0,0,0,0,0,0,0,0,0,0,0,0,0,0,1,0,0,0,0,0
0,0,0,0,0,0,0,0,0,0,0.377964,0,0.377964,0,0,0,0,0,0,0,0,0,0,0,0,0,0,0,0,0,0,0.755929,0,0,0,0,0,0,0,0,0,0,0,0,0.377964,0,0,0,0,0
0,0,0,0,0,0,0,0,0,0,0,0,0,0,0,0,0,0,0,0,0,0,0,0,0,0,0,0,0,0,0,0,0,0,0,0,0,0,0,0,0,0,0,0,0,0,0,0,0,0
0,0.338062,0,0.169031,0,0,0,0,0.338062,0,0.338062,0,0.169031,0,0,0,0.169031,0,0.169031,0,0,0,0,0.338062,0,0.338062,0.169031,0,0,0.169031,0,0,0,0,0,0,0,0,0,0,0,0,0,0,0,0,0,0,0,0.507093
0,0.20739,0.103695,0.414781,0,0,0,0,0,0.103695,0,0.20739,0,0.103695,0.103695,0,0,0.311086,0,0,0.103695,0.311086,0.103695,0.103695,0,0.103695,0.311086,0,0.103695,0.20739,0,0,0,0,0,0,0.103695,0,0,0.103695,0,0.20739,0,0.20739,0.103695,0.311086,0.311086,0,0,0
0,0,0,0,0,0,0,0,0.408248,0,0,0,0.408248,0,0,0,0,0,0.408248,0,0.408248,0,0,0,0,0,0,0,0,0,0,0.408248,0,0,0,0,0,0,0,0,0,0,0,0,0,0,0,0,0,0.408248
0,0,0,0,0,0,0,0,0,0,0,0,0.57735,0,0,0,0,0,0.57735,0,0,0,0,0,0,0,0,0,0,0,0,0,0,0,0,0,0,0,0,0,0,0,0,0,0,0,0,0,0,0.57735
0,0,0,0,0,0,0,0,0,0,0,0,0,0,0,0,0,0,0,0,0,0,0,0,0,0,0,0,0,0,0,0,0,0,0,0,0,0,0,0,0,0,0,0,0,0,0,0,0,0
0,0,0,0,0,0,0,0,0,0,0,0,0,0,0,0,0,0,0,0,0,0,0,0,0,0,0,0,0,0,0,0,0,0,0,0,0,0,0,0,0,0,0,0,0,0,0,0,0,0
0,0,0,0,0,0,0,0,0,0,0,0,0,0,0,0,0,0.447214,0,0,0,0.447214,0,0,0.447214,0,0,0,0,0.447214,0,0,0,0,0,0,0,0,0,0,0,0,0,0,0,0,0,0,0,0.447214
0,0,0,0,0,0,0,0,0.57735,0,0,0,0.57735,0,0,0,0,0,0,0,0,0,0,0,0,0,0,0,0,0,0,0,0,0,0,0,0,0,0,0,0,0,0,0,0,0,0,0,0,0.57735
0,0,0,0,0,0,0,0,0,0,0,0,0,0,0,0,0,0,0,0,0,0,0,0,0,0,0,0,0,0,0,0,0,0,0,0,0,0,0,0,0,0,0,0,0,0,0,0,0,0
0,0,0,0,0,0,0,0,0.333333,0,0.333333,0,0.666667,0,0,0,0,0,0.333333,0,0,0,0,0,0,0,0.333333,0,0,0,0,0,0,0,0,0,0,0,0,0,0,0.333333,0,0,0,0,0,0,0,0
0,0.447214,0,0,0,0,0,0,0,0,0,0,0.447214,0,0,0,0,0,0,0,0,0,0,0.447214,0,0,0,0,0,0,0,0,0,0,0,0,0,0,0,0,0,0,0,0,0.447214,0,0,0,0,0.447214
0,0,0,0,0,0,0,0,0,0,0,0,0.5,0,0,0,0,0,0.5,0,0,0,0,0,0,0,0.5,0,0,0,0,0.5,0,0,0,0,0,0,0,0,0,0,0,0,0,0,0,0,0,0
0,0.0920575,0.0920575,0.0920575,0,0,0,0,0,0.276172,0,0.0920575,0.0920575,0.276172,0,0,0.36823,0.276172,0,0.0920575,0,0.36823,0,0,0.0920575,0.0920575,0.0920575,0.184115,0.460287,0.184115,0,0,0.0920575,0,0,0,0,0.0920575,0.0920575,0,0,0,0,0,0.276172,0.184115,0,0.0920575,0,0
0,0,0,0,0,0,0,0,0,0,0.316228,0.316228,0.316228,0.632456,0,0,0,0,0.316228,0,0,0,0,0,0,0,0,0,0,0.316228,0,0,0,0,0,0,0,0,0,0,0.316228,0,0,0,0,0,0,0,0,0
0,0,0,0.212,0,0,0,0,0.106,0,0.106,0,0.106,0,0,0,0,0.212,0,0.212,0,0,0,0,0,0,0,0.212,0,0.106,0.106,0,0,0,0,0,0,0.106,0,0.106,0,0,0,0.106,0,0.847998,0.106,0,0,0
0,0.25,0,0,0,0,0,0,0,0,0,0,0.5,0,0,0,0,0,0.25,0,0.5,0,0,0,0,0.25,0,0,0.25,0,0,0.5,0,0,0,0,0,0,0,0,0,0,0,0,0,0,0,0,0,0
0,0.301511,0,0,0,0,0,0,0,0,0,0,0,0,0,0,0,0,0,0,0.603023,0.603023,0,0,0,0,0,0,0,0,0,0,0,0,0,0,0,0.301511,0,0,0,0,0,0,0,0,0,0,0,0.301511
0,0.447214,0,0,0,0,0,0,0,0,0,0,0.447214,0,0,0,0,0,0,0,0,0,0,0,0,0,0,0,0,0,0,0.447214,0,0,0,0,0,0,0,0,0,0,0,0,0,0.447214,0,0,0,0.447214
0,0,0.267261,0,0,0,0.267261,0,0,0,0.267261,0,0,0,0,0,0,0,0.267261,0,0,0,0,0,0,0.267261,0.267261,0,0,0,0,0.267261,0,0,0,0.267261,0.267261,0,0,0,0,0.534522,0.267261,0,0,0,0,0,0,0
0,0.288675,0,0,0,0,0,0.288675,0,0,0,0,0,0,0,0,0.288675,0,0,0.288675,0,0.288675,0,0,0,0,0,0,0.57735,0,0,0.288675,0,0.288675,0,0,0,0.288675,0,0,0,0,0,0,0,0,0,0,0,0
0,0.164399,0.164399,0,0,0,0,0,0.164399,0,0,0,0.493197,0,0,0,0,0,0.657596,0.164399,0,0,0,0,0,0.164399,0,0,0,0,0,0.164399,0,0,0,0,0.164399,0,0,0,0,0,0,0,0.328798,0.164399,0,0,0,0
0,0,0,0,0,0,0,0,0.301511,0,0,0,0,0,0,0,0,0,0.301511,0.603023,0.301511,0,0,0,0,0.301511,0.301511,0,0,0,0,0.301511,0,0,0,0,0,0,0,0,0,0,0,0,0,0,0,0,0,0.301511
0,0,0,0,0,0,0,0,0,0,0,0,0,0,0,0,0,0,0,0,0.816497,0,0,0,0,0.408248,0,0,0,0,0,0,0,0,0,0,0,0,0,0,0,0,0,0,0,0,0,0,0,0.408248
0,0,0,0,0,0,0,0,0,0,0,0,0,0,0,0,0.408248,0,0.816497,0,0,0,0,0,0,0,0,0,0,0,0,0,0,0,0,0,0.408248,0,0,0,0,0,0,0,0,0,0,0,0,0
0,0.57735,0,0,0,0,0,0,0,0,0,0,0,0,0,0.57735,0,0,0,0,0,0,0,0,0,0,0,0,0,0,0,0,0,0,0,0,0,0,0,0,0,0.57735,0,0,0,0,0,0,0,0
0,0,0,0,0,0,0,0,0,0,0,0,0,0,0,0,0,0,0,0,0,0,0,0,0,0,0,0,0,0,0,0,0,0,0,0,0,0,0,0,0,0,0,0,1,0,0,0,0,0
0,0,0,0,0,0,0,0,0,0,0,0,0,0,0,0,0,0,0,0,0,0.5,0,0,0,0,0,0,0,0,0,0,0,0,0,0,0,0,0,0,0.5,0.5,0,0,0.5,0,0,0,0,0
0.229416,0,0,0.458831,0,0,0,0,0.229416,0,0,0,0.458831,0,0,0,0,0,0.229416,0,0,0,0.229416,0,0.229416,0,0,0,0,0,0,0,0,0,0,0,0.229416,0,0,0,0,0,0,0,0,0.458831,0.229416,0,0,0
0.57735,0,0,0,0,0,0,0,0,0,0,0,0,0,0,0,0,0,0,0,0,0,0,0,0,0.57735,0,0,0,0,0,0,0,0,0,0,0,0,0,0,0,0,0,0,0,0.57735,0,0,0,0
0,0,0,0,0,0,0,0,0.267261,0,0.267261,0,0.534522,0,0,0,0,0,0,0,0,0.267261,0,0,0,0,0,0,0,0,0,0.267261,0,0,0,0,0,0,0,0,0.267261,0,0,0,0.267261,0,0,0,0,0.534522
0,0,0,0,0,0,0,0,0.707107,0,0,0,0,0,0,0,0,0,0,0,0,0,0,0,0,0,0,0,0,0,0,0,0,0,0,0,0,0,0,0,0,0.707107,0,0,0,0,0,0,0,0
0,0,0,0.223607,0,0,0,0,0,0,0,0,0,0,0,0,0.447214,0,0,0,0.223607,0,0,0,0,0.223607,0,0,0.223607,0,0,0.447214,0,0,0,0,0,0,0,0,0,0.447214,0,0.223607,0,0.223607,0,0,0.223607,0.223607
0,0,0,0,0,0,0,0,0.229416,0,0,0,0.688247,0,0,0,0,0,0.229416,0,0,0,0,0,0,0.229416,0,0,0,0,0,0.229416,0,0,0,0,0,0,0.458831,0,0.229416,0.229416,0,0,0,0,0,0,0,0
0.258199,0,0,0,0,0,0,0,0,0.258199,0,0.258199,0.258199,0.258199,0,0,0.258199,0.258199,0,0,0,0.258199,0,0,0,0,0,0.258199,0.258199,0,0.258199,0,0,0,0,0,0.258199,0.258199,0,0,0.258199,0,0,0,0,0.258199,0,0,0,0
0,0,0,0,0,0,0,0,0.188982,0,0,0,0.566947,0,0,0,0,0.377964,0.188982,0,0,0,0,0,0,0,0,0,0.566947,0,0,0,0,0,0,0,0,0,0,0,0,0,0,0,0,0,0,0,0,0.377964
0,0,0,0,0,0,0,0,0,0,0.169031,0,0,0.169031,0,0,0.338062,0,0.338062,0,0.169031,0.169031,0,0,0,0,0,0,0.169031,0.338062,0,0.169031,0,0,0,0,0.169031,0.169031,0.169031,0.338062,0.507093,0,0,0.169031,0,0,0,0,0,0
1,0,0,0,0,0,0,0,0,0,0,0,0,0,0,0,0,0,0,0,0,0,0,0,0,0,0,0,0,0,0,0,0,0,0,0,0,0,0,0,0,0,0,0,0,0,0,0,0,0
0,0.2,0,0,0,0,0,0,0,0,0,0,0.4,0,0,0,0,0,0.8,0.2,0,0,0,0,0,0,0,0,0,0,0,0,0,0,0,0.2,0,0.2,0,0,0,0,0,0,0,0,0,0,0,0.2
0,0.166667,0,0,0,0,0,0,0,0,0,0,0.5,0,0,0.166667,0,0,0.666667,0,0.166667,0,0,0,0,0.166667,0,0,0,0,0,0,0,0,0,0,0.166667,0,0,0,0,0.333333,0,0,0,0,0,0,0.166667,0.166667
0,0,0,0,0,0,0,0,0,0,0,0,0,0,0,0,0,0,1,0,0,0,0,0,0,0,0,0,0,0,0,0,0,0,0,0,0,0,0,0,0,0,0,0,0,0,0,0,0,0
0,0,0,0,0,0,0,0,0,0,0,0,0,0,0,0,0,0,0,0,0,0,0,0,0,0,0,0,0,0,0,1,0,0,0,0,0,0,0,0,0,0,0,0,0,0,0,0,0,0
0,0,0,0,0,0,0,0,0,0,0,0,0,0,0,0,0,0,0,0,0,0,0,0,0,0,0,0,0,0,0,0,0,0,0,0,0,0,0,0,0,0,0,0,0,0,0,0,0,0
0,0.458831,0,0,0,0,0,0,0,0,0.229416,0,0,0,0,0,0.229416,0,0,0,0.229416,0,0,0,0,0,0,0,0.458831,0,0,0.229416,0,0,0,0,0.458831,0,0,0,0.229416,0.229416,0,0,0,0,0.229416,0,0,0
0,0,0,0,0,0,0,0,0.377964,0,0,0,0.377964,0,0,0,0.377964,0,0,0,0,0,0,0,0,0.377964,0,0,0,0,0,0,0,0,0,0,0,0,0,0,0.377964,0.377964,0,0,0.377964,0,0,0,0,0
0,0,0,0,0,0,0,0,0.408248,0,0,0,0,0,0,0,0,0,0,0,0,0,0,0,0,0.408248,0,0,0,0,0,0.816497,0,0,0,0,0,0,0,0,0,0,0,0,0,0,0,0,0,0
0,0,0,0,0,0.333333,0,0,0,0,0,0,0.333333,0,0,0,0,0,0,0,0.333333,0,0,0,0,0,0,0,0,0,0,0.666667,0,0,0,0,0,0,0,0,0,0.333333,0,0,0,0,0,0,0,0.333333
0,0,0,0,0,0,0,0,0,0,0,0,0,0,0,0,0,0,0,0,0,0,0,0,0,0,0,0,0,0,0,0,0,0,0,0,0,0,0,0,0,0,0,0,0,0,0,0,0,0
0,0,0,0,0,0,0,0,0,0,0.377964,0,0.377964,0,0,0,0,0,0,0,0,0,0,0,0,0,0,0,0,0,0.377964,0,0.377964,0,0,0,0,0,0,0,0,0,0,0,0,0.377964,0,0,0.377964,0.377964
0,0,0,0,0,0,0,0,0,0,0,0,0.755929,0,0,0,0,0,0,0,0,0,0,0,0,0,0,0,0,0,0,0,0,0,0,0,0,0.377964,0,0,0.377964,0,0,0,0.377964,0,0,0,0,0
0,0.316228,0,0,0,0,0,0,0.316228,0,0,0,0,0,0,0,0,0,0.316228,0,0.632456,0.316228,0,0,0,0,0,0,0,0.316228,0,0,0,0,0,0,0,0,0,0,0,0,0,0,0,0.316228,0,0,0,0
0,0,0,0,0,0,0,0,0,0,0,0.208514,0,0,0.208514,0,0,0,0.625543,0,0.208514,0.208514,0,0,0,0.208514,0,0,0,0,0,0.417029,0,0,0,0,0.208514,0,0,0,0.208514,0.208514,0,0,0.208514,0,0,0,0,0.208514
0,0,0,0,0,0,0,0,0,0,0,0,0.57735,0,0,0,0,0,0.57735,0,0,0,0,0,0,0,0,0,0,0,0,0,0,0,0,0,0,0,0,0,0,0.57735,0,0,0,0,0,0,0,0
0,0,0,0,0,0,0,0,0,0,0,0,0,0,0,0,0,0,0,0,0,0,0,0,0,0,0.57735,0,0,0,0,0,0,0,0,0,0,0,0,0,0,0,0,0,0,0,0.57735,0,0.57735,0
0,0,0,0,0,0,0,0,0,0,0,0,0,0,0,0,0,0,0.5547,0,0,0,0,0,0,0,0.27735,0,0,0,0,0.27735,0,0,0,0,0.27735,0,0,0,0,0.27735,0,0,0,0,0,0.27735,0,0.5547
0,0,0.316228,0,0,0,0,0,0,0,0,0,0.316228,0,0,0,0.316228,0,0.316228,0,0,0,0,0,0,0,0,0,0,0,0,0,0,0,0,0,0,0.632456,0,0.316228,0,0,0,0,0,0,0,0,0,0.316228
0,0,0,0,0,0,0,0,0,0,0,0,0.904534,0,0,0,0,0,0.301511,0,0,0,0,0,0,0,0,0,0,0,0,0,0,0,0,0,0,0,0,0,0,0,0,0,0,0,0,0,0,0.301511
0,0,0,0,0,0.149071,0,0,0,0,0,0,0.745356,0,0,0,0,0,0,0,0,0,0,0,0,0,0,0,0.149071,0,0,0.447214,0,0,0,0,0.149071,0,0,0,0,0,0,0,0.298142,0,0,0,0,0.298142
0,0,0,0,0,0.280056,0,0,0,0.140028,0,0.280056,0,0,0,0.140028,0.280056,0.140028,0,0.140028,0.140028,0.280056,0,0,0.140028,0,0,0.280056,0.420084,0,0,0.140028,0,0.280056,0.140028,0,0,0,0,0.140028,0.140028,0.140028,0,0.140028,0.280056,0.140028,0,0.140028,0,0
0,0,0.5,0,0,0,0,0,0,0,0,0,0.5,0,0,0,0,0,0,0,0,0,0,0,0,0.5,0,0,0,0,0,0.5,0,0,0,0,0,0,0,0,0,0,0,0,0,0,0,0,0,0
0,0,0,0,0,0,0,0,0,0,0,0,0,0,0,0,0,0,0,0,0,0,0,0,0,0,0,0,0,0,0,0,0,0,0,0,0,0,0,0,1,0,0,0,0,0,0,0,0,0
0,0,0,0,0,0,0,0,0,0,0,0,0.718421,0,0,0,0.179605,0,0.359211,0,0,0,0,0,0,0.359211,0,0,0,0,0,0,0,0,0,0,0.179605,0.179605,0,0,0,0.179605,0,0,0.179605,0,0.179605,0,0,0.179605
0,0.316228,0,0,0,0.316228,0,0,0.316228,0,0,0,0.632456,0,0,0,0,0,0,0,0,0,0,0,0,0,0,0,0,0,0,0.316228,0,0,0,0,0,0,0,0,0.316228,0,0,0.316228,0,0,0,0,0,0
0,0,0,0,0.137361,0,0,0,0.137361,0,0,0,0.824163,0,0,0,0,0,0.274721,0,0,0,0,0,0,0,0,0,0,0,0,0,0,0,0,0,0.137361,0,0,0,0,0,0,0,0,0,0.137361,0,0,0.412082
0,0.447214,0,0,0,0,0,0,0.447214,0,0,0,0.447214,0,0,0,0,0,0.447214,0,0,0,0,0,0,0,0,0,0,0,0,0,0,0,0,0,0,0.447214,0,0,0,0,0,0,0,0,0,0,0,0
0,0,0,0,0,0,0,0,0,0,0,0,0,0,0,0,0,0,0,0,0,0.707107,0,0,0,0,0,0,0,0.353553,0,0.353553,0,0,0,0,0,0.353553,0,0,0,0,0,0,0,0.353553,0,0,0,0
0,0,0,0.185695,0,0.185695,0,0,0.185695,0.185695,0.185695,0,0.371391,0,0,0,0.185695,0.185695,0.371391,0,0.185695,0,0.371391,0,0,0,0,0,0,0,0.185695,0,0,0,0.185695,0,0.185695,0,0.185695,0.185695,0.185695,0,0,0.185695,0.185695,0,0,0,0,0.185695
0,0,0,0,0,0,0,0,0,0,0,0,0,0,0,0,0,0,0,0,0,0,0,0,0,0,0,0,0,0,0,0,0,0,0,0,0,0,0,0,0,0,0,0,0,0,0,0,0,0
0,0,0,0,0,0,0,0,0,0,0,0.316228,0.632456,0,0,0,0,0,0,0,0,0,0,0,0,0,0,0,0,0,0,0,0,0,0,0,0,0,0,0,0,0,0,0,0.632456,0,0,0,0,0.316228
0,0,0,0,0,0,0,0,0,0,0,0,0,0,0,0,0.707107,0,0,0,0,0,0,0,0,0,0,0,0,0,0,0,0,0,0,0,0,0,0,0,0,0,0.707107,0,0,0,0,0,0,0
0,0,0,0,0,0,0,0,0,0,0,0,0.904534,0,0,0,0,0,0,0,0,0,0,0,0,0,0.301511,0,0,0,0,0,0,0,0,0.301511,0,0,0,0,0,0,0,0,0,0,0,0,0,0
0,0,0,0,0,0,0,0,0,0,0,0,0.5,0,0,0,0,0,0.5,0,0,0,0,0,0,0,0,0,0,0,0,0,0,0,0,0,0,0,0,0,0,0,0.5,0,0,0,0,0,0,0.5
0,0,0,0,0,0,0,0,0.25,0,0,0,0.25,0,0,0,0,0,0.75,0.25,0.25,0,0,0,0,0.25,0.25,0,0,0,0,0,0,0,0,0,0,0,0,0,0,0,0,0,0.25,0,0,0,0,0
0,0,0,0,0,0,0,0,0,0,0,0,0,0,0,0,0.377964,0,0,0,0,0.377964,0,0,0,0,0,0,0,0,0,0,0,0.377964,0,0,0,0,0,0,0,0.755929,0,0,0,0,0,0,0,0
0,0,0,0,0,0.707107,0,0,0,0,0,0,0,0,0,0,0,0,0,0,0,0,0,0,0,0,0,0,0,0,0,0,0,0,0,0,0.707107,0,0,0,0,0,0,0,0,0,0,0,0,0
0,0.603023,0,0,0,0,0,0,0,0,0,0,0.301511,0,0,0,0,0,0.603023,0,0.301511,0,0,0,0,0.301511,0,0,0,0,0,0,0,0,0,0,0,0,0,0,0,0,0,0,0,0,0,0,0,0
0,0,0,0,0,0,0,0,0,0,0,0,0,0,0,0,0,0,0,0,0,0,0,0,0,0,0,0,0,0,0,0,0,0,0,0,0,0,0,0,0,0,0,0,0,0,0,0,0,0
0,0,0,0,0,0,0,0,0.229416,0,0,0,0.458831,0,0,0,0,0,0.688247,0,0,0,0,0,0,0.229416,0,0,0,0,0,0,0,0,0,0,0,0,0,0,0,0,0,0,0,0,0,0,0,0.458831
0,0,0,0,0,0,0,0,0,0,0,0.707107,0,0,0,0,0,0,0.707107,0,0,0,0,0,0,0,0,0,0,0,0,0,0,0,0,0,0,0,0,0,0,0,0,0,0,0,0,0,0,0
0,0,0,0,0,0,0,0,0,0,0,0,0,0,0,0,0,0,0,0,0,0,0,0,0,0,0,0,0,0,0,0,0,0,0,0,0,0,0,0,0,1,0,0,0,0,0,0,0,0
0,0,0,0,0,0,0,0,0,0,0,0,0,0,0,0,0,0,0,0,0,0,0,0,0.707107,0.353553,0,0,0,0,0,0.353553,0,0,0,0,0,0,0,0,0,0,0.353553,0.353553,0,0,0,0,0,0
0,0.242536,0,0,0,0,0,0,0,0,0,0,0.485071,0,0,0,0,0,0.242536,0,0,0,0,0,0,0,0,0,0,0,0,0.242536,0,0,0,0,0,0,0,0,0,0.242536,0,0,0,0,0,0,0,0.727607
0,0,0,0,0,0,0,0,0.218218,0,0,0,0.218218,0.218218,0,0,0.218218,0,0.436436,0.218218,0,0,0.218218,0,0,0,0.218218,0,0,0,0,0,0,0.218218,0,0,0.218218,0.218218,0,0,0,0,0,0.218218,0,0.436436,0.218218,0,0,0.218218
0,0,0,0,0,0,0,0,0,0,0,0,0,0.316228,0,0,0.316228,0,0,0.316228,0,0.316228,0,0,0,0,0,0,0,0,0,0,0,0,0,0,0,0,0,0,0,0.316228,0,0,0,0.632456,0,0.316228,0,0
0,0.316228,0,0,0,0,0,0,0,0,0,0,0.316228,0,0,0,0.316228,0,0,0.316228,0,0,0,0,0,0.316228,0,0,0,0,0,0,0,0.316228,0,0,0,0,0,0,0,0.316228,0,0,0.316228,0,0.316228,0,0,0.316228
0,0,0,0,0,0,0,0,0,0,0,0,0.229416,0.229416,0,0,0.229416,0,0.229416,0.688247,0,0,0,0,0,0,0,0,0,0,0,0,0,0.458831,0,0,0,0,0,0,0.229416,0,0,0,0,0,0,0,0,0.229416
0,0,0,0,0,0,0,0,0,0,0,0,1,0,0,0,0,0,0,0,0,0,0,0,0,0,0,0,0,0,0,0,0,0,0,0,0,0,0,0,0,0,0,0,0,0,0,0,0,0
0,0,0,0,0,0,0,0,0,0,0,0,0,0,0,0,0,0,0,0,0,0,0,0,0,0,0,0,0,0,0,0,0,0,0,0,0,0,0,0,0,0,0,0,0,0,0,0,0,0
0,0,0,0,0,0,0,0,0,0,0,0,0,0,0,0,0,0,0,0,0,0,0,0,0,0,0,0,0,0,0,0,0,0,0,0,0,0,0,0,0,0,0,0,0,0,0,0,0,0
0,0,0,0,0,0,0,0,0,0,0,0,0,0,0,0,0,0,0,0,0.5,0.5,0,0,0,0.5,0,0,0,0,0,0,0,0,0,0,0,0,0,0,0,0.5,0,0,0,0,0,0,0,0
0,0,0,0,0,0,0,0,0,0,0,0,0.707107,0,0,0,0,0,0,0,0.707107,0,0,0,0,0,0,0,0,0,0,0,0,0,0,0,0,0,0,0,0,0,0,0,0,0,0,0,0,0
0,0,0.267261,0,0,0,0,0,0,0,0.267261,0,0,0,0,0,0.267261,0,0.267261,0,0.267261,0,0,0,0,0,0,0,0,0,0,0,0.267261,0.267261,0.267261,0,0,0,0,0,0.267261,0,0,0,0,0.534522,0,0,0.267261,0
0,0,0,0,0,0,0,0,0.447214,0,0,0,0.447214,0,0,0,0.447214,0,0.447214,0,0,0,0,0,0,0,0,0,0,0,0,0,0,0,0,0,0,0.447214,0,0,0,0,0,0,0,0,0,0,0,0
0,0.57735,0,0,0,0,0,0,0,0,0,0,0,0,0,0,0,0,0,0,0,0,0,0,0,0,0,0,0,0,0,0,0,0,0,0,0.57735,0,0,0,0,0,0.57735,0,0,0,0,0,0,0
0,0,0,0.223607,0,0,0,0,0.223607,0,0,0.447214,0.67082,0.223607,0,0,0,0,0,0,0,0.223607,0,0,0,0,0,0,0,0.223607,0,0,0,0,0,0,0,0,0,0,0,0,0,0,0,0,0,0,0.223607,0.223607
0,0,0,0,0,0,0,0,0,0,0,0,0.267261,0,0,0,0,0,0.267261,0,0.267261,0,0,0,0,0.801784,0,0,0,0,0,0.267261,0,0,0,0,0,0,0,0,0,0,0,0.267261,0,0,0,0,0,0
0,0,0,0,0,0.179605,0,0,0,0,0,0,0,0,0,0,0.179605,0,0,0.179605,0,0,0,0,0,0.179605,0,0,0,0,0,0,0,0.538816,0,0,0,0.179605,0,0.179605,0.359211,0,0,0.538816,0.179605,0.179605,0,0.179605,0,0
0,0,0,0,0,0,0,0,0,0,0,0,0.258199,0,0,0,0.258199,0,0,0,0.258199,0,0,0,0,0,0,0,0.258199,0,0,0.258199,0,0,0,0,0,0.516398,0,0,0,0.258199,0,0,0.516398,0,0,0,0,0.258199
0,0,0,0,0,0,0,0,0,0,0,0,0.353553,0,0,0,0,0,0.353553,0,0,0,0,0,0,0.353553,0,0,0,0,0,0.353553,0,0,0,0,0,0,0,0,0,0,0,0,0.707107,0,0,0,0,0
0,0,0.5,0,0,0,0.5,0,0,0,0,0,0,0,0,0,0,0,0.5,0,0.5,0,0,0,0,0,0,0,0,0,0,0,0,0,0,0,0,0,0,0,0,0,0,0,0,0,0,0,0,0
0,0,0,0,0,0,0,0,0,0,0,0,0.267261,0,0,0,0,0,0.801784,0,0,0,0,0,0,0,0,0,0,0,0,0.534522,0,0,0,0,0,0,0,0,0,0,0,0,0,0,0,0,0,0
0,0,0,0,0,0,0,0,0,0,0,0,0,0,0,0,0,0,0.801784,0,0,0,0,0,0,0,0,0,0,0,0,0.267261,0,0,0,0,0,0,0,0,0,0,0,0,0,0,0,0,0,0.534522
0,0.301511,0,0.301511,0,0,0,0,0,0,0,0,0.301511,0,0,0,0.301511,0,0,0,0.301511,0,0,0,0.301511,0.301511,0.301511,0,0.301511,0.301511,0,0,0,0,0,0,0,0,0,0,0,0,0,0.301511,0,0,0,0,0,0
0,0,0,0,0,0,0,0,0,0,0,0,0.707107,0,0,0,0.707107,0,0,0,0,0,0,0,0,0,0,0,0,0,0,0,0,0,0,0,0,0,0,0,0,0,0,0,0,0,0,0,0,0
0,0,0,0,0.333333,0,0,0,0.333333,0,0,0,0,0,0,0,0,0,0.666667,0,0,0,0,0,0,0,0,0,0.333333,0,0,0.333333,0,0,0,0,0,0,0,0,0,0,0,0,0,0,0.333333,0,0,0
0.223607,0,0.223607,0,0,0,0,0,0,0,0,0,0.894427,0,0,0,0,0,0,0,0.223607,0.223607,0,0,0,0,0,0,0,0,0,0,0,0,0,0,0,0,0,0,0,0,0,0,0,0,0,0,0,0
0,0,0,0,0,0,0,0,0,0,0,0,0,0,0,0,0,0,0,0,0,0,0,0,0,0,0,0,0,0,0,0.707107,0,0,0,0,0.707107,0,0,0,0,0,0,0,0,0,0,0,0,0
0,0.258199,0.258199,0,0,0.258199,0,0,0.258199,0,0,0,0.516398,0,0,0,0,0.258199,0,0.258199,0,0,0,0,0,0,0,0.258199,0,0,0,0,0.258199,0,0,0,0,0,0,0.258199,0.258199,0,0,0.258199,0,0,0,0,0,0
0,0,0,0,0,0,0,0,0,0,0,0,0,0,0,0,0,0,0,0,0,0.707107,0,0,0,0.707107,0,0,0,0,0,0,0,0,0,0,0,0,0,0,0,0,0,0,0,0,0,0,0,0
0,0,0,0,0,0,0,0,0.258199,0,0,0,0.774597,0,0,0,0,0,0.516398,0,0,0,0,0,0,0,0,0,0,0,0,0,0,0,0,0,0,0,0,0,0,0,0,0,0,0,0,0,0,0.258199
0,0,0,0,0,0,0,0.408248,0,0,0,0,0,0,0,0.408248,0,0,0,0,0,0,0.408248,0,0,0,0,0,0,0,0,0,0,0,0,0,0,0,0,0.408248,0,0.408248,0,0,0,0.408248,0,0,0,0
0,0,0,0,0,0,0,0.235702,0,0.235702,0,0,0.471405,0,0,0,0,0,0,0,0.235702,0,0,0,0,0.235702,0.235702,0,0,0,0,0.235702,0,0,0,0.235702,0,0,0,0,0.471405,0,0,0,0,0.235702,0,0.235702,0,0.235702
0,0,0,0,0,0,0,0,0,0,0,0,0.57735,0,0,0,0,0,0.57735,0,0,0,0,0,0,0,0,0,0,0,0,0,0,0,0,0,0,0,0,0,0,0,0,0,0,0.57735,0,0,0,0
0,0,0,0,0,0,0,0,0,0,0,0,0,0,0,0,0,0,0,0,0,0,0,0,0,0,0,0,0,0,0,0,0,0,0,0,0,0,0,0,0,0,0,0,0,0,0,0,0,0
0,0,0,0,0,0,0,0,0,0,0,0,0,0,0,0,0,0,0.5,0,0,0,0,0,0,0,0.5,0,0,0,0,0,0,0,0,0,0.5,0,0,0,0,0.5,0,0,0,0,0,0,0,0
0,0,0,0,0,0,0,0,0,0,0,0,0,0,0,0,0,0,0,0,0,0,0,0,0,0,0,0,0,0,0,0,0,0,0,0,0,0,0,0,0,0,0,0.57735,0,0.57735,0,0,0.57735,0
0,0,0,0,0,0,0,0,0,0,0,0,0,0,0,0,0,0,0,0,0.707107,0,0,0,0,0,0,0,0,0,0,0.707107,0,0,0,0,0,0,0,0,0,0,0,0,0,0,0,0,0,0
0,0,0,0,0,0,0,0,0,0,0,0,0.801784,0,0,0,0,0,0.534522,0,0,0,0,0,0,0,0,0,0,0,0,0.267261,0,0,0,0,0,0,0,0,0,0,0,0,0,0,0,0,0,0
0,0,0,0,0,0,0,0,0,0,0,0.301511,0,0.301511,0,0,0.301511,0,0.301511,0,0,0,0,0,0,0.603023,0,0,0,0,0,0,0,0,0,0,0,0.301511,0,0,0,0.301511,0,0,0.301511,0,0,0,0,0
0,0,0,0,0,0,0,0,0,0,0,0,0,0,0,0,0,0,0.5,0,0.5,0,0,0,0,0,0,0,0,0,0,0,0,0,0,0,0.5,0.5,0,0,0,0,0,0,0,0,0,0,0,0
