0,0,0,0.00161294,0.00215059,0.00107529,0.0215059,0,0.00107529,0.00430118,0.0715071,0,0,0.0112906,0.0301082,0.0892495,0,0.00107529,0.00483883,0.0510765,0.0247318,0.0252694,0.00107529,0,0.0123659,0.0752706,0.147853,0.0301082,0.0435494,0,0.00161294,0.0150541,0.192478,0.144089,0.0553777,0.00591412,0.00107529,0.0311835,0.167746,0.248393,0.08226,0.120433,0.00967765,0.203231,0.185488,0.0833353,0.00698941,0.162369,0.36345,0.101078,0.132261,0.083873,0.0569906,0.00752706,0.0451624,0.0758083,0.00537647,0.699479,0.0376353
0,0.00122722,0,0.00061361,0.00061361,0,0.0171811,0,0.00061361,0.00552249,0.137449,0,0.00061361,0.0202491,0.134994,0.203718,0,0.00061361,0.0061361,0.0969504,0.097564,0.0552249,0.00122722,0.00061361,0.00674971,0.0791557,0.0957231,0.0447935,0.0785421,0,0.00122722,0.00736332,0.146653,0.138676,0.0705651,0.00490888,0.00061361,0.0233172,0.133767,0.168129,0.0871326,0.137449,0.00429527,0.104314,0.113518,0.0552249,0.00859054,0.0730196,0.181629,0.0650426,0.0981776,0.061361,0.0263852,0.00429527,0.0325213,0.050316,0.00306805,0.817328,0.0282261
0,0,0,0.0019162,0,0.0019162,0.0255494,0,0.000638734,0.0102198,0.141799,0,0,0.0159684,0.138605,0.263797,0,0,0.00447114,0.0715383,0.102836,0.0657897,0.000638734,0.000638734,0.00894228,0.0606798,0.0964489,0.0459889,0.0849517,0,0.0019162,0.00958102,0.091339,0.14116,0.0702608,0.00702608,0.0019162,0.019162,0.175013,0.168626,0.0638734,0.107307,0.00447114,0.106669,0.180762,0.0881454,0.00638734,0.0823967,0.140522,0.0491826,0.118805,0.0798418,0.062596,0.00830355,0.0389628,0.0900616,0.00766481,0.789476,0.031298
0,0.00107186,0,0,0,0,0.0267964,0,0,0.00857485,0.133982,0.00107186,0,0.0117904,0.0718144,0.157563,0,0.00107186,0,0.045018,0.0643114,0.0278683,0,0,0.0192934,0.0535928,0.0557365,0.0289401,0.0364431,0,0.00321557,0.0139341,0.179,0.146844,0.0503772,0.00321557,0.00107186,0.0321557,0.273323,0.420168,0.110401,0.100754,0.00535928,0.188647,0.24224,0.0996826,0.0107186,0.137198,0.174713,0.0793174,0.13291,0.0707425,0.0546647,0.00750299,0.0310838,0.0739581,0.00321557,0.642042,0.0182216
0,0,0,0.00120765,0.00120765,0.00120765,0.00724592,0,0,0.00603827,0.0495138,0,0,0.00362296,0.0748745,0.102651,0,0,0.00603827,0.0688363,0.113519,0.0579674,0.00241531,0.00241531,0.0156995,0.112312,0.194432,0.0495138,0.105066,0,0,0.0120765,0.090574,0.0338143,0.0326067,0.00362296,0,0.0108689,0.303121,0.2367,0.0374373,0.0640056,0.00483061,0.123181,0.283799,0.0893664,0.00483061,0.0181148,0.0736669,0.059175,0.0893664,0.0253607,0.0265684,0.00241531,0.0507215,0.0519291,0.00362296,0.776521,0.0374373
0,0,0,0.00273613,0.00273613,0,0.0191529,0,0,0.0136806,0.110813,0,0.00273613,0.00820839,0.08482,0.16964,0,0.00136806,0.0136806,0.0902923,0.0314655,0.0164168,0.00410419,0.00136806,0.0177848,0.129966,0.128598,0.0342016,0.0300974,0,0,0.0164168,0.145015,0.139543,0.0492503,0.00410419,0,0.0410419,0.24762,0.347488,0.0985007,0.112181,0.0150487,0.255828,0.227099,0.113549,0.00547226,0.166904,0.309183,0.0752436,0.108077,0.153223,0.0615629,0.00684032,0.0752436,0.0902923,0.00273613,0.585532,0.0383058
0.000801682,0,0,0.000801682,0,0.00160336,0.0240505,0,0,0.00561177,0.0937968,0,0.000801682,0.0208437,0.0921934,0.127467,0,0.00160336,0.0112235,0.0849783,0.088185,0.032869,0,0.000801682,0.0304639,0.122657,0.123459,0.0376791,0.0472992,0,0.00160336,0.0160336,0.117847,0.129071,0.0472992,0.00400841,0,0.0368774,0.324681,0.272572,0.0777632,0.0841766,0.00962019,0.264555,0.310251,0.131476,0.00721514,0.124261,0.209239,0.0657379,0.135484,0.186792,0.0617295,0.00721514,0.0569194,0.0929951,0.00561177,0.607675,0.0392824
0.00116537,0,0,0.000388456,0.00116537,0.00233074,0.0229189,0,0.00116537,0.00660376,0.118868,0,0.000388456,0.0198113,0.0823527,0.156548,0,0.000776913,0.0062153,0.101776,0.104106,0.0609876,0.000776913,0.00116537,0.0108768,0.0637068,0.108379,0.0672029,0.108379,0,0.000388456,0.0120421,0.17869,0.157325,0.0672029,0.00815758,0.00116537,0.0225305,0.249389,0.302996,0.0687568,0.118091,0.00776913,0.132852,0.235405,0.0982794,0.00699221,0.0640953,0.139456,0.0605992,0.123918,0.0504993,0.035738,0.00504993,0.0287458,0.0466148,0.00776913,0.726802,0.0361264
0,0.000670141,0,0.000335071,0.000335071,0.00100521,0.0154133,0,0.00134028,0.00703649,0.0800819,0.000335071,0.000335071,0.0130678,0.102867,0.21143,0,0,0.00971705,0.111914,0.103537,0.0529412,0.00100521,0.00201042,0.0157483,0.109568,0.206069,0.0462398,0.0787416,0,0,0.00938198,0.138049,0.0921445,0.0408786,0.0056962,0.000335071,0.0281459,0.173902,0.231534,0.0683544,0.0871184,0.0137379,0.178258,0.229859,0.0928146,0.0056962,0.0961653,0.14207,0.0774013,0.11895,0.0867833,0.0435592,0.00636634,0.0448995,0.0633284,0.00335071,0.750223,0.0321668
0.00159248,0.000530825,0,0.00132706,0.00132706,0.00159248,0.0236217,0,0.00106165,0.0082278,0.131114,0.000796238,0.000796238,0.0249488,0.107758,0.169864,0,0.000265413,0.00451202,0.0982027,0.0812163,0.0549404,0.00132706,0.00106165,0.0156594,0.112535,0.134564,0.0493668,0.0812163,0,0.00106165,0.0108819,0.152878,0.151816,0.0605141,0.00690073,0.00159248,0.0214984,0.145181,0.192955,0.070069,0.104573,0.00875862,0.123417,0.128725,0.0708652,0.00663532,0.115985,0.173315,0.0549404,0.104042,0.1128,0.0491014,0.00371578,0.0549404,0.0748464,0.0042466,0.798627,0.0318495
0.00049661,0.00049661,0,0,0.00049661,0.00198644,0.00695253,0,0.000993219,0.0049661,0.0506542,0.00049661,0,0.0134085,0.11273,0.120676,0,0.00049661,0.00546271,0.191195,0.144513,0.052144,0.00049661,0.00049661,0.0119186,0.103295,0.246815,0.0739948,0.0923694,0,0,0.00297966,0.092866,0.0804507,0.0451915,0.00248305,0,0.0119186,0.0923694,0.154942,0.0576067,0.0938592,0.00595931,0.0988253,0.0963423,0.0486677,0.00347627,0.0630694,0.125146,0.0441982,0.0878999,0.101308,0.0506542,0.00546271,0.0720084,0.122166,0.00297966,0.823379,0.0173813
0.000488877,0.000488877,0.000244439,0.000488877,0.00122219,0.000488877,0.027866,0,0.000244439,0.00708872,0.174529,0.000244439,0.000733316,0.0146663,0.128086,0.247127,0.000244439,0.000488877,0.00439989,0.0752871,0.0694206,0.0469322,0.000733316,0.00195551,0.0127108,0.104131,0.0901978,0.0361769,0.0640429,0,0,0.00782203,0.158641,0.193351,0.0718649,0.00464433,0.000488877,0.0183329,0.108531,0.213639,0.0789537,0.108286,0.0075776,0.185529,0.107797,0.0540209,0.0063554,0.138597,0.27866,0.0716205,0.0906867,0.120753,0.0723538,0.00366658,0.0461989,0.0904423,0.00293326,0.721338,0.0219995
0.000619234,0,0,0.000619234,0.000619234,0.000619234,0.0117655,0,0.000619234,0.00805005,0.106508,0,0.000619234,0.0123847,0.139328,0.21054,0,0.000619234,0.00681158,0.176482,0.159143,0.0464426,0.000619234,0,0.00866928,0.122608,0.13747,0.0495387,0.0730697,0,0,0.00371541,0.0563503,0.0674965,0.0359156,0.00309617,0,0.0111462,0.110843,0.157286,0.0278655,0.0619234,0.00619234,0.170289,0.117655,0.0526349,0.00309617,0.0904082,0.182055,0.0520157,0.0972198,0.103412,0.060685,0.00495387,0.058208,0.0953621,0.00619234,0.804385,0.0136232
0,0,0,0,0.000670582,0,0.0194469,0,0,0.00268233,0.185751,0,0,0.00804698,0.0704111,0.175693,0,0,0.00268233,0.0308468,0.0355409,0.0469407,0.000670582,0,0.0120705,0.201845,0.162281,0.0214586,0.073764,0,0,0.0073764,0.189104,0.315844,0.0797993,0.00201175,0,0.00871757,0.156916,0.166975,0.06907,0.124058,0.00871757,0.0804698,0.145516,0.0496231,0.00201175,0.0905286,0.145516,0.0536466,0.0932109,0.189104,0.0677288,0.00536466,0.0784581,0.136799,0.00201175,0.707464,0.0100587
0,0,0,0,0,0.000762745,0.00533921,0,0,0.00457647,0.0572059,0.000762745,0.000762745,0.00915294,0.0480529,0.109073,0,0,0.00533921,0.164753,0.109073,0.0549176,0,0.000762745,0.00762745,0.199839,0.387474,0.129667,0.160176,0,0.000762745,0,0.0175431,0.0678843,0.0480529,0.00381372,0.000762745,0.00152549,0.00381372,0.0167804,0.00839019,0.0518666,0.00228823,0.0259333,0.0282216,0.00610196,0.000762745,0.128904,0.0892411,0.0160176,0.0266961,0.190686,0.0823764,0.00228823,0.102208,0.139582,0.00457647,0.77266,0.0152549
0.000371293,0,0,0,0.000742586,0.000371293,0.0181934,0,0.000742586,0.00482681,0.101363,0,0.000371293,0.012624,0.108418,0.125497,0,0,0.00445552,0.068318,0.0545801,0.030446,0.000742586,0,0.00928233,0.0794568,0.113987,0.0274757,0.0460404,0,0.000371293,0.0141091,0.305203,0.128467,0.0412135,0.00148517,0.000371293,0.0159656,0.199013,0.472285,0.110645,0.122155,0.00668328,0.0905955,0.142205,0.079828,0.00631198,0.0750012,0.110274,0.0445552,0.100992,0.0842836,0.0356442,0.00185647,0.0293322,0.0527236,0.00148517,0.672412,0.0141091
0,0,0,0.000763855,0,0,0.0145132,0,0,0.00381927,0.271932,0,0,0.00687469,0.0351373,0.171867,0,0,0.000763855,0.0183325,0.0267349,0.0267349,0.00152771,0,0.00458313,0.0458313,0.0443036,0.0114578,0.0443036,0,0,0.00611084,0.125272,0.330749,0.117634,0.00152771,0,0.00687469,0.0397204,0.0878433,0.0718024,0.203949,0.00534698,0.0809686,0.0679831,0.0244434,0.00229156,0.0771493,0.1902,0.0328458,0.0572891,0.0664554,0.0511783,0.00305542,0.036665,0.0855517,0.000763855,0.786007,0.0137494
0,0,0,0,0,0,0.0075907,0,0,0.00325316,0.156152,0,0,0.00650631,0.0954259,0.207118,0,0.00216877,0.00542193,0.189767,0.171333,0.0379535,0.00108439,0.00108439,0.00542193,0.0314472,0.155067,0.0921728,0.142055,0,0.00108439,0.00542193,0.117114,0.0520505,0.0379535,0.00216877,0,0.0075907,0.171333,0.317725,0.0412067,0.0563881,0.00542193,0.216877,0.210371,0.047713,0.00108439,0.148561,0.273265,0.0791602,0.0965103,0.0639788,0.0433754,0.00433754,0.0292784,0.0889196,0.00433754,0.654969,0.00975947
0,0,0,0,0.000719748,0.000719748,0.0194332,0,0.000719748,0.00431849,0.179937,0,0.0014395,0.0107962,0.107242,0.279262,0,0.000719748,0.00719748,0.0741341,0.110841,0.0359874,0.000719748,0.000719748,0.00791723,0.0453441,0.0734143,0.0395862,0.0705353,0,0,0.00863698,0.132434,0.100765,0.0777328,0.00431849,0.0014395,0.0122357,0.234638,0.255511,0.0633378,0.0993253,0.00431849,0.119478,0.159064,0.0525416,0.00503824,0.091408,0.177058,0.0820513,0.107962,0.0863698,0.0511021,0.00431849,0.0475034,0.0986055,0.00863698,0.7435,0.0287899
0.000535086,0,0,0.000535086,0.000535086,0.00160526,0.00856138,0,0.00107017,0.00481577,0.164806,0.00107017,0.00107017,0.0155175,0.109158,0.24721,0,0,0.00588595,0.102201,0.130561,0.0738419,0.000535086,0.000535086,0.012307,0.0781226,0.181929,0.0636752,0.132166,0,0,0.00321052,0.0813331,0.120394,0.0722366,0.00481577,0,0.00856138,0.256841,0.136447,0.0385262,0.102737,0.0037456,0.0909646,0.164271,0.0438771,0.00267543,0.127886,0.144473,0.043342,0.0963155,0.0802629,0.0513683,0.00588595,0.0583244,0.0898944,0.0074912,0.758752,0.024614
0.000381455,0,0,0.000762911,0.000381455,0,0.00648474,0,0,0.00381455,0.0431045,0,0,0.012588,0.111766,0.139613,0,0,0.0034331,0.122447,0.116725,0.0617958,0,0,0.00877348,0.0888791,0.156778,0.0705693,0.151819,0,0,0.00381455,0.0530223,0.0438674,0.0186913,0.00381455,0,0.0114437,0.228492,0.130458,0.030135,0.0411972,0.0068662,0.0778169,0.16517,0.0652289,0.000381455,0.0457747,0.118251,0.0499707,0.089642,0.0598885,0.0400528,0.000381455,0.046919,0.0747653,0.00381455,0.847594,0.0129695
0.000579931,0.00115986,0,0.000579931,0,0,0.00869897,0,0,0.00231973,0.0487142,0.00115986,0.000579931,0.00753911,0.0371156,0.0748112,0,0,0.00173979,0.0347959,0.0301564,0.0226173,0.000579931,0.000579931,0.0179779,0.0823503,0.115986,0.0197177,0.0440748,0,0.000579931,0.0127585,0.140343,0.050454,0.0208775,0.00115986,0.000579931,0.0289966,0.350279,0.404212,0.0475544,0.0533537,0.0104388,0.160641,0.25285,0.159481,0.00579931,0.111347,0.201236,0.0817703,0.209935,0.0881496,0.0608928,0.00811904,0.0400153,0.0951088,0.00347959,0.639085,0.0226173
0.000662849,0,0,0.000662849,0.000662849,0,0.0159084,0,0,0.00662849,0.119313,0,0,0.0185598,0.135884,0.296294,0,0,0.00662849,0.167038,0.139861,0.0768905,0.000662849,0,0.0112684,0.0981017,0.187586,0.096776,0.14649,0,0,0.00596564,0.0762277,0.0954503,0.0722506,0.00463995,0.000662849,0.0205483,0.135221,0.198192,0.0424224,0.106056,0.00530279,0.0775534,0.144501,0.0556793,0.00198855,0.083519,0.13721,0.0503765,0.0762277,0.0729134,0.0470623,0.00198855,0.061645,0.106719,0.00596564,0.755648,0.0225369
0.00048748,0.00048748,0,0.000974961,0.000974961,0.000974961,0.00682472,0,0.00048748,0.00341236,0.0404609,0.00048748,0,0.0116995,0.0638599,0.0935962,0.00048748,0,0.00633724,0.17793,0.157944,0.0482606,0.00048748,0,0.0073122,0.0599601,0.177443,0.0833591,0.120408,0,0.00048748,0.0073122,0.0760469,0.0511854,0.0311987,0.00292488,0,0.0141369,0.146732,0.251052,0.0467981,0.0721471,0.00633724,0.0974961,0.12577,0.0892089,0.0024374,0.0550853,0.143807,0.0594726,0.124307,0.0867715,0.0443607,0.00194992,0.0433857,0.0853091,0.00438732,0.820429,0.0190117
0.000478856,0.000478856,0,0.000478856,0.000478856,0.000478856,0.013408,0,0.000957713,0.003352,0.066561,0.000478856,0.00143657,0.0119714,0.0416605,0.0976867,0,0.000957713,0.0076617,0.0454914,0.0445337,0.0316045,0.000478856,0.000478856,0.010056,0.0957713,0.106785,0.0392662,0.0536319,0,0,0.0076617,0.136474,0.124024,0.0387874,0.00191543,0,0.0229851,0.2514,0.250921,0.0593782,0.0861942,0.0105348,0.186754,0.254752,0.0828422,0.003352,0.0938559,0.228893,0.105827,0.155628,0.0861942,0.0445337,0.00670399,0.0488434,0.0675188,0.00574628,0.748453,0.0229851
0.000377614,0.00113284,0,0.00113284,0.000377614,0.000755227,0.0139717,0,0.00113284,0.00755227,0.102711,0.000377614,0.000377614,0.0120836,0.068348,0.120459,0,0.000377614,0.00339852,0.0539987,0.0422927,0.0290762,0.000377614,0.00151045,0.0192583,0.131787,0.138584,0.0230344,0.0392718,0,0.000377614,0.0177478,0.206932,0.141983,0.0539987,0.00302091,0.000755227,0.0211464,0.32437,0.424438,0.0857183,0.106109,0.0132165,0.143871,0.196737,0.105732,0.00377614,0.160863,0.202778,0.0691033,0.126123,0.123102,0.0577749,0.00415375,0.0585301,0.0868511,0.00302091,0.604937,0.0275658
0.00153348,0.00102232,0,0,0,0.000511159,0.0132901,0,0,0.00255579,0.0485601,0.00102232,0,0.0153348,0.109388,0.109388,0,0,0.00255579,0.216731,0.151303,0.0664506,0.000511159,0.00153348,0.00766738,0.0572498,0.175839,0.0592944,0.0669618,0,0,0.00357811,0.108877,0.074118,0.0332253,0.00255579,0.00102232,0.0107343,0.102743,0.240245,0.0649172,0.0945644,0.00204463,0.0725845,0.113477,0.0792296,0.00408927,0.0470266,0.0812742,0.0454931,0.115522,0.0480489,0.032203,0.00306695,0.0311807,0.0475378,0.00306695,0.837278,0.0204463
0,0.000517144,0,0.00103429,0.000517144,0.00103429,0.0118943,0,0.00103429,0.00103429,0.111703,0,0,0.0118943,0.0480944,0.0905002,0,0.000517144,0.00362001,0.0946373,0.100326,0.0279258,0.00103429,0.00310286,0.0113772,0.0982573,0.144283,0.0475772,0.0532658,0,0.00103429,0.01086,0.147903,0.113772,0.0382686,0.00362001,0.000517144,0.0196515,0.297875,0.396132,0.0780887,0.0811916,0.0082743,0.215649,0.26426,0.117392,0.00413715,0.148937,0.197032,0.0941202,0.142215,0.111186,0.0486115,0.00517144,0.0444744,0.0760201,0.00413715,0.618504,0.0263743
0,0,0,0,0.000523152,0,0.00732413,0,0.000523152,0.00784728,0.0601625,0,0,0.013602,0.103584,0.110908,0,0,0.00732413,0.313368,0.209261,0.0680098,0,0.0010463,0.010463,0.0946906,0.29715,0.100445,0.133404,0,0.000523152,0.00261576,0.0993989,0.0701024,0.0381901,0.00575467,0.000523152,0.00523152,0.0847507,0.21083,0.0496995,0.078996,0.00156946,0.041329,0.0470837,0.0329586,0.00261576,0.0601625,0.0831812,0.0245882,0.0528384,0.0575467,0.0224955,0.00366207,0.0408059,0.0580699,0.00261576,0.772173,0.0193566
0.000426373,0,0,0.00127912,0,0.000426373,0.0127912,0,0.000426373,0.0119384,0.191868,0,0.000426373,0.0294197,0.200395,0.248575,0,0.00170549,0.0110857,0.16927,0.19869,0.0775998,0,0.00127912,0.0234505,0.16458,0.240048,0.0754679,0.10574,0,0,0.00554284,0.0848481,0.150083,0.0793053,0.00639559,0,0.014923,0.0690724,0.0865536,0.0417845,0.097213,0.00852745,0.0481801,0.0690724,0.0383735,0.00341098,0.150083,0.167138,0.0324043,0.0631031,0.132602,0.0554284,0.00426373,0.0699251,0.0814372,0.00596922,0.725686,0.0298461
0,0.00107259,0,0.00107259,0.00160888,0.000536294,0.0166251,0,0.000536294,0.00375406,0.0707908,0.00107259,0,0.0107259,0.0943877,0.0997506,0,0.00107259,0.00429035,0.103505,0.0681093,0.0284236,0.00214517,0.00107259,0.0252058,0.109404,0.156598,0.0396857,0.0498753,0,0.000536294,0.0112622,0.191993,0.10994,0.0203792,0.00214517,0,0.0257421,0.338938,0.316413,0.0568471,0.049339,0.0112622,0.218272,0.21988,0.0938514,0.00321776,0.15338,0.229534,0.0847344,0.127638,0.173759,0.0825892,0.00911699,0.0670367,0.114231,0.00643552,0.622101,0.0348591
0.000560858,0,0,0,0.000560858,0,0.00448686,0,0.00112172,0.00673029,0.11105,0,0,0.0168257,0.0897373,0.114976,0,0.000560858,0.0128997,0.219856,0.172183,0.0544032,0.000560858,0.00112172,0.0145823,0.279868,0.355584,0.0891764,0.131802,0,0.00112172,0.00224343,0.0415035,0.10488,0.0364558,0.00280429,0.000560858,0.00841287,0.0201909,0.0482338,0.0302863,0.0476729,0.00280429,0.0347732,0.0409426,0.0269212,0.00224343,0.113293,0.158723,0.0269212,0.0555249,0.18957,0.0572075,0.00280429,0.0998327,0.106002,0.00504772,0.726872,0.0179475
0,0.00141731,0,0,0.000708655,0,0.0120471,0,0.000708655,0,0.0425193,0.00141731,0.00141731,0.0106298,0.0609443,0.059527,0,0.000708655,0.00708655,0.080078,0.0517318,0.0155904,0,0.00141731,0.0233856,0.0914165,0.135353,0.0290549,0.038976,0,0.000708655,0.00779521,0.179998,0.0992117,0.0212597,0.00283462,0,0.0170077,0.149526,0.303304,0.063779,0.0531491,0.00921252,0.232439,0.172203,0.0729915,0.00212597,0.246612,0.374879,0.0935425,0.112676,0.141022,0.0722828,0.00354328,0.0425193,0.0807867,0.00354328,0.664718,0.0134644
0,0,0,0,0,0,0.0186996,0,0,0.0112198,0.121173,0,0,0.0157077,0.0882621,0.177272,0,0.000747984,0.00673186,0.117433,0.0897581,0.0553508,0,0.000747984,0.00598387,0.10771,0.17802,0.0516109,0.092002,0,0.000747984,0.00972379,0.20794,0.148101,0.0523589,0.0044879,0.000747984,0.0112198,0.130897,0.323877,0.09275,0.0987339,0.000747984,0.048619,0.113694,0.0740504,0.00224395,0.0733024,0.0875141,0.0403911,0.0890101,0.101726,0.0344073,0.000747984,0.046375,0.0733024,0.00224395,0.771171,0.0172036
0,0.0012956,0,0.0012956,0.000647798,0.0012956,0.0155472,0,0.00259119,0.00842137,0.0991131,0.000647798,0,0.00971697,0.0719056,0.121138,0,0.0012956,0.00518238,0.0498804,0.0712578,0.0453459,0.000647798,0.00323899,0.0187861,0.116604,0.115308,0.0285031,0.0621886,0,0,0.00388679,0.113365,0.124377,0.054415,0.00453459,0.000647798,0.0278553,0.219604,0.218308,0.054415,0.0777358,0.0136038,0.253289,0.208591,0.0900439,0.00518238,0.253289,0.363415,0.0881005,0.128912,0.216365,0.0861571,0.0012956,0.0505282,0.0971697,0.00194339,0.622534,0.0310943
0,0,0,0,0,0,0.000971532,0,0,0,0.00194306,0,0,0.00485766,0.031089,0.0106868,0,0,0.0126299,0.200135,0.128242,0.016516,0,0,0.0155445,0.26037,0.470221,0.0738364,0.0845232,0,0,0,0.00194306,0.000971532,0.000971532,0,0,0.00194306,0.0184591,0.0106868,0.00194306,0.00388613,0.00388613,0.062178,0.0417759,0.0106868,0,0.0796656,0.0816086,0.0242883,0.0359467,0.221509,0.0884094,0.00582919,0.147673,0.27883,0.00194306,0.680072,0.0116584
0.000839173,0.00125876,0,0.000419587,0,0.00125876,0.0247556,0,0.000839173,0.0100701,0.0851761,0.000839173,0,0.00713297,0.159863,0.126715,0,0.000419587,0.00209793,0.177905,0.202241,0.0503504,0,0.00125876,0.00923091,0.0511896,0.10154,0.0335669,0.0654555,0,0.00167835,0.0130072,0.346998,0.178324,0.0620988,0.00209793,0.000419587,0.0184618,0.299585,0.414971,0.109093,0.125876,0.00587421,0.0818194,0.13217,0.0784627,0.00461545,0.0553854,0.0612596,0.0260144,0.0759452,0.0734277,0.0272731,0.00377628,0.0297906,0.057903,0.00251752,0.596652,0.0230773
0.000602274,0.00120455,0,0.000602274,0.000602274,0.00120455,0.0180682,0,0,0.00421592,0.0879321,0.000602274,0,0.00662502,0.0415569,0.0843184,0,0,0.0024091,0.0367387,0.0234887,0.0234887,0.000602274,0,0.0162614,0.0728752,0.0716706,0.017466,0.0289092,0,0,0.0156591,0.334262,0.138523,0.0421592,0.00421592,0.000602274,0.017466,0.505308,0.509524,0.074682,0.0819093,0.00843184,0.102989,0.189114,0.0788979,0.00421592,0.074682,0.0867275,0.0349319,0.0807048,0.085523,0.0301137,0.00180682,0.0343296,0.0481819,0.00361365,0.471581,0.024091
0,0.000410485,0,0.000820969,0,0.000820969,0.0233976,0,0.00123145,0.00656775,0.105905,0.000410485,0.000820969,0.0209347,0.267225,0.256142,0,0,0.00574678,0.171993,0.260247,0.0775816,0,0.00123145,0.0172404,0.119451,0.252038,0.0825074,0.11863,0,0.00123145,0.0131355,0.176919,0.102621,0.0570574,0.00492582,0,0.0184718,0.233566,0.261889,0.0644461,0.0857913,0.0053363,0.0960534,0.109189,0.0492582,0.00287339,0.0742977,0.103442,0.0332493,0.0545945,0.0800445,0.0336597,0.00328388,0.0529525,0.0693719,0.00287339,0.639125,0.0233976
0,0.000501745,0,0,0,0.00150524,0.0210733,0,0,0.00702443,0.117408,0.000501745,0.000501745,0.0105366,0.156043,0.161562,0,0.00100349,0.00301047,0.0883071,0.0883071,0.0366274,0,0.000501745,0.0145506,0.115401,0.19267,0.0446553,0.0612129,0,0.00150524,0.0105366,0.223778,0.144001,0.0486693,0.00200698,0.000501745,0.0200698,0.358246,0.498735,0.0817845,0.0933246,0.00250873,0.0702443,0.153534,0.128948,0.0055192,0.0571989,0.12644,0.0416448,0.111387,0.0536867,0.0331152,0.00250873,0.0361256,0.0481675,0.00351222,0.555934,0.0195681
0,0.000701131,0,0.000350565,0.000701131,0.00140226,0.0140226,0,0,0.00490791,0.189656,0.000350565,0,0.0140226,0.168622,0.218052,0,0.000701131,0.00350565,0.143381,0.205081,0.0634523,0.0010517,0.000701131,0.0147237,0.0855379,0.180191,0.0659063,0.104468,0,0.000701131,0.00385622,0.213144,0.159858,0.040315,0.00420678,0.000350565,0.0182294,0.194213,0.232775,0.0480274,0.0585444,0.00946526,0.129709,0.157404,0.0585444,0.00490791,0.121997,0.169323,0.0655557,0.0974571,0.0999111,0.0574927,0.00595961,0.0469757,0.0809806,0.00666074,0.685355,0.0276947
0.000298352,0.000298352,0,0.000596705,0.000298352,0.00298352,0.0232715,0,0.000596705,0.00805552,0.119938,0.000895057,0.000895057,0.016111,0.326398,0.229731,0,0.000298352,0.00477364,0.138137,0.252406,0.0966662,0.000298352,0.00119341,0.00924893,0.0859255,0.13754,0.0543001,0.12501,0,0,0.00895057,0.176028,0.131573,0.0698145,0.0056687,0.00119341,0.0208847,0.195122,0.23898,0.0656375,0.104722,0.0056687,0.111584,0.128292,0.0450512,0.0056687,0.0629524,0.102335,0.0358023,0.0683227,0.0483331,0.0226748,0.00238682,0.0289402,0.0459463,0.00328188,0.682929,0.0229731
0,0,0,0.00067403,0,0.00067403,0.0198839,0,0.00067403,0.00640329,0.298932,0,0.000337015,0.0124696,0.175248,0.390601,0,0,0.00471821,0.128066,0.117955,0.0559445,0.00067403,0.00101105,0.00977344,0.0583036,0.133795,0.0380827,0.0566185,0,0.00067403,0.00539224,0.178281,0.249054,0.108182,0.00269612,0.00067403,0.0134806,0.104138,0.190751,0.0744803,0.144242,0.00707732,0.102116,0.107845,0.044149,0.00505523,0.0761654,0.14795,0.04516,0.0788615,0.0492042,0.0414529,0.00404418,0.0340385,0.0630218,0.00202209,0.646732,0.0185358
0,0.000665392,0,0.00133078,0.000665392,0.000998088,0.0212925,0,0.00133078,0.0079847,0.11112,0.000998088,0,0.015304,0.120436,0.211595,0.000332696,0.000332696,0.00266157,0.110122,0.151377,0.0815105,0.000332696,0.000332696,0.0083174,0.129419,0.190967,0.0499044,0.118107,0,0,0.00698661,0.248857,0.178325,0.061216,0.00532313,0.000665392,0.0129751,0.142061,0.294436,0.0745239,0.11478,0.00365965,0.0865009,0.0904933,0.0662065,0.00365965,0.0815105,0.135075,0.0402562,0.0811778,0.0825086,0.0422524,0.00365965,0.0465774,0.0728604,0.00432505,0.723281,0.0212925
0.000575056,0,0,0,0.000575056,0.000575056,0.0109261,0,0.000575056,0.010351,0.10466,0,0,0.020127,0.120762,0.186318,0,0.000575056,0.00517551,0.233473,0.211046,0.0845333,0.000575056,0.000575056,0.00805079,0.109836,0.244974,0.0885587,0.15009,0,0.000575056,0.00517551,0.131688,0.0960344,0.0471546,0.00632562,0,0.00747573,0.126512,0.212196,0.0690068,0.121337,0.00172517,0.061531,0.117887,0.0546304,0.00230023,0.0488798,0.0569306,0.0425542,0.092009,0.0724571,0.0241524,0.00460045,0.0316281,0.0529052,0.00287528,0.757924,0.0161016
0,0.000333685,0.000333685,0.000333685,0.000667371,0.000333685,0.0153495,0,0.00100106,0.00800845,0.114454,0,0,0.0123464,0.129804,0.374395,0,0.00100106,0.00166843,0.0984372,0.103109,0.0744119,0.000333685,0.000333685,0.0113453,0.0483844,0.169846,0.0417107,0.103109,0,0.00100106,0.00400423,0.124465,0.145821,0.077415,0.00800845,0.000333685,0.01268,0.0804182,0.230577,0.0834214,0.13581,0.0046716,0.0403759,0.036038,0.0367054,0.00500528,0.0567265,0.0817529,0.0226906,0.0480507,0.0306991,0.0260275,0.0023358,0.0196874,0.0403759,0.00367054,0.781491,0.0203548
0,0.000694343,0,0.00208303,0,0.000694343,0.0145812,0,0,0.0104151,0.161088,0,0,0.0173586,0.122899,0.15831,0,0,0.00624909,0.16942,0.130536,0.0631852,0,0.000694343,0.0111095,0.11665,0.231911,0.0881816,0.113178,0,0.000694343,0.00347171,0.0923476,0.130536,0.0611022,0.0048604,0,0.00555474,0.104846,0.203442,0.050687,0.0881816,0.000694343,0.0472153,0.0923476,0.0527701,0.00277737,0.093042,0.138869,0.0312454,0.0645739,0.0999854,0.0472153,0.00208303,0.0513814,0.0847098,0.00277737,0.796411,0.0180529
0.000450648,0,0,0.000450648,0.00180259,0.000450648,0.0256869,0.000450648,0.00225324,0.00991425,0.170795,0,0.00135194,0.0216311,0.146911,0.258221,0,0.000901295,0.00540777,0.134744,0.111761,0.0734556,0.000901295,0,0.0184766,0.0851724,0.172598,0.0612881,0.119872,0,0.00135194,0.00991425,0.211354,0.196032,0.0775114,0.00721036,0.000450648,0.0117168,0.133392,0.216311,0.0815672,0.130237,0.00675972,0.0513738,0.0500219,0.0491206,0.00270389,0.116718,0.0824685,0.0220817,0.056331,0.0865244,0.0333479,0.00315453,0.0374038,0.0666959,0.00360518,0.75168,0.0310947
0,0.000475434,0,0.0014263,0.000950867,0.0014263,0.0147384,0,0.000950867,0.00950867,0.345165,0.000475434,0.0028526,0.0185419,0.172107,0.331853,0,0.000950867,0.0042789,0.039461,0.102694,0.085578,0.0014263,0,0.00808237,0.0575275,0.0732168,0.0313786,0.0984147,0,0.00332803,0.00618064,0.133597,0.214421,0.117432,0.0028526,0,0.0114104,0.0884306,0.182091,0.0879552,0.157368,0.00332803,0.0689379,0.0575275,0.0565766,0.00190173,0.132171,0.127416,0.0347066,0.0622818,0.0532486,0.0323295,0.000950867,0.0232962,0.039461,0.00475434,0.702215,0.0337558
0,0,0,0,0,0,0.00948959,0,0.00086269,0.00345076,0.0957586,0,0.00086269,0.00690152,0.0534868,0.111287,0,0,0.00086269,0.0370957,0.0578003,0.036233,0,0.00086269,0.00690152,0.0405465,0.0716033,0.0267434,0.0750541,0,0,0.00603883,0.108699,0.097484,0.0707406,0.0086269,0.00086269,0.00517614,0.0638391,0.17944,0.0698779,0.142344,0.00172538,0.0448599,0.050036,0.0276061,0.00431345,0.0534868,0.0854064,0.025018,0.0552122,0.0664272,0.0414091,0.00258807,0.0336449,0.0741914,0.00431345,0.914452,0.0146657
0,0,0,0,0,0,0.0123708,0,0,0,0.106389,0,0,0.00371125,0.0185562,0.0259787,0,0,0.00123708,0.0272158,0.0185562,0.0173191,0,0,0.00123708,0.0371125,0.0804103,0.0197933,0.0259787,0,0,0.0160821,0.269684,0.218964,0.0334012,0.00494833,0.00247416,0.014845,0.272158,0.287003,0.0742249,0.0989666,0.00618541,0.132368,0.316693,0.0927811,0.00494833,0.0581429,0.103915,0.0680395,0.116286,0.0420608,0.0395866,0.00742249,0.02969,0.0804103,0.00123708,0.71627,0.0235046
0,0.00102726,0,0.00102726,0.000513629,0.000513629,0.0313314,0,0.000513629,0.00873169,0.209561,0.00102726,0.00154089,0.0190043,0.14998,0.325641,0,0.000513629,0.00873169,0.0975895,0.0929668,0.0621491,0.000513629,0,0.0169498,0.13303,0.151521,0.0354404,0.0703672,0,0.00256814,0.0123271,0.183366,0.194665,0.0914259,0.00410903,0.00102726,0.0303041,0.199288,0.258355,0.0934805,0.126866,0.0102726,0.221374,0.205452,0.0842351,0.00873169,0.114026,0.199802,0.077558,0.0934805,0.112998,0.0410903,0.00205452,0.0421176,0.0462266,0.00102726,0.599405,0.027736
0,0.00113626,0,0,0,0,0.0238615,0,0.00113626,0.00340879,0.0636308,0,0,0.017044,0.060222,0.12158,0,0,0.00340879,0.0340879,0.0670396,0.0420418,0,0.00113626,0.0159077,0.157941,0.0977187,0.0181802,0.0806747,0,0,0.00795385,0.131807,0.098855,0.0363604,0.00681758,0,0.0181802,0.255659,0.290884,0.060222,0.0999912,0.00454506,0.176121,0.272703,0.0931736,0.00454506,0.0829473,0.23407,0.101127,0.178393,0.0340879,0.021589,0.00227253,0.0227253,0.0318154,0.00113626,0.716982,0.00909011
0,0,0,0.00136674,0,0,0.0109339,0,0,0,0.0423689,0.00136674,0,0.0205011,0.0724371,0.077904,0,0,0.00273348,0.0205011,0.0847377,0.0382687,0.00136674,0,0.0177676,0.113439,0.0492026,0.0136674,0.0355352,0,0.00136674,0.00410021,0.151708,0.0888379,0.0205011,0,0.00136674,0.0273348,0.378586,0.451023,0.0656034,0.0765373,0.0123006,0.330751,0.325284,0.0970384,0.00410021,0.148974,0.211844,0.102505,0.12164,0.102505,0.0751706,0.00136674,0.0218678,0.0533028,0,0.483825,0.0218678
0,0,0,0.00133826,0.00133826,0.00133826,0.0147209,0,0.00267652,0.00669131,0.0361331,0,0,0.0107061,0.132488,0.103046,0,0.00133826,0.00401479,0.183342,0.148547,0.0388096,0.00133826,0,0.0160591,0.076281,0.236872,0.0575453,0.0789575,0,0,0.00267652,0.0294418,0.0187357,0.0267652,0,0.00133826,0.00936784,0.156577,0.113752,0.0240887,0.0401479,0.00669131,0.428244,0.294418,0.0455009,0.00401479,0.108399,0.250255,0.125797,0.173974,0.0521922,0.0294418,0.00267652,0.0200739,0.0388096,0.00133826,0.632998,0.025427
0,0,0,0,0,0,0.00677007,0,0,0.00135401,0.0148942,0,0,0.00541606,0.0162482,0.0162482,0,0,0.00677007,0.106967,0.0731168,0.00812409,0,0.00406204,0.0094781,0.123215,0.097489,0.0528066,0.0690547,0,0.00135401,0.00677007,0.0473905,0.0148942,0.0135401,0,0,0.0121861,0.352044,0.166544,0.0162482,0.0365584,0.00812409,0.22612,0.360168,0.102905,0.00135401,0.0839489,0.310069,0.105613,0.173314,0.096135,0.0528066,0,0.0392664,0.0731168,0.00270803,0.662113,0.0243723
0,0,0.000877741,0,0,0,0.00702193,0,0,0.00614419,0.0166771,0,0,0.00877741,0.0667083,0.0421316,0,0,0.00351096,0.050909,0.0877741,0.0351096,0.000877741,0.000877741,0.0114106,0.0781189,0.115862,0.0412538,0.0877741,0,0,0.00789967,0.0403761,0.0175548,0.00526645,0.00263322,0.000877741,0.0149216,0.135172,0.153605,0.0298432,0.0351096,0.00877741,0.121128,0.172915,0.0781189,0.00263322,0.172915,0.228213,0.0904073,0.14746,0.129906,0.0860186,0.00351096,0.0456425,0.112351,0.00351096,0.83912,0.0263322
0,0.0043723,0,0.00145743,0,0,0.0116595,0,0.00145743,0.0116595,0.0932758,0.00145743,0.00145743,0.023319,0.0859887,0.151573,0,0,0.0116595,0.163233,0.109308,0.0714143,0,0,0.0174892,0.169062,0.198211,0.0991056,0.129712,0,0,0,0.0612123,0.135541,0.0597548,0.0043723,0.00145743,0.0204041,0.0306061,0.0889035,0.0247764,0.0728717,0,0.0510102,0.0247764,0.0378933,0.00582974,0.0918184,0.144286,0.0247764,0.0626697,0.123882,0.0160318,0.00145743,0.0510102,0.0597548,0.00582974,0.848227,0.0276913
0.000578097,0,0,0,0,0,0.0138743,0,0,0.00635907,0.0838241,0.000578097,0.000578097,0.0132962,0.0531849,0.107526,0,0,0.00635907,0.0635907,0.077465,0.0410449,0.00115619,0,0.0208115,0.208693,0.165914,0.0450916,0.0699498,0,0,0.00751526,0.105214,0.0878708,0.0456697,0.00346858,0,0.0242801,0.215052,0.261878,0.0508726,0.0971203,0.00635907,0.102901,0.171117,0.0797774,0.00346858,0.102901,0.135275,0.0462478,0.129494,0.136431,0.0526069,0.00231239,0.0497164,0.0965422,0.00520288,0.782166,0.0225458
0,0,0,0.000739152,0,0.000739152,0.0110873,0,0,0.00591322,0.0768718,0,0,0.0103481,0.0946115,0.141178,0,0,0.000739152,0.0384359,0.0672629,0.0458274,0,0.0014783,0.00591322,0.0687412,0.082785,0.0295661,0.0739152,0,0.00221746,0.00813067,0.186266,0.0990464,0.0546973,0.00591322,0.000739152,0.0162613,0.110134,0.27866,0.0798284,0.108655,0.00591322,0.0842634,0.0946115,0.0569147,0.00369576,0.226181,0.161874,0.0428708,0.0916549,0.133787,0.0539581,0.00369576,0.0428708,0.0864808,0.00221746,0.803458,0.0206963
0.000858788,0.000858788,0,0,0,0,0.00858788,0,0.000858788,0.00858788,0.0824437,0,0.000858788,0.0128818,0.157158,0.231873,0,0,0.00429394,0.0506685,0.0858788,0.0644091,0.00171758,0,0.00601152,0.0721382,0.135689,0.0317752,0.0755734,0,0,0.00429394,0.176052,0.0927491,0.0498097,0.00515273,0,0.0214697,0.112501,0.275671,0.0858788,0.0953255,0.00601152,0.128818,0.100478,0.0618328,0.00429394,0.118513,0.144276,0.05668,0.089314,0.0858788,0.0412218,0.00257637,0.0343515,0.0798673,0.00257637,0.792662,0.0257637
0,0,0.00111702,0,0.00111702,0,0.0122873,0,0,0.00558512,0.173139,0,0,0.0212235,0.137394,0.188777,0,0.00111702,0.00111702,0.0402129,0.105,0.0759577,0,0,0.0122873,0.0357448,0.045798,0.0301597,0.0759577,0,0,0.00670215,0.237926,0.241277,0.0580853,0.00781917,0,0.0167554,0.091596,0.250214,0.103883,0.141862,0.00111702,0.128458,0.117288,0.0513831,0.00670215,0.0781917,0.182075,0.0625534,0.0938301,0.0312767,0.0346278,0.00558512,0.0134043,0.0346278,0.00223405,0.759577,0.0167554
0,0,0,0,0,0,0.0131627,0,0,0.00282058,0.188039,0,0.000940194,0.0150431,0.110943,0.165474,0,0,0.00376077,0.140089,0.148551,0.0432489,0.000940194,0.00376077,0.0197441,0.0799164,0.115644,0.0451293,0.0752155,0,0.000940194,0.00658135,0.14385,0.296161,0.0761557,0.00470097,0,0.0150431,0.105302,0.170175,0.058292,0.118464,0.0131627,0.116584,0.0958997,0.0460695,0.00564116,0.139149,0.218125,0.0770959,0.0761557,0.108122,0.0770959,0.0112823,0.0611126,0.110943,0.00658135,0.737112,0.0122225
0,0,0,0.000632355,0.000632355,0,0.0240295,0.000632355,0,0.0101177,0.184648,0.000632355,0,0.019603,0.0822061,0.189074,0,0.00189706,0.00569119,0.0411031,0.078412,0.048059,0.000632355,0.00126471,0.0189706,0.0645002,0.0841032,0.030353,0.0645002,0,0.00189706,0.0164412,0.259265,0.220692,0.0701914,0.00885297,0.00126471,0.0240295,0.165677,0.309222,0.0967503,0.109397,0.0145442,0.165677,0.149236,0.0834708,0.00885297,0.121412,0.240927,0.0613384,0.104339,0.0796767,0.0556472,0.00379413,0.0385736,0.0727208,0.00505884,0.683576,0.0366766
0,0,0,0.00175276,0.000876381,0,0.0210331,0,0,0.000876381,0.269049,0,0,0.00350552,0.0385608,0.181411,0,0,0.00262914,0.0315497,0.0508301,0.0271678,0,0,0.00613467,0.0429427,0.105166,0.0333025,0.0578411,0,0,0.0122693,0.248016,0.173523,0.055212,0.00175276,0.000876381,0.0236623,0.227859,0.290958,0.0595939,0.0718632,0.00876381,0.106918,0.116559,0.0613467,0.0043819,0.127952,0.185793,0.0578411,0.0718632,0.0946491,0.055212,0.00350552,0.036808,0.0902672,0.00175276,0.721261,0.018404
0.000319794,0.00111928,0,0.000639588,0.000479691,0.000959382,0.0255835,0,0.000959382,0.0137511,0.237927,0.000959382,0.000639588,0.0228653,0.15574,0.234409,0.000159897,0.00159897,0.00943393,0.135433,0.162775,0.0700349,0.000479691,0.000799485,0.0223856,0.175567,0.200991,0.0709943,0.101055,0.000159897,0.000799485,0.00799485,0.181323,0.163575,0.0615604,0.00607609,0.00143907,0.0172689,0.126638,0.189958,0.0500478,0.0693953,0.00895424,0.142628,0.0828267,0.0462103,0.00447712,0.23265,0.244323,0.0426925,0.0564437,0.222097,0.0650781,0.00223856,0.0689156,0.0871439,0.00431722,0.62216,0.0382154
0.000692073,0.000346037,0,0.00242226,0.000346037,0.000346037,0.0221463,0,0.000692073,0.00519055,0.22354,0,0.000692073,0.0155716,0.0712835,0.165752,0,0.000346037,0.0065747,0.0833948,0.0743979,0.0463689,0.00103811,0.000692073,0.0145335,0.0650549,0.122843,0.0384101,0.0615945,0,0.00173018,0.0114192,0.294131,0.24707,0.0737058,0.00899695,0.000692073,0.0183399,0.172672,0.30555,0.0982744,0.124919,0.00588262,0.0446387,0.125265,0.0830488,0.0065747,0.0709375,0.0923918,0.0387561,0.0889314,0.0636707,0.0359878,0.00865091,0.0304512,0.0515595,0.00242226,0.71941,0.0321814
0,0,0,0.000697396,0.00104609,0,0.0223167,0,0.000348698,0.00697396,0.374153,0,0,0.011507,0.184112,0.367876,0,0.000348698,0.00313828,0.10705,0.150637,0.0742726,0.000697396,0,0.0118557,0.0620682,0.0704369,0.0397515,0.100774,0,0.000348698,0.00697396,0.103912,0.22491,0.114024,0.00244088,0.000697396,0.0122044,0.10705,0.156565,0.0631143,0.139828,0.00244088,0.107748,0.0774109,0.0425411,0.00488177,0.0836875,0.126926,0.0421924,0.0732265,0.0672987,0.0247575,0.00209219,0.018481,0.0359159,0.00383568,0.662526,0.0142966
0.000557768,0.000557768,0,0,0,0,0.0206374,0,0,0.0156175,0.466852,0.000557768,0,0.0156175,0.169004,0.307888,0,0.000557768,0.00501991,0.16733,0.170677,0.0752986,0,0,0.0100398,0.0886851,0.133306,0.0630278,0.128287,0,0,0.00780875,0.133306,0.269402,0.141673,0.00892428,0,0.0100398,0.130518,0.16733,0.0680477,0.157848,0.00780875,0.0925895,0.102072,0.038486,0.00278884,0.076972,0.100398,0.031235,0.0451792,0.0429481,0.0223107,0.000557768,0.014502,0.0223107,0.00446214,0.566134,0.0200796
0.000494382,0.000494382,0,0,0.000494382,0.000988764,0.0237303,0,0.000988764,0.00939326,0.33618,0.000988764,0.000988764,0.0202697,0.174022,0.322337,0,0.00148315,0.00840449,0.0642696,0.0964045,0.0598202,0.00148315,0,0.0158202,0.126562,0.106292,0.0355955,0.0657528,0,0.00148315,0.0108764,0.140404,0.233348,0.0845393,0.00494382,0.000988764,0.020764,0.159685,0.164629,0.0667416,0.103326,0.00593258,0.146831,0.113213,0.0652584,0.00840449,0.148315,0.206157,0.0588314,0.0904719,0.169573,0.0533932,0.00593258,0.0435056,0.0845393,0.00494382,0.628359,0.0380674
0,0.000455115,0,0.000455115,0.000455115,0.00091023,0.0154739,0,0,0.00409603,0.0801002,0.000455115,0,0.00500626,0.0669019,0.0932986,0,0,0.00136534,0.0418706,0.0473319,0.031858,0.000455115,0.000455115,0.00728184,0.0282171,0.0760042,0.0300376,0.0482422,0,0,0.0163841,0.194334,0.0682672,0.0291274,0.00364092,0.00091023,0.0127432,0.433269,0.47514,0.067357,0.0614405,0.00546138,0.205257,0.291729,0.117875,0.0031858,0.035499,0.145182,0.0855616,0.167482,0.0341336,0.0195699,0.0031858,0.0182046,0.0327683,0.000455115,0.545228,0.0250313
0,0,0,0.000539771,0.000539771,0.00161931,0.014034,0,0.00107954,0.011875,0.182982,0,0.000539771,0.00971588,0.157613,0.242357,0,0.000539771,0.00431817,0.116051,0.119289,0.0572157,0,0.000539771,0.00971588,0.0356249,0.0528976,0.0302272,0.0842043,0,0,0.0075568,0.168948,0.195397,0.0836645,0.0102557,0.000539771,0.0194318,0.358408,0.360027,0.0836645,0.1425,0.0075568,0.109034,0.170028,0.107954,0.00485794,0.0442612,0.0804259,0.0367044,0.101477,0.0410226,0.0172727,0.00269886,0.0156534,0.0221306,0.00485794,0.635311,0.0269886
0,0.00106935,0,0.00178225,0.000356449,0.000356449,0.0139015,0,0.000712898,0.00641608,0.0474077,0.00106935,0,0.0131886,0.0559625,0.0973106,0,0.00106935,0.00427739,0.111569,0.0687947,0.0360014,0.000712898,0.00106935,0.0167531,0.0980235,0.199968,0.0474077,0.0723592,0.000356449,0.000712898,0.00463384,0.0965977,0.0859042,0.0463384,0.00712898,0.000712898,0.014258,0.148639,0.224206,0.0534674,0.0937461,0.00570319,0.137946,0.120836,0.0598834,0.00320804,0.219929,0.294427,0.0670124,0.0983799,0.140441,0.0744979,0.00748543,0.0566754,0.109073,0.00570319,0.760306,0.0267337
0,0,0,0,0,0.00040018,0.00440198,0,0,0.00320144,0.0448202,0.00040018,0,0.00680307,0.0764344,0.0912411,0,0,0.00360162,0.167676,0.127257,0.0468211,0,0,0.00840379,0.121655,0.202091,0.0948427,0.114452,0,0.00040018,0.00520234,0.194888,0.0788355,0.0280126,0.00240108,0.00040018,0.00600271,0.0752339,0.186884,0.0528238,0.053224,0.00160072,0.0500225,0.0628283,0.0316142,0.0020009,0.0368166,0.0560252,0.0236106,0.0584263,0.0556251,0.0280126,0.00240108,0.0592267,0.0960433,0.00120054,0.857586,0.013206
0,0,0,0,0.000667305,0,0.00867497,0,0,0.00166826,0.0984275,0,0,0.00500479,0.0313633,0.1041,0,0.000333653,0.00333653,0.0530508,0.0370354,0.0236893,0,0.000333653,0.00367018,0.047045,0.124786,0.0397047,0.0683988,0,0.000333653,0.00433748,0.236226,0.22655,0.0590565,0.00300287,0,0.00667305,0.100429,0.246569,0.103099,0.170496,0.000667305,0.0243566,0.0754055,0.0537181,0.00166826,0.0503815,0.0704007,0.0186845,0.0670642,0.0563873,0.0290278,0.000333653,0.0350335,0.0583892,0.00266922,0.835466,0.0113442
0,0,0,0,0,0,0.00334713,0,0,0.00239081,0.0631173,0,0,0.000956322,0.0525977,0.137232,0,0.000956322,0.00286897,0.014823,0.0315586,0.0349058,0,0,0.00191264,0.0133885,0.0210391,0.0162575,0.0645517,0,0,0.00478161,0.136276,0.0989793,0.0382529,0.000478161,0,0.00765058,0.0951541,0.256772,0.0626391,0.0918069,0.00382529,0.100414,0.0994575,0.0640736,0.00239081,0.0468598,0.123366,0.0569012,0.117149,0.0243862,0.0248644,0.00239081,0.0105195,0.0454253,0.000956322,0.887467,0.0133885
0,0.00099572,0,0.00049786,0,0,0.0119486,0,0.00049786,0.0049786,0.0921041,0.00049786,0.00049786,0.00697004,0.0233994,0.0507817,0,0,0.00298716,0.0383352,0.0338545,0.0159315,0,0.00049786,0.00896148,0.17923,0.168277,0.0194165,0.0278802,0,0.00099572,0.0109529,0.17226,0.135916,0.0348502,0.00049786,0.00049786,0.0174251,0.166783,0.278802,0.0477946,0.064224,0.00697004,0.232003,0.194165,0.0826448,0.00298716,0.226029,0.398288,0.0861298,0.146371,0.178234,0.0607389,0.00298716,0.0587475,0.0975806,0.0024893,0.613364,0.0154337
0,0.000333455,0,0.000333455,0.00066691,0.000333455,0.00633565,0,0.000333455,0.00333455,0.108039,0,0,0.00600219,0.0366801,0.13605,0,0.00100037,0.00366801,0.0393477,0.0416819,0.0393477,0.00066691,0,0.011004,0.0973689,0.127046,0.0420154,0.0913667,0,0,0.00133382,0.0416819,0.0846976,0.0590216,0.00133382,0.000333455,0.00433492,0.0733601,0.12838,0.0346793,0.107706,0.00200073,0.0586881,0.0720263,0.0393477,0.00200073,0.134049,0.131048,0.0376804,0.0706925,0.151722,0.0546866,0.00166728,0.0840307,0.12838,0.00233419,0.882656,0.0143386
0.000336905,0,0,0,0,0.000336905,0.00336905,0,0.000336905,0.00134762,0.0397548,0,0,0.00505358,0.0788358,0.0562632,0,0.000336905,0.00606429,0.21225,0.0687287,0.0245941,0.000336905,0.000336905,0.00539048,0.179907,0.652249,0.0956811,0.0929858,0,0,0.00101072,0.0215619,0.032006,0.0185298,0.00235834,0,0.00370596,0.0269524,0.0535679,0.0161715,0.0370596,0.00235834,0.0269524,0.0347012,0.0225727,0.00134762,0.0411024,0.0347012,0.0192036,0.0512096,0.109157,0.0215619,0.00134762,0.100398,0.119938,0.00437977,0.640794,0.00774882
0,0,0,0.000788377,0.000394188,0.000394188,0.00827796,0,0,0.00157675,0.137178,0.000394188,0,0.00630701,0.067012,0.140331,0,0,0.0067012,0.0760784,0.0674062,0.0374479,0.000394188,0.000394188,0.00906633,0.0938168,0.14585,0.0441491,0.068983,0,0.000394188,0.00591283,0.0839621,0.121016,0.0378421,0.00275932,0.000394188,0.0114315,0.102883,0.182509,0.0457259,0.0776551,0.00473026,0.107219,0.110767,0.0729249,0.00512445,0.20143,0.361077,0.062676,0.10446,0.142696,0.0681946,0.00157675,0.062676,0.111555,0.00315351,0.759207,0.014585
0.000225044,0,0,0,0,0,0.00270053,0,0,0.00180036,0.0220544,0.000225044,0.000675133,0.00180036,0.00832664,0.0159782,0,0,0.00292558,0.0418583,0.0135027,0.0040508,0,0,0.00832664,0.163607,0.182286,0.0227295,0.0290307,0,0,0.00135027,0.030606,0.0429835,0.0195789,0.000450089,0,0.00360071,0.0126025,0.0389327,0.0184536,0.0627874,0.00585116,0.0479345,0.0283556,0.0141778,0.00112522,0.203665,0.249349,0.0380325,0.0544608,0.231571,0.126475,0.00225044,0.102845,0.218968,0.00315062,0.828839,0.0105771
0.000276761,0,0,0,0,0,0.00387465,0,0,0.00193732,0.0481563,0,0.000553521,0.00664226,0.0996338,0.132568,0,0.000553521,0.00470493,0.0877331,0.141425,0.0691902,0,0.000276761,0.00387465,0.0498169,0.125373,0.0572895,0.144192,0,0.000276761,0.000830282,0.0193732,0.0326578,0.0390232,0.00304437,0,0.00442817,0.0298901,0.0365324,0.0166056,0.0802606,0.00276761,0.0478796,0.0506472,0.0218641,0.00193732,0.0271225,0.0583965,0.0257387,0.0545218,0.0442817,0.0193732,0.00221409,0.0318275,0.045112,0.00304437,0.929916,0.0105169
0.000310508,0.000310508,0,0.00124203,0,0,0.00403661,0,0,0.00155254,0.0158359,0,0,0.000310508,0.0142834,0.0425396,0,0.000310508,0.000931525,0.0105573,0.0180095,0.0114888,0,0.000310508,0.0037261,0.0161464,0.0254617,0.00776271,0.0214251,0,0.000310508,0.00465762,0.0459552,0.019562,0.0149044,0.000931525,0,0.0117993,0.235676,0.164569,0.0220461,0.0357085,0.00869423,0.214561,0.359258,0.129792,0.00217356,0.0701749,0.264243,0.144076,0.277905,0.037882,0.0459552,0.00527864,0.0192515,0.0683118,0.00124203,0.731247,0.01832
0.000387716,0,0,0,0,0,0.000775432,0,0.000387716,0.000387716,0.00310173,0,0.000775432,0.00193858,0.00542802,0.00852975,0,0,0.00193858,0.0220998,0.0135701,0.00465259,0,0.000387716,0.00271401,0.0569943,0.0697889,0.0162841,0.0263647,0,0,0.00155086,0.0151209,0.00193858,0.00193858,0.000775432,0,0.00620346,0.0267524,0.0476891,0.0100806,0.0143455,0.00426488,0.10352,0.0717275,0.0255893,0.0023263,0.0930518,0.245812,0.0946027,0.154311,0.0620346,0.0624223,0.00271401,0.0240384,0.0907256,0.0023263,0.922764,0.00891747
0,0,0,0,0.000236418,0,0.00118209,0,0.000236418,0.00283701,0.0810912,0.000236418,0,0.00496477,0.051539,0.156745,0,0.000236418,0.00307343,0.0553217,0.0541396,0.0496477,0.000236418,0,0.00212776,0.0179677,0.0669062,0.0553217,0.136413,0,0,0.000236418,0.00992954,0.0680882,0.061705,0.00212776,0,0.00094567,0.00094567,0.00732894,0.0104024,0.0903115,0,0.00283701,0.00165492,0.00212776,0,0.00496477,0.0115845,0.00378268,0.00638327,0.0238782,0.0080382,0.000236418,0.021514,0.0453922,0.00236418,0.954417,0.00732894
0.000421436,0,0,0.000210718,0.000210718,0.000210718,0.00695369,0,0,0.00189646,0.0465686,0,0.000210718,0.00126431,0.00758584,0.034347,0,0.000210718,0.00126431,0.00842871,0.00505723,0.00695369,0,0,0.000632153,0.00906087,0.0153824,0.00653225,0.0177003,0,0.000421436,0.0059001,0.34642,0.152138,0.0455151,0.00421436,0,0.00105359,0.0394042,0.408371,0.226311,0.232632,0.000632153,0.00168574,0.00484651,0.0301326,0.00779656,0.00463579,0.00737512,0.00252861,0.0299219,0.00737512,0.00632153,0.00147502,0.00674297,0.0174896,0.0023179,0.757741,0.0136967
0.000107793,0,0,0.000107793,0.000215586,0,0.00388054,0,0.000107793,0.00075455,0.0343859,0,0.000107793,0.00129351,0.0155222,0.0507704,0,0,0.00183248,0.0234988,0.027056,0.01563,0.000107793,0.000215586,0.00280261,0.0180014,0.0451652,0.018756,0.0380509,0,0.000215586,0.00312599,0.0680173,0.0647835,0.0251157,0.00075455,0.000215586,0.0060364,0.0860187,0.144119,0.0429016,0.0807369,0.00258703,0.0731914,0.107793,0.0683407,0.00398834,0.0344937,0.113614,0.0586393,0.152527,0.0264093,0.0288885,0.00269482,0.0173547,0.0548666,0.00183248,0.936397,0.00927019
0,0,0,0.000974522,0.000487261,0.000487261,0.00682165,0,0.00146178,0.0165669,0.127662,0.000487261,0,0.0155923,0.143255,0.386398,0,0,0.00146178,0.0350828,0.107685,0.116455,0.000487261,0,0.00194904,0.00779617,0.0292356,0.0399554,0.154949,0,0.000487261,0.000974522,0.0297229,0.0589586,0.0901433,0.0151051,0.000487261,0.00341083,0.105248,0.106223,0.0297229,0.117917,0.00292356,0.0638312,0.0477516,0.0219267,0.0024363,0.0487261,0.0726019,0.0170541,0.03557,0.00682165,0.00828343,0.000974522,0.00779617,0.0160796,0.000974522,0.832729,0.024363
0,0,0,0,0,0,0.0021341,0,0,0.000711366,0.0199182,0,0,0.000711366,0.0106705,0.0248978,0,0,0,0.00853639,0.00640229,0.00924775,0,0,0.00497956,0.021341,0.01565,0.00426819,0.0192069,0,0,0.00853639,0.207007,0.129469,0.0135159,0,0.000711366,0.0128046,0.19278,0.555577,0.105993,0.108839,0.00711366,0.0825184,0.105993,0.105282,0.00284546,0.0569093,0.179264,0.0675797,0.167171,0.0426819,0.0355683,0.00497956,0.00924775,0.0433933,0.000711366,0.682911,0.00924775
0.0018988,0.00151904,0,0.00227856,0.000759521,0.00113928,0.0224059,0,0.00303808,0.00607617,0.0573438,0.00151904,0.000759521,0.00417737,0.0322797,0.072914,0,0,0.000379761,0.00835473,0.0110131,0.0224059,0,0.0018988,0.00417737,0.0129119,0.0163297,0.00721545,0.0224059,0,0.00151904,0.0106333,0.0892437,0.0915223,0.0603819,0.00835473,0.00227856,0.0110131,0.080889,0.15874,0.0865854,0.147727,0.0102535,0.0292416,0.0486094,0.0668379,0.0125321,0.0326594,0.0558248,0.0300011,0.0907628,0.0307606,0.0243047,0.00987378,0.00987378,0.0330392,0.00227856,0.937629,0.0588629
0.00123602,0.000618012,0,0.00123602,0.00123602,0.000618012,0.00927017,0,0.00123602,0.00803415,0.0234844,0,0,0.0241025,0.055621,0.0679813,0,0.00185403,0.00679813,0.263273,0.153885,0.0488229,0.00185403,0.00123602,0.0129782,0.0321366,0.186021,0.0852856,0.0939378,0,0.000618012,0.0123602,0.0383167,0.0185403,0.0271925,0.0117422,0.00185403,0.0241025,0.213832,0.192202,0.0346086,0.0482049,0.0105062,0.0716893,0.134109,0.0951738,0.0105062,0.0222484,0.10877,0.0655092,0.116186,0.0185403,0.0296646,0.0148323,0.0352267,0.051295,0.00803415,0.826899,0.0488229
0.00812536,0.00609402,0,0.00406268,0.00660185,0.00304701,0.015235,0,0.000507835,0.00761752,0.015235,0.00304701,0.0015235,0.0142194,0.0162507,0.0208212,0,0.00507835,0.0142194,0.0573853,0.0309779,0.0274231,0.0116802,0.00660185,0.0203134,0.0578932,0.14067,0.0467208,0.0502756,0,0.00660185,0.0228526,0.073636,0.0401189,0.0269152,0.0157429,0.00812536,0.0512913,0.136608,0.230557,0.0558618,0.0528148,0.0233604,0.064495,0.0807457,0.128482,0.0355484,0.0599245,0.135084,0.0980121,0.132037,0.0436738,0.0680499,0.0482443,0.055354,0.0863319,0.0213291,0.870429,0.142702
0,0.00202483,0,0.000506207,0.000506207,0.00151862,0.0161986,0,0.000506207,0.00860553,0.0698566,0.00101241,0.00202483,0.0187297,0.0814994,0.20957,0,0.000506207,0.0126552,0.0850429,0.070869,0.0713753,0,0.000506207,0.00455587,0.0779559,0.229312,0.0759311,0.143763,0,0.00101241,0.00303724,0.0531518,0.0698566,0.0541642,0.0131614,0.000506207,0.00860553,0.0541642,0.0744125,0.0485959,0.097698,0.00607449,0.0263228,0.0435338,0.0369531,0.00809932,0.0217669,0.0394842,0.0263228,0.065807,0.0313849,0.0197421,0.00911173,0.0445463,0.056189,0.0172111,0.8889,0.0425214
0,0,0,0.000450175,0,0,0.00135052,0,0,0.0018007,0.0274607,0,0,0,0.00675262,0.056722,0,0,0.000450175,0.00225087,0.00765297,0.0072028,0,0,0.00135052,0.00270105,0.0166565,0.00315122,0.0166565,0,0,0.00270105,0.0639248,0.046368,0.020708,0.000450175,0,0.00135052,0.105341,0.196276,0.0369143,0.0778803,0.00135052,0.0580726,0.0774301,0.0517701,0.0018007,0.0198077,0.0765297,0.0477185,0.104441,0.0117045,0.0234091,0.00090035,0.0072028,0.0364642,0.00090035,0.947618,0.0054021
0,0.0006038,0,0,0.0006038,0,0.0018114,0,0.0006038,0.0012076,0.0501154,0.0006038,0,0.006038,0.0416622,0.0718522,0,0.0006038,0.0066418,0.115326,0.0857396,0.0320014,0.0006038,0.0006038,0.0084532,0.208915,0.25903,0.0440774,0.0670218,0,0.0006038,0.0006038,0.0144912,0.0217368,0.0356242,0.0018114,0.0006038,0.003019,0.0295862,0.0326052,0.0187178,0.0519268,0.006038,0.0464926,0.0374356,0.0156988,0.0024152,0.17631,0.153365,0.0398508,0.0640028,0.190801,0.0881548,0.0054342,0.114722,0.227029,0.0018114,0.819357,0.015095
0.000583796,0,0,0.000583796,0,0,0.00642175,0,0,0.00291898,0.0723906,0,0,0.0105083,0.0764772,0.119678,0,0.000583796,0.00583796,0.0636337,0.120846,0.048455,0,0.000583796,0.00934073,0.115592,0.131938,0.0671365,0.144197,0,0,0.00175139,0.0507902,0.0210166,0.0122597,0.00116759,0.000583796,0.0116759,0.0858179,0.190317,0.0210166,0.028606,0.00642175,0.157625,0.113256,0.0408657,0.00350277,0.120846,0.199074,0.0683041,0.0823152,0.166382,0.0554606,0.00233518,0.0869855,0.134273,0.00525416,0.82899,0.019849
0.000676374,0,0,0,0,0,0.00811649,0,0,0.00135275,0.0662847,0,0,0.00676374,0.0514044,0.0764303,0,0,0.00338187,0.021644,0.0615501,0.0358478,0,0,0.00473462,0.0622264,0.072372,0.0250258,0.0676374,0,0,0.00608737,0.179239,0.18465,0.0426116,0.00135275,0.000676374,0.00608737,0.0919869,0.267844,0.0750775,0.11566,0.00541099,0.0791358,0.102133,0.0635792,0.00405825,0.0764303,0.121747,0.0561391,0.133246,0.0960451,0.0365242,0.00473462,0.0466698,0.0926633,0.00135275,0.846144,0.0114984
0,0,0,0,0,0,0.00819886,0,0,0,0.371291,0,0,0,0.00819886,0.15695,0,0,0,0,0.00117127,0.0035138,0,0,0,0.00702759,0.00117127,0.0035138,0.00468506,0,0,0.00234253,0.19443,0.507158,0.154607,0.00117127,0,0.00234253,0.00937012,0.0597345,0.144066,0.336153,0.00117127,0.00117127,0.00585633,0.0128839,0.00234253,0.0960438,0.00937012,0.00468506,0.022254,0.0913587,0.0374805,0.00234253,0.0035138,0.0386518,0,0.599688,0.0035138
0,0.000690848,0,0.000690848,0.000690848,0,0.013817,0,0,0.00829018,0.0994821,0.000690848,0,0.0186529,0.183075,0.237652,0,0.000690848,0.00690848,0.297755,0.16304,0.0856651,0,0.000690848,0.0103627,0.241106,0.435234,0.0946462,0.155441,0,0,0.00759933,0.102936,0.0628672,0.0303973,0.00345424,0.000690848,0.00552678,0.170639,0.13886,0.0262522,0.0504319,0.00345424,0.145769,0.189292,0.0414509,0.0013817,0.0518136,0.054577,0.0234888,0.0531953,0.0607946,0.00690848,0.000690848,0.0614855,0.0656306,0.00414509,0.590675,0.0165804
0,0,0,0,0,0,0,0,0,0,0.00145787,0,0,0.00145787,0.0043736,0.00291573,0,0,0.000728933,0.0196812,0.00801827,0.00291573,0.000728933,0,0.0087472,0.0779959,0.0400913,0.0087472,0.0145787,0,0,0.000728933,0.000728933,0.00364467,0.0021868,0,0,0.00510253,0.0116629,0.00947613,0.00145787,0.0065604,0.00364467,0.0823695,0.0517543,0.0182233,0.00145787,0.27335,0.351346,0.0801827,0.126834,0.149431,0.0823695,0.0065604,0.0247837,0.098406,0.000728933,0.849207,0.00583147
0,0,0,0,0,0.000630438,0.00441306,0,0,0.00126088,0.0485437,0,0,0,0.00252175,0.0718699,0,0,0,0.000630438,0.00126088,0.00378263,0,0,0,0.000630438,0.00126088,0,0.00315219,0,0,0.0050435,0.0813265,0.122305,0.0422393,0,0,0.00252175,0.155718,0.208675,0.0617829,0.128609,0,0.11474,0.20111,0.0989787,0.00126088,0.0119783,0.140588,0.102131,0.234523,0.000630438,0.010087,0.00126088,0,0.0113479,0,0.855504,0.00378263
0,0,0,0,0.000645478,0,0.00322739,0,0,0.00258191,0.0626114,0,0,0.014846,0.167179,0.244636,0,0,0.00516382,0.463453,0.350494,0.0658387,0,0,0.00193643,0.0458289,0.28401,0.180734,0.213653,0,0,0.000645478,0.0129096,0.00968217,0.0271101,0.00258191,0,0.00193643,0.00903669,0.0264646,0.0103276,0.0355013,0,0.0142005,0.0109731,0.0154915,0,0.0213008,0.0142005,0.0109731,0.0225917,0.0251736,0.013555,0.000645478,0.0393741,0.0471199,0.00387287,0.628695,0.0103276
0,0.000313536,0,0.000313536,0.000313536,0,0.00125414,0,0,0.000313536,0.00564365,0.000627072,0,0.00188122,0.0191257,0.0241423,0,0.000313536,0.00376243,0.0250829,0.0225746,0.0150497,0.000627072,0,0.00971961,0.0950014,0.177775,0.0153633,0.0257099,0,0.000313536,0.00250829,0.0319807,0.00658425,0.00470304,0.000313536,0.000313536,0.00470304,0.0561229,0.14893,0.0206934,0.0235152,0.0043895,0.0501657,0.0388784,0.0420138,0.00219475,0.047971,0.13482,0.0504793,0.0997044,0.0636478,0.0548688,0.00501657,0.0909254,0.170877,0.00125414,0.919287,0.0125414
0,0,0,0,0,0.000318624,0.00573523,0,0,0.000955871,0.0210292,0.000318624,0.000318624,0.00764697,0.0238968,0.0649993,0,0,0.00350486,0.104827,0.0286761,0.0258085,0,0,0.00223037,0.189263,0.432373,0.0586268,0.091445,0,0,0.000318624,0.074558,0.0532102,0.0267644,0.00159312,0,0.0012745,0.0264458,0.099092,0.056715,0.0837981,0.000318624,0.0054166,0.0066911,0.0133822,0.0012745,0.00573523,0.0105146,0.00509798,0.0194361,0.037279,0.00477936,0.00191174,0.066911,0.0583082,0.00318624,0.841167,0.00860284
0,0.000627898,0,0.000627898,0,0,0.0100464,0,0,0.00376739,0.114277,0,0,0.00690687,0.152579,0.268112,0,0,0.0131859,0.263717,0.160742,0.0433249,0,0.000627898,0.00753477,0.135626,0.337181,0.106115,0.102975,0,0,0.00502318,0.0740919,0.0847662,0.0357902,0.0012558,0,0.00941847,0.0803709,0.079743,0.0282554,0.0539992,0.00565108,0.176439,0.128091,0.0263717,0.0012558,0.174556,0.27188,0.0571387,0.0634177,0.131859,0.0577666,0,0.0835104,0.11051,0.00502318,0.639828,0.0175811
0,0,0,0,0,0,0.00792665,0,0.000720604,0.00432363,0.136915,0,0,0.00504423,0.0252212,0.101605,0,0,0.00144121,0.0389126,0.0403538,0.0302654,0,0,0.00288242,0.0331478,0.0922374,0.0410744,0.0605308,0,0,0.00432363,0.162136,0.22699,0.0670162,0.00288242,0,0.00792665,0.103046,0.194563,0.110973,0.185916,0.00288242,0.0288242,0.058369,0.0439569,0.00144121,0.0807077,0.0403538,0.0136915,0.0684574,0.0698986,0.034589,0.00288242,0.0338684,0.0807077,0.00648544,0.860402,0.0115297
0,0,0,0,0,0.000794272,0.00714845,0,0,0.00476563,0.0897528,0,0,0.0119141,0.15806,0.243047,0,0,0.00635418,0.0881642,0.100078,0.0357423,0,0,0.00953127,0.0976955,0.105638,0.0293881,0.0452735,0,0,0.00238282,0.0714845,0.0675132,0.0309766,0.00158854,0,0.00555991,0.0683074,0.0953127,0.0285938,0.0500392,0.00476563,0.15806,0.101667,0.0389193,0.00397136,0.366954,0.512306,0.0849871,0.124701,0.0818101,0.0603647,0.00476563,0.0142969,0.0579819,0.00158854,0.605236,0.0111198
0.00109999,0,0,0,0,0,0.00494995,0,0,0.000549995,0.0505995,0,0,0.00274997,0.0291497,0.0918491,0,0,0.000549995,0.0241998,0.0307997,0.0252998,0,0,0.00219998,0.0401496,0.0450996,0.0131999,0.0412496,0,0,0.00274997,0.0571994,0.0582994,0.0434496,0.00384996,0,0.00549995,0.0318997,0.103949,0.0450996,0.0929491,0.000549995,0.0500495,0.0302497,0.0258497,0.00329997,0.0593994,0.099549,0.0280497,0.0720493,0.0698493,0.0340997,0.00219998,0.0225498,0.0736993,0.00219998,0.955891,0.00879991
0,0.000370424,0,0,0.000370424,0,0.000370424,0,0,0,0.0029634,0.000370424,0,0.00592679,0.0329678,0.0177804,0,0,0.00444509,0.081123,0.0511186,0.0185212,0.000370424,0,0.00444509,0.0485256,0.204474,0.0433397,0.0766779,0,0,0.00111127,0.0162987,0.0103719,0.00444509,0.0014817,0.000370424,0.0014817,0.0181508,0.0240776,0.0100015,0.0159283,0.00185212,0.0125944,0.0118536,0.014817,0.00185212,0.0111127,0.027041,0.0125944,0.0322269,0.0303748,0.0185212,0.0029634,0.0407467,0.0800117,0.00518594,0.960881,0.0125944
0.000725804,0,0,0.000362902,0,0,0.00725804,0,0,0.00290322,0.0489918,0,0.000362902,0.00580643,0.0275806,0.0718546,0,0.000362902,0.00145161,0.0224999,0.0322983,0.0264919,0,0,0.00399192,0.0540724,0.0743949,0.018508,0.0562498,0,0,0.00471773,0.214112,0.122298,0.0504434,0.00217741,0,0.00689514,0.0627821,0.362902,0.12883,0.191975,0.00471773,0.0772982,0.0671369,0.0366531,0.00181451,0.0856449,0.142258,0.0417338,0.0733062,0.0787498,0.0442741,0.00181451,0.0359273,0.0856449,0.00326612,0.813264,0.00979836
0.00252662,0.00421104,0,0.00252662,0.00252662,0.00294773,0.0143175,0,0.00252662,0.00378994,0.0240029,0.00378994,0.00463214,0.0168442,0.0286351,0.0589546,0,0.00547435,0.00757987,0.0240029,0.0307406,0.0370572,0.00421104,0.00336883,0.0151597,0.0320039,0.0745354,0.0341094,0.0492692,0.000842208,0.00252662,0.020213,0.0909585,0.0412682,0.0349516,0.0101065,0.00252662,0.0227396,0.128858,0.234555,0.0711666,0.0631656,0.0134753,0.0492692,0.0837997,0.0981172,0.0248451,0.0454792,0.126752,0.0597968,0.114119,0.0370572,0.0517958,0.0193708,0.0400049,0.0741143,0.0214763,0.899057,0.115383
0,0,0,0,0.000560568,0.000560568,0.0106508,0,0,0.00560568,0.169292,0,0.00112114,0.0201805,0.202365,0.25618,0,0.000560568,0.00840853,0.240484,0.182185,0.0594203,0.00112114,0,0.0100902,0.0824036,0.322887,0.0874487,0.109311,0,0,0.00224227,0.0633442,0.105387,0.053254,0.00168171,0.000560568,0.0112114,0.0784796,0.11828,0.0269073,0.0902515,0.00336341,0.032513,0.0465272,0.0470877,0.00616625,0.119962,0.140703,0.0257861,0.0661471,0.0448455,0.0364369,0.00224227,0.0470877,0.0661471,0.00392398,0.732663,0.0162565
0.000505124,0,0,0,0,0.000505124,0.00858711,0,0,0.00151537,0.112643,0,0,0.00808199,0.115168,0.217709,0,0.000505124,0.00252562,0.0823353,0.119209,0.0737482,0,0,0.00555637,0.0838506,0.168712,0.0439458,0.134868,0,0,0.0020205,0.102035,0.0757687,0.0505124,0.00252562,0,0.0116179,0.0530381,0.115673,0.0429356,0.0878916,0.00252562,0.0959736,0.0636457,0.0358638,0.00151537,0.0641508,0.197504,0.0505124,0.0843558,0.0560688,0.0348536,0.00353587,0.0419253,0.0727379,0.00353587,0.849114,0.00656662
0,0.00067015,0,0.00067015,0,0,0.00569628,0,0.000335075,0.00234553,0.0619889,0.00100523,0,0.00502613,0.0194344,0.0522717,0,0,0.0013403,0.0103873,0.0107224,0.0144082,0,0,0.00703658,0.0462404,0.0348478,0.00904703,0.0251306,0,0,0.00502613,0.167202,0.167873,0.0462404,0.00100523,0.000335075,0.00904703,0.113255,0.301232,0.0861143,0.137381,0.00435598,0.0867844,0.0807531,0.062324,0.000335075,0.0871195,0.174239,0.0509314,0.106889,0.0717061,0.048921,0.00234553,0.0278112,0.0774023,0.00100523,0.846065,0.0117276
0.000259288,0.000259288,0,0,0.000259288,0.000259288,0.00855651,0,0.000518576,0.00337075,0.0453754,0.000518576,0,0.00388932,0.0731193,0.0904916,0,0.000518576,0.00388932,0.0503019,0.0456347,0.0220395,0.000518576,0.00129644,0.0137423,0.0866023,0.089973,0.0277438,0.0414861,0,0,0.00259288,0.0334482,0.0363003,0.0347446,0.00285217,0,0.0160759,0.110716,0.11668,0.0274845,0.0591177,0.00933437,0.203282,0.162055,0.0692299,0.00414861,0.162833,0.34589,0.0866023,0.135348,0.0928252,0.0687114,0.00544505,0.0503019,0.0871208,0.00388932,0.811572,0.0163352
0,0,0,0,0,0.000641988,0.00481491,0,0,0.00224696,0.054569,0,0.000320994,0.0051359,0.0635568,0.100471,0,0.000320994,0.00770386,0.0885944,0.0763966,0.0263215,0,0.000320994,0.0141237,0.25519,0.241067,0.0439762,0.0654828,0,0,0.00128398,0.0301734,0.052643,0.0381983,0.00192596,0.000641988,0.00320994,0.0385193,0.0680507,0.0292105,0.0844214,0.0054569,0.0507171,0.0491121,0.0314574,0.00160497,0.131608,0.104002,0.0260005,0.0706187,0.237536,0.0725446,0.00417292,0.126151,0.199337,0.00256795,0.81372,0.0134817
0,0.00024195,0,0.00024195,0.00024195,0.0004839,0.00725851,0,0.0004839,0.0019356,0.0404057,0.00024195,0,0.00362925,0.0462125,0.0558905,0,0.00024195,0.0033873,0.0691978,0.0495998,0.0181463,0.00024195,0,0.0058068,0.0474222,0.0505676,0.019356,0.0394379,0,0,0.00459705,0.0694397,0.0636329,0.0229853,0.00217755,0,0.00822631,0.151219,0.140331,0.0307277,0.0551646,0.00314535,0.0742787,0.112507,0.048632,0.0019356,0.0505676,0.0953284,0.0442769,0.0960542,0.0595197,0.0362925,0.00411315,0.0297599,0.0754885,0.00217755,0.931508,0.00895216
0,0,0,0,0.000913885,0,0.0137083,0,0,0.00274166,0.142566,0,0.000913885,0.00731108,0.205624,0.368296,0,0,0.00274166,0.287874,0.254974,0.100527,0.000913885,0,0.00365554,0.0328999,0.118805,0.055747,0.126116,0,0,0.00456943,0.106925,0.116063,0.0932163,0.000913885,0,0.00731108,0.107838,0.201055,0.0575748,0.121547,0.00274166,0.0749386,0.0676275,0.0603164,0,0.0493498,0.175466,0.0347276,0.0676275,0.0758525,0.0402109,0.000913885,0.0374693,0.0594025,0.00182777,0.663481,0.0109666
0,0,0,0,0,0,0.00410916,0,0.00037356,0.00336204,0.0478157,0,0,0.00821832,0.20359,0.134108,0,0.00037356,0.0168102,0.294739,0.158763,0.02204,0,0.00037356,0.00859188,0.410916,0.638414,0.0564075,0.0545397,0,0.00037356,0.00261492,0.0410916,0.0631316,0.0246549,0.00037356,0,0.0018678,0.0392238,0.0612638,0.0242814,0.0493099,0.00149424,0.0283905,0.0212929,0.0227871,0.0018678,0.104597,0.0575282,0.0156895,0.0403445,0.163246,0.0530455,0.00336204,0.157642,0.15951,0.00635052,0.360859,0.0119539
0.000247818,0.000247818,0,0.000743455,0.000991273,0.00148691,0.0237906,0,0.00173473,0.0131344,0.173968,0.000247818,0.000743455,0.0242862,0.21808,0.231462,0,0.000743455,0.00718673,0.242366,0.244349,0.070876,0.000743455,0.000743455,0.0170995,0.210893,0.266405,0.0666631,0.0857451,0,0,0.00619546,0.173721,0.164056,0.0703804,0.00743455,0,0.0143735,0.18289,0.201972,0.0582373,0.102101,0.00421291,0.118705,0.118209,0.046342,0.00520418,0.119201,0.121679,0.0324642,0.059972,0.145717,0.038164,0.00223036,0.0470855,0.0624502,0.00346946,0.610129,0.0282513
0.000387932,0.000387932,0,0.000193966,0.000193966,0.000193966,0.00329742,0,0.000193966,0.00213363,0.0673062,0.000193966,0,0.00426725,0.0535346,0.164289,0,0,0.00213363,0.0407329,0.0523708,0.0465518,0.000193966,0.000387932,0.00174569,0.0428665,0.096789,0.0331682,0.0960132,0,0,0.00096983,0.0725433,0.128987,0.0610993,0.00310346,0.000193966,0.00271552,0.0201725,0.0519829,0.0519829,0.133061,0.00096983,0.0186207,0.0279311,0.0176509,0.00096983,0.0205604,0.0473277,0.0143535,0.0415087,0.0321984,0.0195906,0.00155173,0.0246337,0.0417027,0.000581898,0.937244,0.0091164
0.00123689,0.000618444,0,0.00267992,0.000412296,0.000824592,0.00927665,0,0.00103074,0.00639058,0.0424665,0.000618444,0.000618444,0.0127812,0.0531862,0.10596,0,0.000618444,0.00535985,0.0470017,0.0616382,0.051537,0.00144304,0.00123689,0.00865821,0.0290669,0.0694718,0.0463833,0.0950342,0,0.000824592,0.00700903,0.0416419,0.0395804,0.0428788,0.00639058,0.00123689,0.0121627,0.0424665,0.0667919,0.0375189,0.07813,0.00762747,0.0500939,0.0610198,0.0377251,0.0113381,0.0387558,0.110701,0.0492693,0.0814284,0.033396,0.0387558,0.00803977,0.0327775,0.0760686,0.00824592,0.946631,0.0517431
0,0.000765528,0,0,0,0.000382764,0.00344487,0,0.000574146,0.00114829,0.0199037,0.000574146,0,0.00382764,0.031578,0.0378936,0,0.000382764,0.00612422,0.111384,0.0757872,0.0252624,0.000191382,0,0.00401902,0.171095,0.339894,0.0738734,0.113107,0,0.000382764,0.00287073,0.0754045,0.0489938,0.0179899,0.00095691,0.000191382,0.00133967,0.0514817,0.199229,0.05263,0.0798063,0.0021052,0.0304297,0.027559,0.0308125,0.00191382,0.0555008,0.0872702,0.0202865,0.0524386,0.093203,0.0319608,0.00095691,0.0834425,0.11081,0.00287073,0.842463,0.0118657
0.00040944,0.00040944,0,0,0.00040944,0.00040944,0.00982657,0,0.000818881,0.00491328,0.137572,0.00040944,0.00040944,0.0200626,0.200626,0.280467,0,0.000818881,0.00941713,0.193256,0.211681,0.0769748,0,0.000818881,0.00655105,0.235838,0.280467,0.0679671,0.120785,0,0.00040944,0.00655105,0.0519989,0.10973,0.0863919,0.00614161,0,0.00941713,0.0966279,0.141666,0.0393063,0.118738,0.00614161,0.101132,0.139619,0.0556839,0.00491328,0.0831164,0.180563,0.0507706,0.0986751,0.101541,0.0368496,0.000818881,0.0655105,0.0782031,0.00614161,0.666978,0.0286608
0.000776198,0,0,0,0.000776198,0.000388099,0.0100906,0,0.000388099,0.00504529,0.0880985,0,0.000388099,0.0178526,0.195602,0.189004,0,0.000388099,0.00853818,0.390816,0.324839,0.0830532,0.000388099,0.000388099,0.0104787,0.139716,0.352006,0.0702459,0.116818,0,0.000388099,0.0019405,0.0477362,0.0523934,0.0384218,0.00388099,0,0.00892628,0.145149,0.114101,0.011643,0.0535577,0.00232859,0.176585,0.21035,0.0551101,0.0011643,0.0566625,0.10207,0.0578268,0.0954724,0.082277,0.0329884,0.000776198,0.0407504,0.0454076,0.00310479,0.574775,0.0159121
0.000333184,0.000999552,0,0.00133274,0.00133274,0.000666368,0.0169924,0,0.000999552,0.0143269,0.175921,0.00133274,0.00133274,0.0296534,0.282873,0.316858,0,0,0.0133274,0.361171,0.310194,0.0992888,0.00133274,0,0.0169924,0.117281,0.283873,0.11928,0.164593,0,0.000333184,0.00599731,0.0772987,0.0956238,0.0553085,0.00566413,0.000333184,0.0166592,0.045313,0.0789646,0.0316525,0.048978,0.00633049,0.102954,0.0373166,0.0223233,0.00299866,0.0849619,0.120613,0.0236561,0.0309861,0.0633049,0.0273211,0.00266547,0.0423144,0.0536426,0.00866278,0.581739,0.025322
0.000526863,0.000526863,0,0,0.000526863,0.00210745,0.0273969,0,0,0.00684922,0.11749,0,0.00210745,0.0305581,0.368804,0.192305,0,0.00158059,0.0126447,0.390933,0.432555,0.0684922,0.000526863,0.000526863,0.0173865,0.208638,0.334031,0.122759,0.12434,0,0.00105373,0.00790295,0.102211,0.0721803,0.0273969,0.00368804,0.000526863,0.0100104,0.0795563,0.138038,0.0374073,0.0374073,0.00526863,0.0695459,0.0679654,0.0300312,0.00421491,0.209692,0.134877,0.0279238,0.0305581,0.119071,0.0447834,0.00105373,0.0621699,0.0626967,0.0100104,0.369858,0.0284506
0.00032146,0.00064292,0,0.00096438,0.00064292,0.00032146,0.0147872,0,0.00032146,0.00353606,0.131156,0.00128584,0.00032146,0.00578628,0.155587,0.24431,0,0.00032146,0.00064292,0.0260383,0.0594701,0.0517551,0.00032146,0,0.00353606,0.0289314,0.0485405,0.0234666,0.0546482,0,0,0.00417898,0.210235,0.161373,0.0511121,0.00257168,0,0.00739358,0.072007,0.191269,0.0794006,0.110582,0.00064292,0.108332,0.0703997,0.0286099,0.00192876,0.0819723,0.24431,0.0343962,0.0610774,0.0450044,0.0282885,0.00096438,0.0189661,0.048219,0.00064292,0.810722,0.0122155
0.000395205,0,0,0,0,0,0.0162034,0,0,0.00316164,0.138322,0,0,0.00316164,0.0201555,0.0794362,0,0,0.000395205,0.0165986,0.0142274,0.00750889,0.000395205,0,0.00118561,0.0142274,0.0162034,0.00474246,0.0079041,0,0,0.0102753,0.290476,0.25135,0.0580951,0.00158082,0,0.00750889,0.319721,0.571862,0.105125,0.178633,0.00079041,0.0367541,0.0952444,0.143459,0.00434725,0.00711369,0.0122514,0.00553287,0.12607,0.00434725,0.00158082,0.00079041,0.00316164,0.00474246,0.00079041,0.54973,0.00869451
0,0,0,0.000659758,0,0.000659758,0.00329879,0,0,0.00197927,0.0356269,0.000659758,0,0.0105561,0.139209,0.122055,0,0,0.00131952,0.114798,0.173516,0.0613574,0,0.000659758,0.00725733,0.0382659,0.160981,0.0666355,0.160981,0,0.00131952,0.00131952,0.0237513,0.0395855,0.0277098,0.0046183,0,0.00329879,0.024411,0.040905,0.019133,0.0336476,0.00197927,0.0178135,0.0164939,0.0230915,0.00131952,0.024411,0.0686148,0.0138549,0.0362867,0.0211122,0.0263903,0.00131952,0.0395855,0.067955,0.00329879,0.915084,0.0112159
0,0.000158895,0,0,0,0.000317791,0.00651471,0,0,0.0034957,0.0981974,0.000158895,0,0.0100104,0.0867569,0.163345,0,0,0.00476686,0.0776999,0.106142,0.0597447,0,0.000158895,0.00572024,0.0848502,0.120125,0.045603,0.107254,0,0.000317791,0.00190675,0.0688017,0.103282,0.0535478,0.00206564,0,0.00365459,0.0351159,0.098833,0.0430607,0.0993096,0.00143006,0.0311435,0.0347981,0.0244699,0.00206564,0.0498932,0.0800833,0.0251055,0.0567257,0.102646,0.0370226,0.00158895,0.0527533,0.0969262,0.00222454,0.905068,0.00826256
0.000501307,0,0,0,0.000250654,0.000250654,0.00501307,0,0.000501307,0.00200523,0.0213056,0,0.000250654,0.00501307,0.0185484,0.031833,0,0,0.00250654,0.0543919,0.0323343,0.0110288,0.000250654,0,0.0100261,0.097003,0.136857,0.0185484,0.0243134,0,0,0.00526373,0.107781,0.0375981,0.013034,0.000751961,0.000501307,0.012282,0.19927,0.251656,0.0348409,0.0396033,0.006517,0.0814625,0.149891,0.0882301,0.00225588,0.0629141,0.121066,0.0596556,0.150894,0.0726896,0.0443657,0.00375981,0.0416085,0.0769507,0.00150392,0.865257,0.0125327
0.000211813,0.000211813,0,0.00063544,0,0.000211813,0.00444808,0,0,0.00190632,0.0254176,0.000211813,0,0.00889616,0.0999759,0.130053,0,0.000211813,0.00614259,0.134501,0.0777355,0.0508352,0,0.000423627,0.00783709,0.169451,0.326192,0.0847253,0.126029,0,0.000211813,0.0031772,0.114803,0.0389736,0.0141915,0.00169451,0.000423627,0.00698984,0.0883261,0.194021,0.0393973,0.0489289,0.00402445,0.0673566,0.0728638,0.0311366,0.00254176,0.0713811,0.138314,0.0300775,0.0542242,0.114591,0.0533769,0.00275357,0.0934097,0.13196,0.00360083,0.801078,0.0148269
0,0,0,0.000472064,0.000944128,0,0.0193546,0,0.000472064,0.0051927,0.20818,0,0,0.0198267,0.266716,0.487642,0,0.000472064,0.0051927,0.066561,0.104798,0.096301,0.00141619,0.000472064,0.00849715,0.0675051,0.150116,0.036821,0.108103,0,0.000472064,0.00330445,0.0481505,0.138787,0.103854,0.00188826,0.000472064,0.00613683,0.0264356,0.0731699,0.0462622,0.120848,0.00141619,0.0306841,0.0226591,0.0217149,0.000472064,0.0670331,0.139259,0.0141619,0.0250194,0.0613683,0.0325724,0.00188826,0.0405975,0.0571197,0.00283238,0.700071,0.0174664
0.000489119,0.000489119,0,0,0.000489119,0.00146736,0.0146736,0,0.000489119,0.0107606,0.0738569,0,0,0.020543,0.144779,0.179996,0,0.000978237,0.0078259,0.214234,0.164344,0.0709222,0.000978237,0.000489119,0.0234777,0.147714,0.320373,0.0748352,0.122769,0,0.000489119,0.00538031,0.0919543,0.108095,0.0572269,0.00538031,0.00244559,0.0171192,0.206897,0.156518,0.0503792,0.0919543,0.0102715,0.123258,0.173148,0.0679875,0.00586942,0.0802155,0.121301,0.0547813,0.0816828,0.114454,0.0528248,0.00538031,0.069944,0.094889,0.00831502,0.709222,0.0322818
0,0.000634645,0,0,0,0,0.0158661,0,0.000634645,0.00444252,0.165642,0,0.000634645,0.00825039,0.0450598,0.256397,0,0,0.00761574,0.0234819,0.0425212,0.0425212,0,0.00126929,0.0126929,0.0691763,0.0926582,0.0260205,0.0475984,0,0,0.00634645,0.148507,0.150411,0.0685417,0.00317323,0,0.0228472,0.314149,0.270994,0.0577527,0.100274,0.00507716,0.21451,0.218953,0.0774267,0.00380787,0.307168,0.308438,0.0825039,0.09837,0.144699,0.0901196,0.00761574,0.0418866,0.0736189,0.00253858,0.552776,0.0215779
0,0,0,0.00104767,0.000523835,0,0.0104767,0,0,0.00942904,0.230488,0,0,0.0115244,0.225773,0.399163,0,0.00104767,0.00419068,0.0838137,0.138293,0.0838137,0.000523835,0.00104767,0.00419068,0.0466214,0.0990049,0.050812,0.0990049,0,0.00157151,0.00471452,0.0314301,0.103719,0.0995287,0.00209534,0,0.0089052,0.0817183,0.0916712,0.0267156,0.0822422,0.00314301,0.222106,0.143531,0.050812,0.00419068,0.104767,0.200105,0.0639079,0.0979572,0.0623364,0.0298586,0.00314301,0.0303825,0.0696701,0.00209534,0.697225,0.0204296
0.000519719,0,0,0.000519719,0,0,0.00727606,0,0,0.0109141,0.113299,0.000519719,0,0.00935494,0.115378,0.215164,0,0,0.00571691,0.27701,0.0857536,0.0649648,0,0,0.0150718,0.143962,0.247906,0.053531,0.0836747,0,0.000519719,0.00623662,0.0763986,0.103944,0.046255,0.00363803,0,0.0103944,0.254662,0.189697,0.029624,0.0670437,0.00311831,0.0800367,0.139804,0.046255,0.00207887,0.215683,0.136686,0.029624,0.0592479,0.212565,0.0925099,0.00519719,0.083155,0.172547,0.00519719,0.657964,0.0207887
0,0,0,0.00105094,0.000350315,0.00070063,0.00770693,0,0,0.00630567,0.0535982,0,0.00070063,0.0108598,0.103343,0.190221,0,0.00070063,0.00420378,0.106846,0.0910819,0.0549994,0.000350315,0.000350315,0.0143629,0.131018,0.219297,0.0609548,0.104744,0,0,0.0024522,0.037834,0.0437894,0.0381843,0.00490441,0.000350315,0.012261,0.0651586,0.0742667,0.0276749,0.0599038,0.00490441,0.16745,0.139425,0.0469422,0.00350315,0.146081,0.212991,0.0714642,0.0903812,0.139425,0.0679611,0.00350315,0.0557001,0.109649,0.00315283,0.811679,0.0175157
0,0.000411565,0,0.000411565,0.000411565,0,0.00740817,0,0.000411565,0.00164626,0.0563844,0,0,0.00658504,0.105361,0.160922,0,0.00082313,0.00370409,0.0296327,0.0584422,0.0543266,0.00082313,0.00082313,0.00535035,0.018932,0.0518572,0.0300443,0.0773742,0,0,0.00987756,0.193024,0.0901328,0.0353946,0.0012347,0.000411565,0.00864287,0.109476,0.251466,0.085194,0.0856055,0.00452722,0.109476,0.0864287,0.0469184,0.00658504,0.0749048,0.151868,0.0625579,0.108242,0.0469184,0.0481531,0.00452722,0.0238708,0.0798436,0.00246939,0.853174,0.0214014
0,0,0,0,0,0,0.00816619,0,0.000302451,0.00362942,0.089828,0,0,0.00483922,0.0411334,0.100414,0,0.000604903,0.00302451,0.0480898,0.0453677,0.028128,0,0.000302451,0.00756128,0.0399236,0.0937599,0.0296402,0.0535339,0,0,0.00272206,0.186008,0.205364,0.0562559,0.000604903,0,0.00665393,0.0762177,0.248917,0.0919452,0.148201,0.00302451,0.0190544,0.0414358,0.0456701,0.00211716,0.0275231,0.0396211,0.0139128,0.0638172,0.0399236,0.0211716,0.000907354,0.0235912,0.0483922,0.00151226,0.875597,0.0114931
0.000323543,0,0,0.000323543,0,0.000323543,0.00517669,0,0,0.00129417,0.0139124,0,0.000323543,0.00258834,0.0478844,0.0349427,0,0.00129417,0.00355897,0.106446,0.0721501,0.0268541,0,0.000323543,0.0116476,0.136535,0.201567,0.0449725,0.0660028,0,0,0.00194126,0.0181184,0.0362368,0.014883,0.00161772,0,0.00550023,0.0501492,0.060179,0.0200597,0.0404429,0.00614732,0.111946,0.105152,0.0359133,0.00161772,0.104181,0.182478,0.0585613,0.104828,0.142359,0.0766797,0.00323543,0.0818564,0.178919,0.00194126,0.868713,0.0100298
0.000151879,0.000151879,0,0,0.000151879,0.000151879,0.00835335,0,0.000151879,0.00318946,0.100848,0.000151879,0.000303758,0.00607517,0.0615111,0.106315,0,0.000151879,0.00167067,0.0487532,0.0642449,0.0343247,0,0.000151879,0.00136691,0.0472344,0.0953801,0.0300721,0.0645487,0,0.000151879,0.00197443,0.157651,0.194102,0.0605998,0.00273383,0.000303758,0.00273383,0.0346285,0.175572,0.101455,0.166156,0.000759396,0.00941651,0.0261232,0.0274901,0.00106315,0.0112391,0.0235413,0.0103278,0.0410074,0.0224781,0.0106315,0.000759396,0.02263,0.0359954,0.00212631,0.898821,0.00926463
0.000455172,0.000227586,0,0.000682759,0.000227586,0.00136552,0.00933103,0,0.000227586,0.0066,0.1122,0.000227586,0,0.00955862,0.276745,0.293586,0,0.000682759,0.00432414,0.118345,0.220759,0.11311,0.000455172,0.000682759,0.00614483,0.043469,0.099,0.0664552,0.167959,0,0.000455172,0.00523448,0.107193,0.114248,0.0568965,0.00341379,0.000455172,0.00568965,0.0851172,0.124262,0.0405103,0.0832965,0.00568965,0.101731,0.0878483,0.0355034,0.00136552,0.042331,0.0905793,0.0373241,0.0657724,0.0516621,0.0286759,0.00318621,0.0307241,0.0539379,0.00364138,0.776296,0.0172965
0,0.000538814,0,0.000269407,0.000538814,0.000808221,0.0105069,0,0.000269407,0.00350229,0.0773198,0.000269407,0.000808221,0.00942924,0.171073,0.153023,0,0,0.00565755,0.0703152,0.142247,0.0724705,0.000538814,0.000269407,0.0113151,0.0722011,0.0924066,0.0474156,0.110457,0,0.000269407,0.00484933,0.144672,0.102105,0.0339453,0.00107763,0.000269407,0.0118539,0.154101,0.176731,0.0479544,0.0662741,0.0040411,0.161105,0.193704,0.0689682,0.0040411,0.0918678,0.203133,0.0643883,0.114767,0.0959089,0.0406805,0.00188585,0.0288265,0.0630412,0.00323288,0.797984,0.015895
0,0,0,0,0,0,0.00745237,0,0.000298095,0.00238476,0.0748218,0,0.000298095,0.00178857,0.0301076,0.0825722,0,0,0.000894284,0.0107314,0.0202704,0.0175876,0,0,0.00447142,0.0479932,0.034579,0.01252,0.0232514,0,0,0.00387523,0.0959865,0.10165,0.0289152,0.000894284,0.000298095,0.00775046,0.112978,0.110593,0.0348771,0.0721389,0.00417333,0.0950922,0.0751199,0.0429256,0.00149047,0.168125,0.210157,0.0423294,0.0927074,0.0840627,0.0494837,0.00238476,0.0235495,0.0736294,0.00119238,0.902631,0.00894284
0,0.000496786,0,0.000496786,0.000331191,0,0.00861095,0,0.000331191,0.00413988,0.0977012,0.000496786,0,0.00745179,0.124693,0.200536,0,0.000165595,0.00281512,0.121713,0.136782,0.0596143,0.000165595,0.000165595,0.00645822,0.162283,0.2267,0.05564,0.106975,0,0,0.00447107,0.12519,0.134463,0.0692188,0.00132476,0,0.00546464,0.0594487,0.175697,0.0677285,0.127012,0.000993572,0.0268264,0.0423924,0.0365966,0.00248393,0.0596143,0.050341,0.0211962,0.0579584,0.121381,0.0314631,0.00132476,0.0533217,0.0697156,0.00182155,0.821021,0.0127508
0,0.000515223,0,0.000515223,0.00103045,0.000515223,0.0175176,0,0.00154567,0.00257611,0.114895,0.000515223,0,0.0108197,0.0968619,0.134473,0,0.000515223,0.00257611,0.0350351,0.0592506,0.0412178,0.000515223,0.000515223,0.0118501,0.0566745,0.090164,0.0303981,0.0649181,0,0.00103045,0.0133958,0.356019,0.215878,0.0535832,0.00257611,0,0.0298829,0.196815,0.431241,0.0716159,0.102529,0.00618267,0.180843,0.154052,0.0891335,0.00515223,0.161265,0.270492,0.0870726,0.115925,0.0757377,0.0381265,0.00154567,0.0237002,0.0484309,0.00103045,0.568291,0.0221546
0,0,0,0.000166246,0,0.000166246,0.00116372,0,0,0.000664982,0.0237731,0,0.000166246,0.00465488,0.0698232,0.13017,0,0.000664982,0.00249368,0.075808,0.0886089,0.0580197,0,0.000332491,0.00299242,0.0280955,0.108226,0.0630071,0.169903,0,0,0.000332491,0.00116372,0.00332491,0.0162921,0.00216119,0.000166246,0.000498737,0.0036574,0.00648358,0.00249368,0.0186195,0.00282618,0.0734806,0.0144634,0.00398989,0.000664982,0.0295917,0.128342,0.028428,0.0244381,0.0285942,0.029093,0.0018287,0.029758,0.0749768,0.00232744,0.939122,0.00814604
0,0.000207386,0,0.000622159,0,0.000207386,0.00953977,0,0.000207386,0.00414773,0.111366,0.000207386,0,0.00871022,0.0970568,0.184159,0,0.000414773,0.00394034,0.165909,0.198883,0.0578608,0.000207386,0,0.00539204,0.051017,0.164872,0.09125,0.148489,0,0.000414773,0.00269602,0.100168,0.120699,0.0632528,0.00414773,0.000207386,0.014517,0.113026,0.123187,0.0466619,0.102241,0.00331818,0.120699,0.244508,0.0584829,0.0014517,0.0441733,0.121528,0.0806733,0.166946,0.0437585,0.0217756,0.00103693,0.0319375,0.0530909,0.00290341,0.780187,0.014517
0.000282447,0,0,0.000564894,0.000564894,0,0.00819097,0,0.000282447,0.00338937,0.050558,0,0.000282447,0.00621384,0.0869937,0.103093,0,0.000564894,0.00254202,0.064398,0.0951847,0.0432144,0.000282447,0.000564894,0.00903831,0.0680698,0.0779554,0.02655,0.0655278,0,0.000282447,0.00706118,0.113261,0.0618559,0.0333288,0.00310692,0.000282447,0.0146873,0.137269,0.220591,0.0494283,0.0700469,0.00649629,0.154781,0.153934,0.0754134,0.00282447,0.090948,0.191782,0.0785203,0.140094,0.0782379,0.0420846,0.00338937,0.0361532,0.0748485,0.000847342,0.846212,0.0155346
0,0,0,0.000277816,0.000555631,0.000833447,0.0052785,0,0.000555631,0.00277816,0.0814,0,0,0.0102792,0.0594525,0.104181,0,0.000555631,0.00583413,0.0719542,0.0725099,0.0402833,0.000277816,0.000277816,0.015002,0.13224,0.160855,0.0475065,0.0788996,0,0.000277816,0.00500068,0.0488955,0.0769549,0.0427836,0.00444505,0,0.00944573,0.0797331,0.0986245,0.028615,0.0619529,0.00416723,0.133351,0.111404,0.0402833,0.00250034,0.210862,0.274482,0.0622307,0.0872341,0.208362,0.0844559,0.00444505,0.070843,0.141686,0.00277816,0.802887,0.0155577
0.000345568,0.000691136,0,0,0.000345568,0.000345568,0.0110582,0,0.000345568,0.00967591,0.179695,0.000345568,0.000345568,0.0134772,0.14272,0.279219,0,0,0.00552909,0.159307,0.190408,0.0857009,0.000345568,0.000345568,0.00311011,0.318268,0.339694,0.0715326,0.150668,0,0,0.00380125,0.186261,0.227384,0.105744,0.00380125,0.000345568,0.00138227,0.0767162,0.124059,0.0967591,0.186607,0.0010367,0.0155506,0.0131316,0.0114038,0.00138227,0.0269543,0.0501074,0.00898477,0.0141683,0.0373214,0.0131316,0,0.0359391,0.0366302,0.0010367,0.619604,0.0145139
0,0.000160859,0,0,0,0,0.00595179,0,0,0.00289547,0.0471317,0.000160859,0.000160859,0.00305633,0.0992501,0.180484,0,0,0.00112601,0.0213943,0.0558181,0.065148,0,0.000160859,0.00193031,0.0307241,0.0400539,0.0184988,0.0728692,0,0,0.00305633,0.0739952,0.0614482,0.0437537,0.00225203,0.000160859,0.0043432,0.0947461,0.183701,0.0569442,0.106489,0.000965155,0.0358716,0.0981241,0.0759255,0.00241289,0.0152816,0.0469709,0.0328153,0.13287,0.0223594,0.0127079,0.00128687,0.0141556,0.0267026,0.000804296,0.91175,0.00707781
0,0,0,0,0,0,0.00710405,0,0,0.00417885,0.0476389,0,0.000417885,0.00877559,0.0555787,0.0969494,0,0.000417885,0.00793982,0.167572,0.102382,0.0367739,0.000417885,0,0.0121187,0.371082,0.469703,0.0961136,0.125366,0,0,0.00208943,0.0463853,0.0505641,0.0288341,0.000835771,0.000417885,0.00585039,0.0856665,0.0869201,0.0242373,0.036356,0.0029252,0.0668617,0.106143,0.0279983,0.00125366,0.115336,0.0986209,0.0296699,0.0501462,0.267029,0.0488926,0.00167154,0.122023,0.137484,0.0029252,0.623485,0.0112829
0,0,0,0,0,0.000643129,0.0141488,0,0,0.00900381,0.151135,0,0,0.00900381,0.189723,0.291337,0,0,0.00385877,0.0508072,0.0636698,0.039874,0,0,0.00900381,0.0758892,0.0430896,0.0231526,0.0469484,0,0,0.00643129,0.1685,0.148563,0.0688148,0.00257252,0,0.0180076,0.156923,0.174931,0.0836068,0.113191,0.0135057,0.290051,0.229597,0.0655992,0,0.196154,0.35758,0.102258,0.126053,0.11512,0.0662423,0.00192939,0.0244389,0.0688148,0.00257252,0.591036,0.0180076
0,0,0,0,0,0,0.0117513,0,0.000559584,0.00895334,0.157243,0,0,0.01343,0.289305,0.28203,0,0,0.0100725,0.1343,0.337429,0.1343,0,0,0.00671501,0.130943,0.179067,0.083378,0.205927,0,0,0.00223834,0.0654713,0.124228,0.0553988,0.00223834,0,0.00727459,0.0816992,0.0856163,0.0279792,0.0761034,0.00559584,0.0828184,0.0990463,0.0386113,0.00279792,0.0940101,0.138217,0.0503625,0.0705076,0.135419,0.0391709,0.0033575,0.0615542,0.0861759,0.00727459,0.65919,0.0151088
0.000985538,0,0,0.000492769,0,0,0.0251312,0,0,0.00985538,0.187252,0,0.000492769,0.0103481,0.167541,0.188238,0,0.00147831,0.000985538,0.100032,0.132555,0.0551901,0,0.000985538,0.00492769,0.046813,0.206963,0.0428709,0.0842635,0,0,0.00936261,0.322271,0.235051,0.0546974,0.00591323,0.00147831,0.00689877,0.138468,0.415404,0.0990466,0.11383,0.000985538,0.0290734,0.0502624,0.0349866,0.00492769,0.0182325,0.0487841,0.0123192,0.038436,0.0206963,0.00837707,0.00147831,0.0157686,0.0211891,0.00147831,0.65489,0.012812
0,0,0.000485505,0,0.000485505,0,0.00631156,0,0.000485505,0.00339853,0.0359274,0,0.000485505,0.00534055,0.173325,0.0582606,0,0.000485505,0.00339853,0.104869,0.194687,0.0543765,0.000485505,0,0.00971009,0.0771953,0.102927,0.0349563,0.0893329,0,0.000485505,0.00485505,0.0674852,0.05292,0.0199057,0.00242752,0.000485505,0.0126231,0.151477,0.201484,0.0315578,0.0466085,0.00679707,0.121862,0.160217,0.0912749,0.00194202,0.222361,0.285477,0.099043,0.174296,0.183035,0.117492,0.00679707,0.0310723,0.129144,0.00242752,0.726315,0.0160217
0,0.000219409,0,0,0.000438817,0,0.00855694,0,0,0.00570462,0.109704,0.000438817,0,0.0131645,0.0724048,0.131645,0,0,0.00745989,0.0939069,0.0774512,0.0594597,0.000438817,0.000219409,0.00855694,0.306514,0.248371,0.0592403,0.114312,0,0.000658226,0.0026329,0.0978563,0.160607,0.0609956,0.00438817,0.000438817,0.00636285,0.0267679,0.0636285,0.0471729,0.12243,0.00394936,0.0236961,0.0190886,0.0138227,0.00307172,0.111898,0.0759154,0.0122869,0.0241349,0.202075,0.04454,0.00197468,0.0873246,0.124185,0.00241349,0.791846,0.0149198
0.00022547,0.00045094,0,0.00067641,0.00022547,0.00045094,0.0108226,0,0.00022547,0.00608769,0.149487,0.00067641,0.00022547,0.011499,0.192777,0.289504,0,0.00022547,0.00360752,0.204727,0.185336,0.0687684,0,0.00022547,0.00789145,0.0477997,0.162564,0.0667392,0.110255,0,0,0.00518581,0.0780127,0.127616,0.0775617,0.00428393,0.00022547,0.00811692,0.0606515,0.0937956,0.0453195,0.118372,0.00360752,0.121979,0.0917663,0.049378,0.00383299,0.0852277,0.155574,0.0577203,0.107098,0.059975,0.0358497,0.00157829,0.0236744,0.0518581,0.0022547,0.769755,0.0162338
0,0,0,0,0,0,0.00309478,0,0.000618956,0,0.014236,0,0,0.00185687,0.00928434,0.0259962,0,0,0.000618956,0.00680852,0.00866539,0.00866539,0,0,0.0129981,0.0940813,0.0606577,0.00433269,0.0179497,0,0.000618956,0.00185687,0.0346615,0.0154739,0.0117602,0,0,0.0167118,0.143598,0.197447,0.00928434,0.0235203,0.00557061,0.258105,0.27296,0.0736558,0.00123791,0.116364,0.321857,0.206112,0.248201,0.121315,0.103985,0.00557061,0.056325,0.146074,0.00123791,0.711181,0.00495165
0.000615089,0,0,0,0.000307545,0,0.00399808,0,0.000615089,0.00246036,0.0495147,0,0.000922634,0.0107641,0.0452091,0.0818069,0,0,0.0055358,0.160231,0.114714,0.0510524,0.00123018,0,0.00522826,0.226353,0.460087,0.121788,0.181144,0,0.000922634,0.00215281,0.0778088,0.0710428,0.0322922,0.00399808,0.000922634,0.0055358,0.0307545,0.0861125,0.0255262,0.0522826,0.00123018,0.0190678,0.0181451,0.0159923,0.00123018,0.0304469,0.0495147,0.0181451,0.0313695,0.129476,0.027679,0.00338299,0.0833446,0.10518,0.00492071,0.755637,0.0215281
0,0.00037598,0,0,0,0,0.00488774,0,0.00075196,0.00150392,0.0695563,0.00075196,0.00037598,0.0105274,0.0883553,0.177087,0,0.00037598,0.00827156,0.0898593,0.107906,0.0488774,0,0.00037598,0.0150392,0.170319,0.201149,0.0695563,0.122194,0,0,0.00075196,0.0056397,0.0225588,0.0315823,0.00225588,0.00037598,0.00263186,0.00714362,0.0105274,0.00413578,0.0304544,0.00263186,0.0695563,0.0270706,0.00601568,0.00075196,0.181222,0.206789,0.0278225,0.0285745,0.283865,0.0789558,0.00300784,0.102643,0.179719,0.00789558,0.792942,0.0165431
0,0.000465042,0,0.000465042,0,0.000930085,0.0148814,0,0.000465042,0.00697564,0.0362733,0.000465042,0.000465042,0.0120911,0.0748718,0.065571,0,0.000930085,0.00558051,0.0902182,0.113005,0.0404587,0.000465042,0.000930085,0.0134862,0.098589,0.152999,0.0409237,0.0618506,0,0.000930085,0.00744068,0.11161,0.0688263,0.0204619,0.00279025,0.000465042,0.0181367,0.301348,0.246472,0.0423189,0.0530148,0.00883581,0.126027,0.21392,0.109285,0.00186017,0.0883581,0.138583,0.0744068,0.146023,0.103239,0.0451091,0.00651059,0.0516197,0.0846377,0.00139513,0.776156,0.0167415
0.000848183,0,0,0.000424091,0.000424091,0.000848183,0.00636137,0,0,0.00212046,0.0195082,0.000848183,0,0.00890592,0.0453778,0.0525873,0,0.000424091,0.00890592,0.120018,0.097541,0.0254455,0.000424091,0.000848183,0.0152673,0.201868,0.306618,0.0627655,0.0725196,0,0,0.00254455,0.0212046,0.0173878,0.0182359,0.000848183,0.000424091,0.00890592,0.0759124,0.0733678,0.0161155,0.02799,0.00678546,0.0903315,0.119594,0.0466501,0.00212046,0.181087,0.169213,0.0737919,0.112384,0.179815,0.078881,0.00466501,0.0865147,0.134013,0.00636137,0.802381,0.0199323
0,0.000596178,0,0.000596178,0,0.000596178,0.0053656,0,0.00119236,0.00238471,0.0321936,0.000596178,0,0.00715414,0.0387516,0.0566369,0,0,0.00596178,0.0739261,0.0232509,0.0184815,0,0,0.00953885,0.217605,0.187796,0.0172892,0.0321936,0,0.000596178,0.00357707,0.132948,0.0506751,0.0220586,0.00238471,0.000596178,0.0149044,0.246818,0.273646,0.0548484,0.0763108,0.010135,0.0947923,0.138313,0.0840611,0.00476942,0.130563,0.16693,0.0667719,0.116255,0.157987,0.0745222,0.00357707,0.0667719,0.105524,0.00178853,0.770262,0.0226548
0,0.000369731,0,0,0,0,0.00221839,0,0.000369731,0.000739462,0.0244023,0.000369731,0,0.00295785,0.0325363,0.0329061,0,0,0.00480651,0.0569386,0.043998,0.0136801,0.000369731,0,0.00887355,0.200025,0.203722,0.0306877,0.0377126,0,0.000369731,0.00184866,0.0817106,0.0787527,0.0184866,0.000369731,0,0.0107222,0.101676,0.158245,0.0266206,0.0554597,0.00776435,0.0968696,0.0868868,0.0532413,0.00184866,0.182647,0.22036,0.0561991,0.103155,0.28876,0.103894,0.00480651,0.0939117,0.172664,0.00184866,0.779024,0.0118314
0,0.000456247,0,0.000456247,0,0,0.0173374,0,0.000456247,0.00364998,0.118168,0.000456247,0.000912495,0.00501872,0.0698059,0.169724,0,0.000456247,0.00228124,0.0588559,0.0474497,0.0250936,0,0.000456247,0.0127749,0.156037,0.114062,0.0241811,0.0314811,0,0.000912495,0.00364998,0.17383,0.286067,0.0707184,0.00136874,0.000456247,0.0109499,0.0593122,0.164249,0.101287,0.158774,0.00410623,0.0702621,0.0615934,0.0333061,0.00228124,0.321654,0.255499,0.0433435,0.0588559,0.293823,0.102656,0.00136874,0.0647871,0.133681,0.00136874,0.648328,0.0141437
0,0,0,0,0.000435653,0,0.00653479,0,0,0.00304957,0.0483574,0,0.000435653,0.00653479,0.0540209,0.0622983,0,0,0.00392087,0.166419,0.115448,0.0182974,0.000435653,0,0.0117626,0.339809,0.322819,0.0344166,0.0361592,0,0,0.00479218,0.0853879,0.0836453,0.031367,0.00130696,0.000871305,0.00697044,0.0779818,0.0971505,0.0505357,0.0749322,0.00653479,0.11022,0.0501,0.0326739,0.00304957,0.192123,0.206499,0.0357235,0.0601201,0.259213,0.0823383,0.00566348,0.0823383,0.155092,0.00348522,0.694866,0.0117626
0.00173835,0.00304211,0,0.00173835,0.000434587,0.00130376,0.0338978,0,0.00130376,0.00999551,0.256406,0.00260752,0,0.0260752,0.280743,0.360273,0,0.000434587,0.00956092,0.169924,0.165578,0.0777911,0.000434587,0,0.0304211,0.133853,0.153844,0.059973,0.0856137,0,0.000434587,0.0152106,0.116035,0.127769,0.0930017,0.00391128,0,0.027379,0.134722,0.194695,0.0625806,0.106474,0.0139068,0.18948,0.116035,0.0408512,0.0069534,0.216424,0.214251,0.0356362,0.0499775,0.112993,0.04737,0.00564963,0.0451971,0.0443279,0.00651881,0.57409,0.0247715
0.000469219,0,0,0,0.000469219,0.000938438,0.0243994,0,0.000469219,0.0136074,0.202703,0,0.000938438,0.0211149,0.12622,0.263701,0,0,0.00563063,0.152965,0.118243,0.0539602,0,0.000469219,0.00750751,0.162819,0.17408,0.057714,0.0624062,0,0,0.00938438,0.328923,0.219595,0.0891516,0.00328453,0.000938438,0.0098536,0.216779,0.32423,0.087744,0.130443,0.00140766,0.0591216,0.0900901,0.0351914,0.00187688,0.0478604,0.0591216,0.0239302,0.0398836,0.0708521,0.0145458,0.000938438,0.0309685,0.0276839,0.00140766,0.6311,0.0187688
0,0,0,0,0,0.000371759,0.00855046,0,0,0.00223056,0.0654296,0,0.000371759,0.00706342,0.0271384,0.0888504,0,0,0.00334583,0.0579944,0.041637,0.0241643,0,0,0.00669167,0.0282537,0.108925,0.0319713,0.0475852,0,0.000371759,0.00408935,0.0914528,0.102977,0.038663,0.00297407,0,0.0152421,0.0658014,0.157254,0.0498157,0.0985162,0.00334583,0.104093,0.130487,0.0613403,0.00520463,0.0535333,0.169894,0.0739801,0.153908,0.0375477,0.0427523,0.000743518,0.0263949,0.0579944,0.00111528,0.896311,0.00892222
0,0,0,0,0.000276189,0.000276189,0.00911423,0,0,0.00303808,0.0591044,0,0,0,0.0974946,0.158532,0,0,0.000276189,0.0176761,0.0836852,0.0408759,0,0,0.000828566,0.00220951,0.00718091,0.0121523,0.045295,0,0.000276189,0.00441902,0.0309331,0.0447426,0.0607615,0.00138094,0,0.0074571,0.0593806,0.0869995,0.0359045,0.119314,0.0024857,0.0770567,0.102466,0.054133,0.0049714,0.0422569,0.150523,0.0646282,0.162123,0.0140856,0.0259617,0.00138094,0.00359045,0.0237522,0.000276189,0.917223,0.0115999
0,0,0,0,0.000517423,0,0.0103485,0,0.000517423,0.00465681,0.0698521,0,0,0.0067265,0.0548468,0.0988278,0,0.000517423,0.00413938,0.0926187,0.0760612,0.0336325,0.00103485,0,0.00569165,0.0605385,0.165058,0.0507075,0.070887,0,0.00103485,0.00310454,0.138669,0.138669,0.0481203,0.00310454,0,0.00879619,0.116938,0.212661,0.0698521,0.101415,0.00362196,0.0755438,0.10245,0.0527771,0.00310454,0.0739915,0.156779,0.0543294,0.110729,0.109176,0.0527771,0.00362196,0.0460506,0.103485,0.00413938,0.849091,0.0196621
0,0,0,0,0,0,0.00255721,0,0,0.00447513,0.0811916,0,0,0.00479478,0.109641,0.245812,0,0,0.00287687,0.0412351,0.0543408,0.0808719,0,0,0.00351617,0.0242935,0.0508246,0.0364403,0.118591,0,0,0.00127861,0.0182202,0.0402761,0.0511443,0.00351617,0,0.00223756,0.0166219,0.0380386,0.0127861,0.0655286,0.000958956,0.00735199,0.0079913,0.014704,0.00287687,0.0361207,0.0377189,0.0079913,0.0287687,0.050505,0.0242935,0.000958956,0.0159826,0.0540212,0.000958956,0.932744,0.0086306
0,0.000420519,0,0,0,0,0.00504623,0,0,0.00420519,0.0853654,0.000420519,0,0.011354,0.17031,0.134566,0,0.000841039,0.00588727,0.148023,0.251471,0.065601,0,0,0.00967194,0.204793,0.174936,0.0756935,0.156433,0,0,0.00378467,0.075273,0.0639189,0.0328005,0.0021026,0,0.00756935,0.0681241,0.0584522,0.0151387,0.0382673,0.00336415,0.0672831,0.0689652,0.0319595,0.000841039,0.120689,0.146341,0.0407904,0.0870475,0.203111,0.0618163,0.00168208,0.0723293,0.115643,0.00252312,0.783007,0.0109335
0.000200798,0.000602393,0,0.00080319,0,0.000401595,0.00622472,0,0.000200798,0.00321276,0.132928,0.000602393,0.000401595,0.0080319,0.0839334,0.163851,0,0.000200798,0.00220877,0.0612432,0.114455,0.0662632,0,0,0.00582313,0.0415651,0.0965836,0.0518058,0.129514,0,0.000401595,0.00421675,0.0550185,0.0746967,0.0501994,0.00341356,0.000200798,0.00662632,0.0797166,0.115659,0.0379507,0.0953788,0.00341356,0.127506,0.0861421,0.0405611,0.00240957,0.111041,0.271277,0.0419667,0.0773071,0.0694759,0.0580305,0.00261037,0.0291156,0.0819254,0.00421675,0.84857,0.0144574
0,0,0,0.000579541,0,0.000579541,0.00260793,0,0,0.00202839,0.0231816,0,0,0.00231816,0.0220225,0.0452042,0,0.00028977,0.00376701,0.0654881,0.0475223,0.0260793,0,0,0.00724426,0.0825845,0.157635,0.0463633,0.0715733,0,0,0.00260793,0.0202839,0.0370906,0.0263691,0.00115908,0.00028977,0.00463633,0.0368008,0.0646188,0.0246305,0.0640392,0.00173862,0.0356418,0.0509996,0.0365111,0.00260793,0.0646188,0.0938856,0.0324543,0.0854822,0.0956242,0.0521587,0.00202839,0.0437553,0.0970731,0.00260793,0.942333,0.0127499
0.000550834,0,0,0.000367222,0,0,0.00348861,0,0.000183611,0.00275417,0.048657,0,0,0.00587556,0.0767495,0.15607,0,0.000183611,0.00367222,0.0620606,0.10374,0.0543489,0.000367222,0,0.00514111,0.169473,0.140646,0.045352,0.111268,0,0.000367222,0.00293778,0.118246,0.076015,0.0358042,0.003305,0,0.00422306,0.0649984,0.168739,0.0515947,0.0833595,0.00275417,0.0431486,0.0550834,0.032132,0.00403945,0.218865,0.13881,0.0260728,0.0638967,0.242,0.0653656,0.00403945,0.0721592,0.116593,0.00220333,0.814683,0.0119347
0,0,0,0,0.000292929,0,0.00468686,0,0,0.00351515,0.0656161,0.000292929,0.000292929,0.00175757,0.0328081,0.106333,0,0,0,0.0468686,0.049505,0.0316363,0.000292929,0,0.000292929,0.0184545,0.0849494,0.028707,0.0527272,0,0,0.00263636,0.212666,0.123616,0.0515555,0.00292929,0,0.00175757,0.0641515,0.207101,0.0714747,0.132111,0.000878787,0.0120101,0.0354444,0.0310505,0.00234343,0.0137677,0.0216767,0.0137677,0.049505,0.0240202,0.0143535,0.00117172,0.0143535,0.0357373,0.000585858,0.908666,0.00995959
0.000288378,0,0,0.000288378,0,0.000288378,0.00576756,0,0,0.00461405,0.0536383,0,0,0.00461405,0.0755551,0.134384,0,0,0.00201865,0.108142,0.100644,0.076997,0,0,0.000288378,0.0161492,0.148515,0.0905507,0.196097,0,0,0.00201865,0.0331635,0.0524848,0.0591175,0.00317216,0,0.00115351,0.0314332,0.0654618,0.0374892,0.125733,0,0.00173027,0.0173027,0.0268192,0.00115351,0.00173027,0.00230702,0.00374892,0.0346054,0.00201865,0.00230702,0.000288378,0.0100932,0.0109584,0.00144189,0.918773,0.00893972
0,0,0,0,0.000371453,0.000371453,0.0122579,0,0.000371453,0.00371453,0.0668615,0,0,0.0078005,0.074662,0.10995,0,0.00111436,0.00371453,0.223614,0.097692,0.0371453,0.000371453,0.00111436,0.011515,0.126665,0.253702,0.0572037,0.0720618,0,0.000371453,0.00482888,0.0564608,0.0698331,0.0382596,0.00334307,0,0.0152296,0.281561,0.149324,0.0319449,0.0646327,0.00557179,0.141895,0.237358,0.0809766,0.00408598,0.0575751,0.152667,0.0635184,0.125551,0.110693,0.0464316,0.00297162,0.0843197,0.113293,0.00260017,0.739562,0.0174583
0.000450563,0,0,0.00135169,0.000450563,0.00135169,0.0153191,0,0.000450563,0.007209,0.153191,0,0,0.0126158,0.186533,0.281602,0,0.000450563,0.0036045,0.086508,0.138773,0.0779473,0.00135169,0.000450563,0.0036045,0.0567709,0.11219,0.0518147,0.10408,0,0.000450563,0.0103629,0.187885,0.190588,0.0802001,0.00450563,0.000901125,0.0108135,0.155444,0.287909,0.0820024,0.126608,0.00450563,0.0612765,0.12796,0.0725406,0.00495619,0.0599248,0.116245,0.0396495,0.0959698,0.0527158,0.0369461,0.0036045,0.0328911,0.0567709,0.00225281,0.727659,0.0207259
0.000389896,0.00116969,0,0,0.00116969,0.00116969,0.0120868,0,0,0.00194948,0.059654,0.000779791,0,0.0085777,0.0417188,0.0861669,0,0.000389896,0.00506864,0.0771993,0.052246,0.0218341,0.000779791,0.00116969,0.0101373,0.0557551,0.0998133,0.0218341,0.0343108,0.000389896,0.000389896,0.00740801,0.219121,0.125546,0.0436683,0.00272927,0.00116969,0.0171554,0.247974,0.366112,0.0849972,0.117748,0.00584843,0.114239,0.172334,0.0939648,0.00545854,0.0974739,0.212883,0.0627732,0.127496,0.0900659,0.0545854,0.00350906,0.0370401,0.070961,0.00350906,0.731834,0.0245634
0,0.000449063,0,0.000449063,0,0.000449063,0.0179625,0,0.000449063,0.0085322,0.114062,0.000449063,0,0.0116756,0.118553,0.122594,0,0.00134719,0.00538876,0.144598,0.135168,0.0440082,0.000449063,0.000898127,0.0134719,0.0947524,0.207467,0.0583782,0.0947524,0,0.00134719,0.00763408,0.118553,0.0722992,0.0296382,0.00314344,0.000898127,0.0188607,0.31659,0.251925,0.0435592,0.0529895,0.00673595,0.12933,0.182769,0.0651142,0.00224532,0.085322,0.187259,0.0619708,0.105081,0.077688,0.0538876,0.00763408,0.0502951,0.0794842,0.00449063,0.729728,0.0251476
0,0.00104108,0,0.00156162,0,0.00052054,0.0176984,0,0,0.00572594,0.109834,0.00104108,0,0.0114519,0.14419,0.111916,0,0.00052054,0.00416432,0.290461,0.209778,0.0499719,0,0,0.0145751,0.0744373,0.171778,0.0676702,0.0921356,0,0.00052054,0.00936972,0.215504,0.128573,0.0353967,0.00416432,0,0.0166573,0.312324,0.31805,0.0676702,0.0676702,0.0052054,0.150957,0.208216,0.0910945,0.00364378,0.0541362,0.181669,0.0655881,0.123368,0.0275886,0.0249859,0.00416432,0.0307119,0.0510129,0.0026027,0.605909,0.0208216
0,0,0,0,0.000326964,0.000326964,0.0140594,0,0.000326964,0.0071932,0.234433,0,0.000980892,0.00850106,0.105609,0.260263,0,0,0.00196178,0.0735669,0.0941656,0.0457749,0.000326964,0,0.00621231,0.0935117,0.123265,0.0310616,0.0797792,0,0,0.00457749,0.106917,0.178522,0.0640849,0.00228875,0,0.0117707,0.0843567,0.173945,0.0735669,0.120977,0.00261571,0.0879533,0.0876263,0.0516603,0.00392357,0.12817,0.194543,0.0411974,0.090242,0.0565647,0.0372739,0.000980892,0.0320425,0.0457749,0.000653928,0.789291,0.0153673
0,0,0,0.000925688,0,0,0.00601697,0,0,0.00185138,0.0393417,0,0,0.000462844,0.00509128,0.0342505,0,0,0,0.00231422,0.00786835,0.00833119,0,0,0,0.00277706,0.00277706,0.00231422,0.0152738,0,0.000462844,0.00323991,0.0934945,0.158755,0.0351761,0.000925688,0.000462844,0.0074055,0.0606326,0.136539,0.0782206,0.150424,0.00138853,0.0291592,0.0735922,0.0661867,0.00462844,0.0120339,0.0342505,0.0398046,0.149961,0.00231422,0.00971972,0.00185138,0.00138853,0.0115711,0.000925688,0.934945,0.00925688
0.000796912,0,0,0.000531275,0,0.000531275,0.00690657,0,0.000265637,0.00292201,0.0347985,0,0,0.00557838,0.0340016,0.03958,0,0,0.00398456,0.0810194,0.0374549,0.0162039,0,0.000265637,0.011688,0.109177,0.295654,0.0310796,0.0411738,0,0.000265637,0.00584402,0.0459553,0.0531275,0.0209853,0.0021251,0.00106255,0.00823476,0.199494,0.180102,0.0278919,0.0430332,0.00345328,0.0488773,0.0624248,0.0770348,0.00531275,0.0743784,0.147163,0.0403769,0.107052,0.0839414,0.0640186,0.00398456,0.0815507,0.140522,0.00345328,0.845524,0.015407
0,0,0,0,0.000193882,0.000193882,0.0129901,0,0.00116329,0.00601034,0.231495,0,0.000581646,0.00736752,0.0750324,0.26969,0,0,0.00290823,0.0414908,0.0647566,0.0597157,0,0,0.00426541,0.031215,0.0798794,0.0306334,0.0946145,0,0.000581646,0.00484705,0.177596,0.300517,0.113033,0.00445929,0.000581646,0.00484705,0.0381948,0.134554,0.101982,0.209199,0.00096941,0.0288884,0.0222964,0.0242353,0.00310211,0.0430418,0.0494399,0.0174494,0.0354804,0.0548686,0.0226842,0.00155106,0.0211331,0.0463378,0.00348988,0.786386,0.0168677
0.000304963,0.00091489,0,0.000609927,0.000304963,0.00091489,0.0121985,0,0.000304963,0.00548934,0.050319,0.000609927,0,0.00731912,0.102468,0.114666,0,0.000304963,0.00487941,0.0683118,0.118326,0.050014,0,0.00121985,0.0155531,0.091794,0.146382,0.0460495,0.0887443,0,0,0.00152482,0.0323261,0.0469644,0.0350708,0.00365956,0.000609927,0.0179928,0.128085,0.12107,0.0298864,0.0631274,0.00701416,0.151567,0.181148,0.0649572,0.00274467,0.0643473,0.16346,0.0619076,0.108872,0.0884394,0.0469644,0.0033546,0.0530636,0.0881344,0.00365956,0.862436,0.0222623
0.000973097,0,0,0.000486549,0.000486549,0.000973097,0.0233543,0,0,0.0165427,0.146451,0,0.000486549,0.0316257,0.16348,0.215055,0,0,0.0175158,0.189754,0.139639,0.075415,0.000973097,0.00145965,0.0223812,0.169805,0.265169,0.0724958,0.0904981,0,0,0.0121637,0.160075,0.139153,0.0642244,0.00486549,0.000486549,0.0223812,0.212622,0.270035,0.0622782,0.0705496,0.0189754,0.191214,0.190727,0.0666572,0.00291929,0.165427,0.197539,0.0690899,0.0861191,0.15229,0.0574127,0.00778478,0.0715227,0.0929308,0.00194619,0.595536,0.0330853
0,0,0,0,0,0,0.00525325,0,0,0.000927043,0.0407899,0,0,0.00123606,0.0173048,0.0290474,0,0.000309014,0.000927043,0.0126696,0.0132876,0.0111245,0,0,0.00185409,0.02194,0.042026,0.0101975,0.020704,0,0,0.00587127,0.101975,0.126696,0.0373907,0,0.000309014,0.0101975,0.135039,0.232688,0.0871421,0.1474,0.00494423,0.123297,0.193752,0.123606,0.00463522,0.0494423,0.144001,0.110009,0.301289,0.042026,0.0315195,0.00278113,0.0185409,0.042644,0.00123606,0.815489,0.0123606
0.000272416,0,0,0.000544832,0.000817248,0.0016345,0.0166174,0,0,0.00735524,0.124222,0,0,0.0174346,0.315185,0.350055,0,0.000272416,0.00544832,0.159363,0.222564,0.0915318,0.000817248,0.00108966,0.0138932,0.0512142,0.157184,0.0754593,0.120136,0,0,0.00517591,0.0977974,0.10488,0.0700109,0.00572074,0.000272416,0.0084449,0.0795455,0.139205,0.0618385,0.101066,0.00463107,0.135663,0.111963,0.0430418,0.00626557,0.100794,0.225016,0.0424969,0.0724627,0.0612936,0.0411348,0.00299658,0.0381383,0.0618385,0.00108966,0.673685,0.0207036
