0,0,0,0,0,0,0,0,0.15192,0.401728,0.371204,0.268052,0.2877,0.386641,0.345591,0.504177
0,0,0,0,0,0,0,0,0.0437981,0.505084,0.54607,0.275245,0.24993,0.268816,0.366457,0.31623
0,0,0,0,0,0,0,0,0.0472616,0.51947,0.21064,0.370351,0.450207,0.357314,0.366685,0.285607
0,0,0,0,0,0,0.0504101,0.147402,0.48751,0.491977,0.220783,0.357975,0.422424,0.374566,0.0197812,0
0,0,0,0,0,0,0.205587,0.323634,0.789189,0.329602,0.334908,0.0968249,0,0,0,0
0,0,0,0,0,0,0,0.0991643,0.442982,0.346713,0.194709,0.377838,0.551556,0.430677,0.0579062,0
0,0,0,0,0,0,0.0552117,0.0934352,0.412436,0.394032,0.202915,0.29871,0.495018,0.497377,0.178376,0.0906039
0,0,0,0,0,0,0,0.0911371,0.281086,0.23192,0.398845,0.473673,0.531953,0.406999,0.163087,0.0153494
0,0,0,0,0,0.00328002,0.0829653,0.122711,0.222463,0.30948,0.41309,0.622626,0.518823,0.0642499,0.0223813,0.0258543
0,0,0,0,0,0,0.00457156,0.0551537,0.153811,0.444916,0.53856,0.592239,0.349356,0.110602,0.0159267,0
0,0,0,0,0,0,0,0,0,0.147111,0.343669,0.516885,0.56326,0.433655,0.289001,0.0651097
0,0,0,0,0,0,0.024772,0.146883,0.249323,0.34739,0.488008,0.567715,0.426078,0.227028,0.0377408,0.00306007
0,0,0,0,0,0,0,0,0.0105776,0.187667,0.518643,0.728489,0.225883,0.286278,0.176748,0.0276382
0,0,0,0,0,0,0,0.0129457,0.175929,0.376089,0.495256,0.700728,0.298747,0.0434843,0,0
0,0,0,0,0,0,0,0,0.01555,0.593185,0.446833,0.507203,0.421221,0.116167,0.00731763,0
0,0,0,0,0,0,0,0.117062,0.447136,0.456223,0.387803,0.330341,0.309494,0.354395,0.277689,0.142185
0,0,0,0,0,0,0,0.177676,0.155741,0.279894,0.676923,0.63042,0.100902,0,0,0
0,0,0,0,0,0,0.000493731,0.0789969,0.147132,0.707516,0.535698,0.424115,0.0498668,0.0469044,0,0
0,0,0,0,0,0,0.0317916,0.0996544,0.228349,0.456698,0.84798,0.0962918,0,0,0,0
0,0,0,0,0,0,0,0.0074583,0.180807,0.622655,0.740179,0.177191,0.0160466,0.00587623,0,0
0,0,0,0,0,0,0,0,0.099274,0.527381,0.773518,0.332539,0.0548055,0.0099469,0,0
0,0,0,0,0,0,0,0.0936226,0.339696,0.301314,0.176843,0.252171,0.636346,0.515103,0.13882,0.0254682
0,0,0,0,0,0,0,0.0182757,0.119119,0.276094,0.78194,0.461462,0.267935,0.109328,0.0336143,0
0,0,0,0,0,0,0,0,0.0514368,0.625084,0.722192,0.277021,0.0911101,0.00461317,0,0
0,0,0,0,0,0,0.00113771,0.0622897,0.237497,0.355535,0.182318,0.309458,0.454516,0.686893,0.0767955,0
0,0,0,0,0,0.000938942,0.116664,0.237318,0.334733,0.250463,0.205394,0.278161,0.366187,0.668057,0.23497,0.0112673
0,0,0,0,0,0,0,0,0.00028892,0.429336,0.751193,0.405644,0.206,0.208023,0.0335148,0
0,0,0,0,0,0,0,0.223175,0.566473,0.248617,0.21609,0.245074,0.448605,0.415113,0.286618,0.0708493
0,0,0,0,0,0,0.00440985,0.0733924,0.230257,0.667147,0.57013,0.326014,0.224272,0.121901,0,0
0,0,0,0,0,0,0,0,0.0745654,0.310353,0.272315,0.490217,0.559744,0.425224,0.281636,0.101016
0,0,0,0,0,0,0,0.216538,0.332256,0.3818,0.306618,0.29761,0.422335,0.473958,0.294491,0.156947
0,0,0,0,0,0,0,0.0437968,0.190126,0.606365,0.536426,0.370066,0.359202,0.198613,0.0308954,0.0112038
0,0,0,0,0,0,0,0.00718654,0.0997661,0.259138,0.183891,0.396528,0.590565,0.537722,0.290844,0.0963842
0,0,0,0,0,0,0,0,0.0608217,0.359704,0.552147,0.515084,0.315988,0.185316,0.246138,0.319314
0,0,0,0,0,0,0,0.0137194,0.123475,0.231005,0.170565,0.393413,0.612553,0.468314,0.30331,0.246578
0,0,0,0,0,0,0,0.0389087,0.65732,0.561817,0.406183,0.276487,0.0966821,0,0,0
0,0,0,0,0,0,0.0263644,0.24713,0.25785,0.445877,0.323326,0.448485,0.406186,0.295803,0.313766,0.127766
0,0,0,0,0.0130194,0.111388,0.178414,0.228081,0.353453,0.231456,0.481718,0.316806,0.3549,0.421926,0.287874,0.0761877
0,0,0,0,0,0,0.0165499,0.103037,0.322189,0.43617,0.239707,0.304839,0.332066,0.418286,0.439106,0.258125
0,0,0,0,0,0.11037,0.144354,0.314273,0.138742,0.36977,0.586768,0.5188,0.226975,0.21731,0.00654736,0
0,0,0,0,0,0.0622805,0.116021,0.161846,0.257037,0.519907,0.529072,0.478456,0.278283,0.172261,0.0643635,0
0,0,0,0,0,0.0038454,0.0977541,0.116981,0.405184,0.483913,0.250356,0.300953,0.319371,0.416113,0.376242,0.0918848
0,0,0,0,0,0,0.0139717,0.0953626,0.225544,0.32645,0.449978,0.470825,0.406732,0.38522,0.291188,0.102459
0,0,0,0,0,0,0.0724491,0.17468,0.333308,0.487711,0.354008,0.536715,0.353163,0.262549,0.0899805,0.0120396
0,0,0,0,0,0,0.0125171,0.271085,0.366216,0.474221,0.280026,0.596531,0.328307,0.15557,0.0332598,0
0,0,0,0,0,0,0.0403072,0.0799351,0.0860491,0.268337,0.522635,0.463759,0.567924,0.301172,0.104391,0.0147189
0,0,0,0,0,0,0,0,0.0710946,0.57333,0.476459,0.502651,0.25777,0.260264,0.22742,0.025777
0,0,0,0,0,0,0.00916493,0.0302721,0.146639,0.311608,0.297444,0.7082,0.351323,0.27717,0.260229,0.149694
0,0,0,0,0,0,0,0.0220931,0.211184,0.326522,0.365185,0.535756,0.280712,0.317425,0.423992,0.261868
0,0,0,0,0,0,0,0,0,0.529924,0.678833,0.48753,0.135661,0.0312655,0.0360349,0
0,0,0,0,0,0.0132212,0.139557,0.308494,0.734509,0.258547,0.301149,0.431891,0.0264423,0.0198317,0.0227698,0
0,0,0,0,0,0,0,0,0.0259232,0.183646,0.211752,0.443424,0.480808,0.510006,0.436875,0.20493
0,0,0,0,0.0661218,0.113424,0.076803,0.462344,0.851445,0.190227,0.0310264,0.031535,0,0,0,0
0,0,0,0,0.0829384,0.198006,0.176337,0.258529,0.500619,0.657529,0.41245,0.0537979,0.00298877,0,0,0
0,0,0,0,0,0.0203503,0.207573,0.598978,0.476197,0.589481,0.146522,0.0447707,0,0,0,0
0,0,0,0,0,0,0,0.0448143,0.220812,0.420439,0.621696,0.49866,0.318589,0.185775,0.0358514,0
0,0,0,0,0,0,0,0,0.105166,0.374097,0.646167,0.486064,0.430603,0.0988871,0.00209285,0
0,0,0,0,0,0.00772283,0.290893,0.336372,0.484822,0.638421,0.397297,0.0411884,0,0,0,0
0,0,0,0,0,0,0,0.0702455,0.147039,0.36224,0.572084,0.695609,0.174423,0.0205379,0.0151802,0
0,0,0,0,0,0,0,0,0.366058,0.633772,0.397018,0.409311,0.275454,0.249957,0.0286836,0
0,0,0,0,0,0,0,0.0169351,0.180641,0.70845,0.287896,0.277547,0.525457,0.170762,0,0
0,0,0,0,0,0,0,0.0298293,0.112158,0.528575,0.358548,0.492183,0.578688,0.0381815,0,0
0,0,0,0,0,0,0,0.0303756,0.275373,0.604525,0.413806,0.527839,0.296287,0.141919,0.00448165,0
0,0,0,0,0,0,0,0.0169732,0.208959,0.561247,0.183311,0.201415,0.232344,0.386989,0.531073,0.284773
0,0,0,0,0,0,0.00632133,0.229675,0.68323,0.553643,0.202282,0.227568,0.225987,0.0953467,0.114837,0.0884986
0,0,0,0,0,0,0,0.0323325,0.129667,0.332924,0.300086,0.27912,0.206035,0.185659,0.191048,0.768065
0,0,0,0,0,0,0,0,0.0336161,0.45802,0.490375,0.412218,0.398982,0.123119,0.087402,0.443523
0,0,0,0,0,0.0149629,0.202612,0.509965,0.595817,0.2632,0.23401,0.229104,0.20114,0.197952,0.15895,0.249463
0,0,0,0,0,0,0.00217303,0.511747,0.459595,0.441848,0.239757,0.182172,0.220562,0.183621,0.277423,0.285753
0,0,0,0,0,0,0.0368537,0.151195,0.436575,0.390902,0.470909,0.386177,0.321289,0.223642,0.228997,0.236242
0,0,0,0,0,0.0016582,0.02023,0.0696443,0.157529,0.458989,0.298475,0.322354,0.39034,0.360492,0.253041,0.468938
0,0,0,0,0,0,0,0,0.0958978,0.250836,0.268582,0.289741,0.46891,0.438195,0.501672,0.328988
0,0,0,0,0,0,0,0.0115819,0.118015,0.431524,0.484242,0.631811,0.373415,0.158951,0.0365428,0.003195
0,0,0,0,0,0,0,0,0.275888,0.341216,0.695445,0.511954,0.228518,0.0877115,0.0366983,0.0213423
0,0,0,0,0,0,0,0.0351984,0.196957,0.732626,0.520474,0.387374,0.0477005,0,0,0
0,0,0,0,0,0,0.00163472,0.0223412,0.107074,0.66179,0.713284,0.202433,0.0177095,0,0,0
0,0,0,0,0,0.0367674,0.0905816,0.138714,0.23364,0.402436,0.457587,0.397757,0.308178,0.464272,0.27609,0.0177152
0,0,0,0,0,0,0,0.0901941,0.150253,0.37342,0.719445,0.51419,0.214738,0.0417253,0,0
0,0,0,0,0,0.00651468,0.0792619,0.144952,0.427526,0.443541,0.402553,0.59365,0.242672,0.13898,0.021987,0
0,0,0,0,0,0,0,0.00261878,0.0701028,0.131946,0.645832,0.60655,0.427063,0.0995137,0.0134968,0.0141011
0,0,0,0,0.0379826,0.140243,0.140243,0.397032,0.626551,0.598794,0.224162,0.0146087,0.00194783,0,0,0
0,0,0,0,0,0.0127966,0.0622301,0.108859,0.537458,0.815302,0.173894,0.017179,0,0,0,0
0,0,0,0,0.158333,0.283157,0.388713,0.351573,0.516608,0.394298,0.34515,0.210553,0.150515,0.061993,0.087963,0
0,0,0,0.00814722,0.0340976,0.403137,0.734155,0.502412,0.210923,0.0190102,0,0,0,0,0,0
0,0,0,0,0.0261499,0.442728,0.675803,0.425219,0.384517,0.133705,0.00750387,0,0,0,0,0
0,0,0,0,0.119381,0.305643,0.37391,0.589108,0.621508,0.137747,0.0150742,0,0,0,0,0
0,0,0,0.0114135,0.160543,0.396642,0.594255,0.57671,0.326557,0.152808,0.031505,0.00735744,0,0,0,0
0,0,0,0,0,0.0198506,0.261317,0.530634,0.724696,0.352867,0.0068144,0,0,0,0,0
0,0,0,0,0,0,0,0,0,0.134021,0.321982,0.476749,0.783379,0.193355,0.00248955,0
0,0,0.130662,0.765084,0.445512,0.317368,0.227636,0.182927,0.110197,0.0299107,0.00724153,0,0,0,0,0
0,0,0.0868455,0.754083,0.235724,0.291165,0.166325,0.42531,0.273718,0,0,0,0,0,0,0
0,0.0251141,0.846412,0.511332,0.138919,0.037558,0.0273766,0.00610883,0,0,0,0,0,0,0,0
0,0,0,0.0343634,0.159978,0.360671,0.826743,0.39619,0.0516895,0,0,0,0,0,0,0
0,0,0,0,0,0,0.0169013,0.130703,0.563002,0.697085,0.41089,0.104413,0,0,0,0
0,0,0,0,0.0956851,0.349228,0.487244,0.389354,0.515465,0.436095,0.135811,0.0745197,0,0,0,0
0,0,0,0,0,0,0,0.225496,0.618479,0.731822,0.144282,0.0749672,0.0630676,0.025584,0.00118996,0
0,0,0,0,0,0,0,0,0,0,0,0.201711,0.897765,0.383853,0.0773728,0
0,0,0,0,0,0.859749,0.459318,0.161164,0.151246,0.031613,0.00309931,0,0,0,0,0
0,0,0,0,0,0,0.00313863,0.106713,0.448824,0.546514,0.319355,0.506888,0.338972,0.119268,0.0207934,0
0,0,0,0,0,0.0410444,0.183198,0.919495,0.298323,0.140652,0.0520564,0.0650704,0.0550596,0.0110119,0.0165179,0.0115125
0,0,0,0,0,0,0,0.217772,0.376762,0.831637,0.341255,0.0504979,0,0,0,0
0,0,0,0.0712555,0.0644443,0.100072,0.544371,0.47364,0.527605,0.263541,0.108979,0.172899,0.238916,0.11579,0.00104788,0
0,0,0,0,0.048367,0.26627,0.390462,0.462509,0.702832,0.257705,0,0,0,0,0,0
0,0,0,0,0.0159521,0.112519,0.45435,0.577694,0.4139,0.471157,0.178037,0.142429,0.04045,0,0,0
0,0,0,0,0,0.0018291,0.06914,0.125842,0.466055,0.491662,0.41484,0.49715,0.268146,0.169375,0.02451,0
0,0,0,0,0.00212994,0.0242814,0.0984034,0.178489,0.602348,0.710975,0.294784,0.0515447,0,0,0,0
0,0,0,0,0,0.00246107,0.111733,0.220512,0.308618,0.414444,0.643324,0.462189,0.201808,0.0605423,0,0
0,0,0,0,0,0,0,0.00645421,0.303348,0.929728,0.204598,0.0409842,0.00193626,0,0,0
0,0,0,0,0,0.0308232,0.25686,0.70219,0.653387,0.109486,0.0295389,0.00866902,0.00770579,0.00963224,0,0
0,0,0,0.106934,0.0799089,0.0866651,0.16075,0.241358,0.564954,0.744341,0.126969,0.0351786,0,0,0,0
0,0,0.116682,0.776043,0.552502,0.266188,0.0843368,0.0158132,0.0256365,0.00287512,0,0,0,0,0,0
0,0,0,0,0,0.0258054,0.0378479,0.0643415,0.1335,0.240506,0.334094,0.613824,0.520237,0.394651,0.05746,0
0,0,0,0,0,0,0,0,0.00408725,0.343913,0.649581,0.507111,0.435,0.115611,0,0
0,0,0,0,0,0,0,0,0,0.0829455,0.439526,0.547269,0.623588,0.333492,0.00876486,0.0166746
0,0,0,0,0,0.00177031,0.0479459,0.156082,0.735417,0.54083,0.346538,0.140445,0.0137199,0,0,0
0,0,0,0,0.0156393,0.0678379,0.15294,0.258759,0.499035,0.721844,0.340611,0.136691,0.00345283,0,0,0
0,0,0,0,0,0.17458,0.180455,0.139748,0.342236,0.79883,0.346642,0.127158,0.069874,0.0879196,0.106595,0.0432254
0,0,0,0,0,0,0.0167478,0.225841,0.674987,0.521211,0.195391,0.301968,0.28725,0.0959191,0.0192853,0
0,0,0,0.0419151,0.201771,0.259585,0.429268,0.587968,0.244842,0.381861,0.253803,0.251202,0.144824,0.0757362,0.0132972,0
0,0,0,0,0,0,0.0134145,0.024268,0.0525604,0.129877,0.285119,0.580482,0.545604,0.50536,0.0840235,0.0348777
0,0,0,0.0238074,0.0616097,0.0529232,0.195446,0.36821,0.385583,0.769718,0.279093,0.00498668,0,0,0,0
0,0,0.00328195,0.424356,0.561869,0.536434,0.42895,0.158518,0.0853306,0.00672799,0,0,0,0,0,0
0,0,0,0.000530251,0.00530251,0.029694,0.175646,0.251206,0.454425,0.682565,0.471791,0.100748,0,0,0,0
0,0,0,0,0,0,0.0273042,0.0716736,0.313088,0.48374,0.551318,0.387265,0.415252,0.188854,0.00796373,0
0,0,0,0,0,0.0205526,0.138065,0.188601,0.538237,0.540897,0.33803,0.320137,0.32183,0.205768,0.00314334,0
0,0,0,0,0,0.0281788,0.137617,0.235042,0.409138,0.619059,0.461564,0.275235,0.151816,0.0956768,0.164267,0.16252
0,0,0,0.023693,0.0832846,0.124209,0.143594,0.170877,0.229751,0.294368,0.252726,0.218622,0.181647,0.446219,0.620327,0.243392
0,0,0,0,0.001425,0.0498751,0.2147,0.427501,0.537463,0.435101,0.35815,0.384513,0.107825,0.0522501,0,0
0,0,0,0.324377,0.668676,0.47644,0.202528,0.234734,0.231414,0.140774,0.0770272,0.0820074,0.160031,0.096616,0.0590985,0.00863236
0,0,0,0,0,0,0,0.0262126,0.344958,0.921985,0.173702,0.00943654,0,0,0,0
0,0,0,0,0,0.0012952,0.0275525,0.272934,0.421647,0.724017,0.389384,0.214179,0.141412,0.0640536,0.0341462,0.000235491
0,0,0,0,0,0,0,0.0178599,0.324745,0.515976,0.294034,0.278352,0.257443,0.27465,0.241108,0.514016
0,0,0,0,0,0,0,0.00538494,0.186631,0.51086,0.523614,0.504058,0.376095,0.123428,0.127255,0.0551248
0,0,0,0,0,0,0,0.000344353,0.18354,0.410124,0.321281,0.403237,0.45248,0.509642,0.210055,0.153926
0,0,0,0,0,0,0,0,0,0.0124687,0.0844577,0.114806,0.34136,0.513334,0.689777,0.351711
0,0,0,0,0.0222995,0.159703,0.117728,0.319407,0.680134,0.571916,0.206926,0.100348,0.124615,0.00557486,0,0
0,0,0,0,0,0,0,0,0,0,0.0301973,0.24958,0.591558,0.551037,0.531422,0.0283907
0,0,0,0.2068,0.276705,0.409393,0.381237,0.47153,0.432047,0.339813,0.207771,0.00873804,0,0,0,0
0,0,0,0,0,0,0.00281286,0.132205,0.228058,0.614069,0.509128,0.476239,0.247315,0.0642631,0.0454385,0.00692397
0,0,0,0,0.00523103,0.0408795,0.102877,0.662984,0.737768,0.0621911,0,0,0,0,0,0
0,0,0,0,0,0,0,0.00780772,0.119848,0.644918,0.661509,0.336513,0.127461,0.0507502,0,0
0,0,0,0,0,0,0,0.0592492,0.464932,0.565307,0.525808,0.318087,0.27487,0.0815548,0.0299731,0
0,0,0,0,0,0.145922,0.370769,0.260079,0.464952,0.632096,0.325827,0.112215,0.191696,0.0459126,0.0160902,0
0,0,0,0,0,0,0,0.0699127,0.405368,0.463054,0.444557,0.457411,0.374331,0.252689,0.0653668,0.0355834
0,0,0,0,0,0,0,0.0190684,0.129632,0.375849,0.424022,0.622903,0.390736,0.334367,0.0948404,0.0172285
0,0,0,0,0,0.0207395,0.12365,0.591208,0.634,0.289041,0.185606,0.140451,0.0942467,0.169592,0.169592,0.169329
0,0,0,0,0,0,0,0.0439851,0.136268,0.420338,0.569758,0.591211,0.278788,0.214535,0.0651152,0.0258736
0,0,0,0,0,0.0410469,0.0425234,0.0451812,0.0974496,0.236832,0.516778,0.610979,0.437932,0.295006,0.087114,0.0460671
0,0,0,0,0,0.111201,0.49632,0.684575,0.436786,0.258776,0.120406,0.0203398,0,0,0,0
0,0,0,0,0.00340387,0.193873,0.431108,0.319816,0.332248,0.472102,0.476542,0.241527,0.217256,0.0913126,0.0054758,0
0,0,0,0,0,0,0.00947845,0.0342948,0.0949569,0.365007,0.74604,0.474095,0.215419,0.162857,0.0446349,0.0149932
0,0,0,0,0,0,0,0,0.146582,0.362399,0.469742,0.635567,0.312407,0.232985,0.181294,0.1945
0,0,0,0,0.00903469,0.0940534,0.410268,0.591888,0.497371,0.311349,0.129729,0.145713,0.133899,0.22772,0.142238,0.00509649
0,0,0,0,0,0.0390383,0.0651476,0.174982,0.740348,0.496327,0.34306,0.196573,0.111843,0.0178246,0,0
0,0,0,0,0,0.000865561,0.148588,0.38806,0.406237,0.47577,0.406525,0.436531,0.260534,0.106753,0.0291405,0
0,0,0,0,0,0,0,0,0,0.148534,0.33339,0.598567,0.664714,0.255137,0.0395698,0.00118119
0,0,0,0,0,0,0,0,0.162604,0.543059,0.407451,0.452654,0.47965,0.261171,0.0969973,0.00721986
0,0,0,0,0,0.047082,0.165841,0.364007,0.627526,0.339764,0.138787,0.149327,0.140192,0.181652,0.475388,0.0913532
0,0,0,0,0,0,0.000508145,0.113316,0.160574,0.585129,0.624256,0.439799,0.186489,0.0330294,0.00330294,0
0,0,0,0,0.0506423,0.0981777,0.0918086,0.155345,0.408245,0.732294,0.324515,0.263775,0.137946,0.239386,0.0330884,0
0,0,0.00159666,0.0480449,0.0711239,0.118298,0.156908,0.253288,0.589748,0.550702,0.446484,0.186083,0.0666242,0.0193051,0,0
0,0,0,0,0.0386363,0.140654,0.373774,0.299106,0.538738,0.593002,0.250919,0.20143,0.0642492,0,0,0
0,0,0,0,0,0,0,0.0675439,0.344363,0.774936,0.525324,0.0189819,0,0,0,0
0,0,0,0,0,0,0.00837975,0.16568,0.453464,0.595441,0.578442,0.250674,0.119232,0.0215479,0.013647,0
0,0,0,0,0,0,0.052142,0.174255,0.402334,0.295359,0.424873,0.507291,0.432947,0.221015,0.175937,0.112694
0,0,0,0,0,0,0,0,0.00182742,0.378538,0.641426,0.577466,0.241481,0.0838004,0.199711,0.0811898
0,0,0,0,0,0,0,0.0333375,0.210104,0.671401,0.483006,0.369814,0.248481,0.165137,0.150406,0.149243
0,0,0,0,0,0.000462784,0.0275356,0.305206,0.587042,0.607867,0.384342,0.180717,0.0721943,0.0622444,0.0499807,0.0030081
0,0,0,0,0,0,0,0.00771508,0.0732932,0.267199,0.595861,0.485278,0.463162,0.314261,0.138871,0.00797225
0,0,0,0,0,0,0.0134852,0.111038,0.289501,0.415172,0.500961,0.503543,0.381603,0.272573,0.0829196,0
0,0,0,0,0,0,0.00206351,0.0327583,0.161986,0.349508,0.240399,0.406254,0.432306,0.385361,0.40806,0.354666
0,0,0,0,0,0,0,0.0567165,0.171969,0.272664,0.144369,0.319978,0.447969,0.459798,0.447666,0.396409
0,0,0,0,0,0,0,0.125867,0.294951,0.498337,0.554518,0.53264,0.237419,0.0353833,0.00270101,0
0,0,0,0.0146362,0.256369,0.321051,0.286349,0.455137,0.632896,0.375583,0.0148722,0,0,0,0,0
0,0,0,0,0,0,0,0.0390773,0.108899,0.613743,0.673508,0.358017,0.150275,0.0744192,0.00488466,0
0,0,0,0,0,0,0.0436938,0.162566,0.401597,0.888654,0.143718,0.00471207,0,0,0,0
0,0,0,0,0,0,0.0920278,0.180608,0.30393,0.588501,0.564367,0.359094,0.261762,0.0636504,0.0132605,0
0,0,0,0,0.012937,0.0958725,0.0740413,0.113199,0.413638,0.808563,0.368012,0.109734,0,0,0,0
0,0,0,0,0.0464316,0.352436,0.413686,0.586323,0.528777,0.275379,0.0572986,0,0,0,0,0
0,0,0.000410418,0.374711,0.395095,0.28223,0.405219,0.399336,0.4557,0.292354,0.0834516,0.00820835,0,0,0,0
0,0,0,0,0,0,0,0,0.0176136,0.151947,0.572559,0.606377,0.465234,0.242363,0.058712,0.0495529
0,0,0,0,0.00792476,0.0656623,0.518053,0.541148,0.609301,0.248385,0.0382653,0,0,0,0,0
0,0,0,0,0,0,0.0247615,0.133262,0.35634,0.552631,0.55083,0.379976,0.285882,0.140015,0.0110301,0
0,0,0,0,0,0,0.093234,0.229555,0.618801,0.575714,0.447182,0.140703,0.0404095,0.0452781,0.0260471,0.0109544
0,0,0,0,0,0,0.0131606,0.441611,0.691419,0.412609,0.287096,0.169138,0.138917,0.0950487,0.101142,0.0831067
0,0,0,0,0,0,0.0176272,0.180317,0.568404,0.300818,0.375372,0.372194,0.47709,0.141306,0.123101,0.106919
0,0,0,0,0,0,0.00183293,0.0261847,0.124378,0.416075,0.70306,0.489131,0.207383,0.168892,0.0751502,0
0,0,0,0,0,0,0,0.153104,0.516212,0.484906,0.420922,0.40744,0.278101,0.148077,0.110601,0.142364
0,0,0,0,0.114468,0.240916,0.419717,0.647322,0.466303,0.338968,0.035494,0.00842983,0,0,0,0
0,0,0,0,0.0105973,0.0368117,0.137579,0.25731,0.305834,0.664283,0.532654,0.306206,0.0332792,0,0,0
0,0,0,0,0,0.000478622,0.0848755,0.229579,0.427888,0.451978,0.460434,0.345086,0.318443,0.319241,0.134493,0.0149968
0,0,0,0,0,0,0.0113927,0.119843,0.486163,0.452861,0.485944,0.475208,0.203974,0.181188,0.0845691,0.0227855
0,0,0,0,0,0,0,0.00331227,0.0373814,0.0551257,0.220266,0.232806,0.289587,0.356306,0.565216,0.602124
0,0,0,0,0.00587287,0.0687126,0.215534,0.402879,0.682036,0.554987,0.112955,0.0231,0.00117457,0,0,0
0,0,0,0,0,0,0,0.0258143,0.251402,0.680709,0.453477,0.244825,0.152091,0.23759,0.319144,0.160476
