0,0,0,0,0.000232564,0.105567,0.483493,0.623832,0.397547,0.352998,0.228301,0.142338,0.0773319,0.0517499,0.0387263,0.0270808
0,0,0,0,0,6.16626e-005,0.00405211,0.0433224,0.267853,0.496137,0.40515,0.384986,0.381242,0.358286,0.265678,0.153461
0,0,0,0,0,0.0753183,0.168649,0.340994,0.517017,0.512726,0.41723,0.292698,0.210624,0.115028,0.0447291,0.00809664
0,0,0,0,0,0.189635,0.207601,0.454583,0.671808,0.430217,0.223712,0.132723,0.0623525,0.0536122,0.0389454,0.0440501
0,0,0,0,0.000208579,0.0305406,0.187763,0.480459,0.532154,0.507185,0.303274,0.232334,0.186924,0.103678,0.0297387,0.00435698
0,0,0,0,0.00161152,0.0482236,0.279388,0.581394,0.45738,0.475285,0.34043,0.13081,0.0773531,0.0673747,0.0474341,0.0269564
0,0,0,0,0,0.00759405,0.0407603,0.220615,0.676887,0.587717,0.335875,0.148555,0.0774741,0.0547843,0.0396886,0.023743
0,0,0,0,0,0,0,0,0,0.156988,0.384285,0.319307,0.41207,0.461556,0.476766,0.339973
0,0,0,0,0.000732824,0.109667,0.269965,0.586118,0.537308,0.372487,0.28027,0.2098,0.135036,0.0541358,0.0193138,0.00224026
0,0,0,0,0,0.043712,0.13699,0.259061,0.380493,0.467172,0.465327,0.422519,0.325196,0.162713,0.104579,0.104738
0,0,0,0,0,0,0.0370475,0.578334,0.606685,0.403819,0.308391,0.159827,0.0873133,0.0582274,0.0346895,0.0123723
0,0,0,0,9.67301e-006,0.0490712,0.343286,0.41177,0.432355,0.466979,0.387012,0.343774,0.175618,0.0758364,0.0246081,0.00586185
0,0,0,0,0,0.0122297,0.0350655,0.205403,0.246189,0.316796,0.343446,0.274596,0.438796,0.497814,0.299562,0.268339
0,0,0,0,0,0,0.0131646,0.624916,0.628098,0.268107,0.227828,0.183498,0.160745,0.171946,0.0421185,0.0127513
0,0,0,0,0.00354277,0.0460869,0.163727,0.404237,0.525852,0.518049,0.405075,0.249193,0.177293,0.0691338,0.0189509,0.000498256
0,0,0,0,0,0,0.0386202,0.376657,0.408626,0.293401,0.339249,0.466609,0.407429,0.23457,0.167541,0.147223
0,0,0,0,0,0,0,0,0.0906402,0.337021,0.276988,0.31844,0.466478,0.520632,0.409148,0.209793
0,0,0,0,0.0102753,0.0504553,0.0865033,0.137109,0.413557,0.609117,0.505543,0.337174,0.225952,0.0875477,0.0316013,0.00604752
0,0,0,0,0.000824366,0.0254248,0.051303,0.0408542,0.0914703,0.313273,0.575641,0.496206,0.502898,0.234374,0.0546142,0.0119121
0,0,0,0,0,0,0.00150545,0.326793,0.450022,0.330654,0.343396,0.448734,0.429949,0.257193,0.105098,0.00442909
0,0,0,0,0,0.00530888,0.211166,0.268608,0.39978,0.3379,0.278186,0.405004,0.453464,0.323417,0.182095,0.156294
0,0,0,0,0,0,0.105837,0.0485861,0.0571529,0.178753,0.340298,0.313227,0.40149,0.566634,0.446551,0.235857
0,0,0,0.00728541,0.114725,0.145462,0.107143,0.219138,0.23981,0.419906,0.425712,0.353236,0.41369,0.337744,0.223134,0.176889
0,0,0,0,0,0,0.0372955,0.273071,0.276264,0.301307,0.290901,0.502576,0.513675,0.315368,0.18792,0.145239
0,0,0,0,0,0.00273965,0.0541171,0.179792,0.44936,0.542421,0.475405,0.377461,0.247019,0.163674,0.100102,0.0477367
0,0,0,0,0,0,0.000685155,0.105985,0.152543,0.229645,0.724327,0.543071,0.250381,0.123242,0.0795315,0.0947655
0,0,0.00801615,0.0512084,0.113334,0.110433,0.411487,0.414888,0.583623,0.319196,0.219627,0.269227,0.210503,0.133453,0.0718025,0.0179572
0,0,0,0,0.000100435,0.00984262,0.0793049,0.111537,0.317111,0.549039,0.535271,0.392414,0.302687,0.195539,0.0854701,0.0387988
0,0,0,0,0,0,0,0.110771,0.115227,0.320174,0.63099,0.526756,0.354202,0.198159,0.124432,0.126933
0,0,0,0,0,0,0.10258,0.226245,0.404402,0.637563,0.447625,0.3505,0.191383,0.0782687,0.0412668,0.0242553
0,0,0,0,0,0,0.0366895,0.245841,0.428044,0.585837,0.45758,0.324643,0.252698,0.154875,0.084216,0.0456393
0,0,0,0,0,0,0,0.0887346,0.317897,0.627326,0.501471,0.406384,0.21829,0.146117,0.0771493,0.077179
0,0,0,0,0,0.00185803,0.0564875,0.212405,0.441913,0.577259,0.39922,0.405615,0.271771,0.143566,0.064351,0.0257387
0,0,0,0,0,0,0,0.028611,0.167238,0.509968,0.519947,0.432602,0.420537,0.240552,0.129572,0.0463741
0,0,0,0,0,0,0,0.0863134,0.45899,0.526627,0.480582,0.416222,0.244374,0.160987,0.0980301,0.0713962
0,0,0,0,0,0,0,0.0114531,0.0872519,0.21941,0.326179,0.377786,0.477426,0.51984,0.400245,0.191401
0,0,0,0,0,0,0.0189544,0.095023,0.151949,0.230881,0.449114,0.624037,0.427183,0.297454,0.196954,0.115485
0,0,0,0,0,0,0.00611585,0.326017,0.491666,0.353943,0.385113,0.456662,0.315847,0.22302,0.119676,0.0774096
0,0,0,0,0,0,0.0395109,0.0563953,0.103389,0.106438,0.217102,0.70114,0.501622,0.313915,0.259216,0.130954
0,0,0,0,0,0,0.0896734,0.30389,0.478422,0.466989,0.374546,0.43977,0.278264,0.183033,0.0834887,0.0325348
0,0,0,0,0,0,0,0,0.000167174,0.126634,0.434926,0.688313,0.395437,0.281043,0.238497,0.169681
0,0,0,0,0,0.0460055,0.107485,0.137945,0.125392,0.26826,0.321156,0.546988,0.528986,0.32968,0.232603,0.186168
0,0,0,0,0,0,0.00343018,0.21677,0.346003,0.416062,0.525219,0.430718,0.364268,0.246943,0.070044,0.0149235
0,0,0,0,0,0,0.0168371,0.110896,0.240694,0.380657,0.545806,0.564395,0.323052,0.236509,0.0859482,0.021314
0,0,0,0,0,0.0259289,0.140502,0.351964,0.305928,0.324781,0.524811,0.47909,0.313119,0.217178,0.0712374,0.0373517
0,0,0,0,0,0,0,0,0.0239056,0.299278,0.455725,0.523208,0.461458,0.410368,0.207065,0.064868
0,0,0,0,0,0.0150087,0.0914392,0.258071,0.329073,0.273275,0.389461,0.42149,0.445548,0.387674,0.168559,0.187869
0,0,0,0,0,0,0,0.0685249,0.179063,0.418538,0.306877,0.489164,0.480978,0.343784,0.31738,0.0659896
0,0,0,0,0.000159184,0.170415,0.317436,0.327836,0.369851,0.470464,0.477374,0.34572,0.216619,0.0914097,0.0424431,0.0100138
0,0,0,0,0,0,0.00242735,0.0852856,0.299849,0.463424,0.299506,0.302747,0.434538,0.411707,0.237223,0.303461
0,0,0,0,0,0,0.0183551,0.091044,0.168311,0.395366,0.649157,0.500631,0.306728,0.19264,0.0591443,0.00212813
0,0,0,0,0,0,0,0.0887787,0.238026,0.241137,0.431664,0.568973,0.504304,0.29099,0.162392,0.0433783
0,0,0,0,0,0,0.00437647,0.0620429,0.101903,0.119924,0.14983,0.181581,0.349731,0.464378,0.605884,0.459229
0,0,0,0,0,0,0.00127604,0.0234087,0.136932,0.35762,0.48342,0.644728,0.408287,0.185399,0.0389631,0.0291508
0,0,0,0,0,0,0,0.0441265,0.115479,0.196162,0.195066,0.419284,0.568929,0.564015,0.212232,0.213427
0,0,0,0,0,0,0,0.0680849,0.200442,0.520009,0.381223,0.489396,0.394062,0.322296,0.159176,0.124265
0,0,0,0,0,0,0.00383844,0.0677598,0.243124,0.471191,0.573615,0.523548,0.307578,0.122356,0.0378121,0.0110516
0,0,0,0,0,0,0,0.0324426,0.278127,0.286675,0.474867,0.539822,0.461939,0.238099,0.18912,0.12907
0,0,0,0,0,0,0,0.308504,0.522629,0.439793,0.501859,0.3625,0.190188,0.131015,0.0384335,0.0135522
0,0,0,0,0,0,0,0.106131,0.297275,0.224973,0.395045,0.483662,0.45765,0.424161,0.241151,0.110685
0,0,0,0,0,0,0,0.0606337,0.175117,0.328609,0.512674,0.57727,0.45352,0.222961,0.0766336,0.0182758
0,0,0,0,0,0,0.0636355,0.226453,0.144325,0.184869,0.412601,0.569161,0.452806,0.316138,0.197724,0.226733
0,0,0,0,0,0,0,0.0849401,0.246815,0.393128,0.41087,0.515202,0.408548,0.320939,0.229155,0.143685
0,0,0,0,0,0.000359694,0.119796,0.224035,0.128285,0.158715,0.393955,0.648672,0.434007,0.287323,0.165999,0.139148
0,0,0,0,0,0.00878489,0.0849079,0.0962518,0.212403,0.487472,0.44859,0.501706,0.386293,0.271873,0.132232,0.0845004
0,0,0,0,0,0,0.0139677,0.185324,0.274617,0.484193,0.546941,0.397942,0.322862,0.260939,0.152407,0.0504304
0,0,0,0,0,0,0,0,0.15927,0.334561,0.371463,0.317839,0.443364,0.507646,0.359285,0.200833
0,0,0,0,0,0,0,0.0127973,0.352291,0.281358,0.124525,0.348086,0.652322,0.435003,0.200526,0.0702284
0,0,0,0,0,0,0,0,0,0.0140296,0.379639,0.231698,0.254885,0.6688,0.465161,0.270847
0,0,0,0,0.00059276,0.0329067,0.0467265,0.0434409,0.0927924,0.325273,0.419895,0.55921,0.496208,0.292993,0.211277,0.121245
0,0,0,0,0,0,0.0487162,0.198133,0.377063,0.426495,0.495999,0.50997,0.271692,0.217603,0.0774017,0.0324307
0,0,0,0,0,0,0,0.00208494,0.0885091,0.396879,0.465749,0.444877,0.408155,0.378338,0.270527,0.192084
0,0,0,0,0,0,0,0,0.00213795,0.126234,0.295228,0.549701,0.437955,0.398231,0.324758,0.372652
0,0,0,0,0.000691236,0.025477,0.126113,0.203149,0.278346,0.384129,0.466004,0.504182,0.359159,0.250536,0.186658,0.138494
0,0,0,0,0,0.000411275,0.0120765,0.0955154,0.149006,0.186893,0.305714,0.448775,0.568431,0.462161,0.255987,0.191056
0,0,0,0.000137439,0.02522,0.184958,0.39194,0.36593,0.429066,0.32219,0.363903,0.281887,0.199526,0.197001,0.199733,0.243576
0,0,0,0,0,0,0.00734837,0.0390737,0.193098,0.352154,0.367894,0.380919,0.415175,0.440703,0.355897,0.251839
0,0,0,0,0.0589715,0.192762,0.31503,0.261242,0.377452,0.40184,0.449882,0.361729,0.240523,0.211467,0.196493,0.116225
0,0,0,0,0,0,0,0.0347768,0.0589798,0.211068,0.457616,0.53867,0.506171,0.302362,0.192161,0.258122
0,0,0,0,0.00364717,0.205353,0.349131,0.355856,0.351525,0.442889,0.407572,0.290421,0.181689,0.13969,0.126896,0.265489
0,0,0,0,0,0,0,0.0236212,0.269194,0.38004,0.440505,0.50255,0.425002,0.338838,0.155977,0.127196
0,0,0,0,0,0,0.0465544,0.16388,0.284906,0.396652,0.49628,0.528406,0.383201,0.192737,0.147028,0.0368415
0,0,0,0,0.0026794,0.0963332,0.284067,0.314542,0.333961,0.475105,0.534428,0.285932,0.236576,0.18111,0.0940044,0.0940795
0,0,0,0,0,0,0.0138781,0.128064,0.308806,0.250274,0.444043,0.618618,0.432858,0.200205,0.105681,0.0832404
0,0,0,0,0,0.00625155,0.281966,0.319934,0.563244,0.557222,0.290906,0.22243,0.169396,0.105797,0.104797,0.0733932
0,0,0,0,6.16939e-005,0.0283483,0.0818061,0.235208,0.190249,0.388687,0.453604,0.539575,0.386034,0.266009,0.144888,0.110617
0,0,0,0,0,0.0159192,0.0157054,0.131743,0.236365,0.459305,0.62186,0.492141,0.258085,0.11065,0.0714012,0.0495248
0,0,0,0,0,0.0283575,0.0374108,0.0843496,0.152233,0.495587,0.531854,0.511784,0.31859,0.219037,0.133252,0.09937
0,0,0,0,0.00420216,0.0530349,0.123144,0.294705,0.321338,0.589249,0.514626,0.353224,0.196647,0.107432,0.0599615,0.0356144
0,0,0,0,0,0,0.00452518,0.0345228,0.194437,0.406683,0.656882,0.525943,0.155827,0.176555,0.176044,0.0321872
0,0,0,0,0,0,0.0218384,0.221623,0.292836,0.25988,0.384631,0.394057,0.37937,0.359713,0.337266,0.326849
0,0,0,0,0,0,0.00718872,0.227025,0.509065,0.563487,0.393378,0.333769,0.289105,0.123394,0.0672429,0.0476036
0,0,0,0,0,0,0.00896704,0.0958002,0.115742,0.199457,0.372199,0.652627,0.513223,0.2732,0.129407,0.135376
0,0,0,0,0,8.46879e-005,0.0921264,0.473561,0.609443,0.472121,0.297325,0.229674,0.148162,0.084208,0.0426968,0.0302618
0,0,0,0,0,0.000235867,0.122789,0.400518,0.425528,0.417557,0.48033,0.394946,0.243317,0.140755,0.0552253,0.0177632
0,0,0,0,0,0,0,0,0.0809818,0.319299,0.213974,0.520253,0.396551,0.408757,0.321198,0.384108
0,0,0,0,0,0,0.000596018,0.184488,0.673938,0.541026,0.299082,0.18119,0.281797,0.121667,0.0507013,0
0,0,0,0,0,0,0.000303974,0.0632266,0.209955,0.398692,0.393099,0.45356,0.397264,0.377232,0.240565,0.273364
0,0,0,0,0,0,0,0.0432,0.293347,0.413491,0.252396,0.466933,0.632399,0.205886,0.121644,0.0475529
0,0,0,0,0.0166848,0.120779,0.116858,0.141353,0.169624,0.309266,0.519844,0.514373,0.376603,0.28227,0.177224,0.198362
0,0,0,0,0,0,0.0205985,0.277361,0.488041,0.565886,0.477592,0.318258,0.152893,0.0904334,0.0549245,0.0167797
0,0,0,0,0,0,0,0.00768373,0.036963,0.0589762,0.161704,0.313088,0.340971,0.485638,0.508319,0.510324
0,0,0,0,0,0.0400334,0.0451376,0.0680313,0.176124,0.429104,0.524267,0.497446,0.365781,0.313298,0.140037,0.0520782
0,0,0,0,0,0,0,0.0613576,0.144563,0.123964,0.126682,0.358781,0.534366,0.513538,0.433194,0.279771
0,0,0,0,0.000723449,0.0517818,0.0958999,0.234275,0.503778,0.561531,0.406958,0.32332,0.246083,0.152685,0.0699048,0.0722468
0,0,0,0,0.00698755,0.146395,0.233615,0.391396,0.508552,0.384118,0.451071,0.33298,0.198157,0.08723,0.0518971,0.0259122
0,0,0,0,0,0,0.012917,0.0222636,0.316761,0.504467,0.442702,0.332316,0.381392,0.39158,0.190844,0.0536464
0,0,0,0,0,0,0.0254838,0.163911,0.402044,0.434857,0.509064,0.385793,0.348179,0.250988,0.134124,0.107461
0,0,0,0,0,0.000330954,0.119372,0.231508,0.327656,0.551096,0.539091,0.415724,0.21253,0.0967072,0.0474863,0.0294435
0,0,0,0,0,0.00488469,0.0701219,0.224737,0.258229,0.191329,0.263951,0.475593,0.502495,0.392176,0.279379,0.247079
0,0,0,0,0,0,0.000256599,0.169898,0.228931,0.326439,0.491084,0.415494,0.466813,0.345095,0.214864,0.123258
0,0,0,0,0,0,0,0.0821955,0.532407,0.568989,0.430903,0.402498,0.16951,0.0859496,0.0462038,0.0100152
0,0,0,0,0,0.000137405,0.0829562,0.227947,0.205854,0.327124,0.554225,0.462851,0.356073,0.283798,0.208804,0.139451
0,0,0,0,0,0,0,0,0.0169876,0.12755,0.438757,0.494388,0.490546,0.411958,0.32086,0.18226
0,0,0,0,0,0,0.0350297,0.121451,0.290897,0.497505,0.481478,0.453682,0.373038,0.2249,0.140529,0.0689617
0,0,0,0,0,0,0.0115196,0.248151,0.532161,0.532332,0.518096,0.265786,0.151511,0.0868859,0.0457269,0.00739798
0,0,0,0,0,0,0,0.211839,0.369614,0.338048,0.296627,0.466373,0.396432,0.26619,0.300445,0.283654
0,0,0,0,0,0.0107531,0.0288347,0.0748696,0.304032,0.456747,0.498414,0.51461,0.350299,0.198928,0.106812,0.0739188
0,0,0,0,0,0,0,0.0154597,0.312475,0.582773,0.267189,0.368267,0.387887,0.313097,0.216908,0.244847
0,0,0,0,0,0.00295375,0.0429438,0.38562,0.318641,0.261604,0.278495,0.372214,0.522065,0.394679,0.164692,0.0890285
0,0,0,0,0.0183829,0.0720164,0.209891,0.311816,0.316812,0.498793,0.468858,0.362479,0.272138,0.231689,0.144941,0.0637425
0,0,0,0,0,0,0,0.00498293,0.0457094,0.203725,0.366939,0.489756,0.565743,0.440245,0.225321,0.131252
0,0,0,0,0,0.0410562,0.0968298,0.203696,0.415976,0.664692,0.414451,0.268892,0.206298,0.181216,0.106417,0.0424322
0,0,0,0,0,0,0.0335852,0.368466,0.504468,0.337983,0.487299,0.403681,0.250981,0.130738,0.111502,0.0380654
0,0,0,0,0,0,0,0,0,0.0449082,0.261831,0.355261,0.395167,0.490911,0.396929,0.498511
0,0,0,0,0,0,0.075639,0.261061,0.315627,0.373699,0.393195,0.482202,0.350503,0.34763,0.226259,0.0695853
0,0,0,0,0,0,0,0.0335467,0.175724,0.260126,0.262569,0.35368,0.465658,0.617756,0.282712,0.16707
0,0,0,0,0,0,0.000817443,0.0757707,0.511782,0.506343,0.406018,0.37813,0.33534,0.195117,0.126578,0.0396774
0,0,0,0,0,0,0.0190508,0.196818,0.414465,0.554343,0.522354,0.316915,0.228062,0.185734,0.127913,0.0752453
0,0,0,0,0,0,0,0,0,0.00551865,0.150542,0.327571,0.500619,0.529426,0.445419,0.375093
0,0,0,0,0,0,0,0.000888508,0.104997,0.172432,0.227335,0.377432,0.382579,0.486504,0.508992,0.350685
0,0,0,0,0,2.19919e-005,0.0542687,0.228489,0.348301,0.429883,0.508226,0.432273,0.303818,0.265582,0.168905,0.047048
0,0,0,0,0,0,0,0,0.00818579,0.172954,0.341449,0.429228,0.63175,0.443602,0.22296,0.153604
0,0,0,0,0,0,0,0,0.00916814,0.20932,0.47011,0.475033,0.415706,0.386403,0.277226,0.332367
0,0,0,0,0,0.0218467,0.129673,0.185291,0.243398,0.305192,0.461337,0.515363,0.42258,0.321994,0.178101,0.0598753
0,0,0,0,0.0135262,0.00992497,0.0851694,0.186454,0.233423,0.232535,0.370051,0.489371,0.53485,0.368752,0.208711,0.0843575
0,0,0,0,0,0,0.00850357,0.0171688,0.0738022,0.161758,0.40468,0.523978,0.462626,0.433863,0.326864,0.143533
0,0,0,0,0,0,0,0.0213217,0.0902161,0.217668,0.469343,0.63215,0.489963,0.246851,0.140604,0.0579839
0,0,0,0,0,0,0,0.0905034,0.228545,0.568518,0.365705,0.542336,0.344079,0.183546,0.131397,0.138384
0,0,0,0,0,0.0285799,0.0876279,0.187648,0.271877,0.270088,0.183156,0.273278,0.469671,0.558183,0.353195,0.210464
0,0,0,0,0,0,0.0239264,0.0661377,0.191396,0.556625,0.492785,0.46334,0.3819,0.188567,0.0924698,0.0333494
0,0,0,0,0,0,0,0,0.0559925,0.285615,0.423846,0.561905,0.498222,0.332665,0.186227,0.162277
0,0,0,0,0,0,0,0,0.0493983,0.325946,0.468181,0.626309,0.37196,0.253725,0.173477,0.216881
0,0,0,0,0,0.000444763,0.0424424,0.337657,0.50677,0.510794,0.369322,0.365736,0.255712,0.156714,0.0728815,0.0322291
0,0,0,0,0,0.0113434,0.0953731,0.169695,0.231669,0.227755,0.148293,0.243001,0.476574,0.556246,0.428922,0.234286
0,0,0,0.0522872,0.189381,0.290114,0.262589,0.326528,0.451415,0.512884,0.324679,0.235717,0.203459,0.137093,0.0804761,0.0847953
0,0,0,0,0,0,0.0012059,0.0962124,0.14138,0.310969,0.492571,0.35229,0.387521,0.366883,0.361785,0.302742
0,0,0,0,0,0.0513105,0.147518,0.238258,0.49571,0.574735,0.397372,0.309733,0.181764,0.124513,0.114644,0.165126
0,0,0,0,0,0.0376164,0.163693,0.365097,0.509017,0.517091,0.445473,0.258645,0.162818,0.114778,0.0662529,0.0509491
0,0,0,0,0,0,0,0.0143077,0.115939,0.460293,0.416256,0.549459,0.46459,0.263491,0.114451,0.0306342
0,0,0,0,0,0.0397123,0.115831,0.335999,0.574708,0.494945,0.403059,0.305944,0.167424,0.0978405,0.047794,0.0301033
0,0,0,0.00768859,0.0444821,0.125809,0.29391,0.453309,0.454099,0.40466,0.396808,0.328745,0.199388,0.10124,0.0626856,0.0290105
0,0,0,0,0,0.00199228,0.0459266,0.191877,0.258816,0.353557,0.538131,0.524761,0.407626,0.18631,0.0557353,0.0120439
0,0,0,0,0,0,0,0.016366,0.049475,0.209244,0.408752,0.529824,0.464767,0.495941,0.197324,0.0693246
0,0,0,0,0,0.0174949,0.09229,0.181617,0.363472,0.630334,0.487951,0.369289,0.205878,0.0957265,0.0458703,0.0252082
0,0,0,0,0,0,0,0.0332486,0.104593,0.484528,0.725648,0.458149,0.105835,0.0710522,0.0216786,0.00158327
0,0,0,0,0,0.000642439,0.017725,0.290993,0.522135,0.444221,0.401261,0.434752,0.274279,0.134375,0.0401367,0.0115955
0,0,0,0,0,0,0,0.011204,0.0809604,0.341435,0.476647,0.631547,0.446206,0.219032,0.0599081,0.00590588
0,0,0,0,0,9.75851e-006,0.00688951,0.152965,0.384212,0.550624,0.52087,0.376112,0.279386,0.176122,0.0586096,0.0217322
0,0,0,0,0,0.0965652,0.255743,0.285028,0.307986,0.438455,0.520673,0.437091,0.260197,0.137354,0.0608709,0.0671486
0,0,0,0,0,0.01012,0.0724623,0.158747,0.37733,0.489389,0.574592,0.417311,0.241818,0.12559,0.0834976,0.0451811
0,0,0,0,0,0,0,0,0.00685003,0.154033,0.311429,0.361301,0.515209,0.461819,0.388949,0.344532
0,0,0.00710619,0.0958012,0.190829,0.256983,0.291985,0.252382,0.285388,0.304996,0.454063,0.433783,0.333054,0.173867,0.0874937,0.147459
0,0,0,0,0,0,0,0,0.00023064,0.0203495,0.153925,0.553713,0.496816,0.469973,0.31493,0.320022
0,0,0,0,0,0,0.0016844,0.0607817,0.315789,0.547752,0.546945,0.401657,0.314857,0.165806,0.088413,0.040336
0,0,0,0.00121246,0.0779189,0.119902,0.183929,0.208616,0.37877,0.569214,0.300588,0.298222,0.320484,0.280736,0.212575,0.169496
0,0,0,0,0,0,0,0.014626,0.298041,0.516196,0.469116,0.331947,0.318162,0.289697,0.261626,0.246253
0,0,0,0,0,0.0018161,0.0567349,0.123567,0.27718,0.350507,0.54403,0.527133,0.324951,0.243444,0.148659,0.145012
0,0,0,0,0.00170003,0.0121127,0.033788,0.0862551,0.241297,0.403671,0.539779,0.606633,0.299417,0.134047,0.0530196,0.0172765
0,0,0,0,0,0,0.198696,0.731878,0.564091,0.25444,0.125014,0.11304,0.106255,0.0441916,0.0163196,0.00452337
0,0,0,0,0,0,0,0.0487493,0.115454,0.190848,0.275662,0.297402,0.455886,0.583002,0.394424,0.283091
0,0,0,0,0,0,0.0280354,0.209906,0.208111,0.245022,0.296629,0.44167,0.439146,0.456509,0.353891,0.205566
0,0,0,0,0,0,0.210888,0.227456,0.603846,0.585086,0.39015,0.191511,0.0793567,0.0373335,0.0148408,0.00543032
0,0,0,0,0,0,0,0,0.08866,0.410762,0.326686,0.511891,0.487998,0.433396,0.143523,0.0899187
0,0,0,0,0,0,0.0431266,0.162015,0.118013,0.15479,0.43282,0.505339,0.552447,0.375897,0.204401,0.0550241
0,0,0,0,0,0,0,0,0.0857667,0.329139,0.463198,0.61073,0.422338,0.278508,0.174313,0.102213
0,0,0,0,0,0,0.0317312,0.222915,0.308436,0.430568,0.494329,0.571535,0.255169,0.169088,0.0622548,0.0137805
0,0,0,0,0,0.0151648,0.0698683,0.29581,0.556355,0.51876,0.446961,0.338202,0.101921,0.0501127,0.0380774,0.0154267
0,0,0,0,0,0,0.00263906,0.0317299,0.178702,0.524735,0.430768,0.528036,0.406956,0.224758,0.103616,0.0213468
0,0,0,0,0,0,0.00385335,0.121932,0.357988,0.63599,0.530014,0.370754,0.13188,0.109761,0.0617215,0.0292651
0,0,0,0,0,0,0,0.148509,0.421341,0.371434,0.359586,0.554948,0.407621,0.215604,0.111033,0.0146714
0,0,0,0,0,0.000874332,0.0733795,0.236981,0.456144,0.463644,0.527139,0.447133,0.162598,0.0983025,0.0386915,0.00435325
0,0,0,0,0,0,0,0,0,0.103508,0.529673,0.465344,0.460794,0.371315,0.376117,0.022749
0,0,0,0,0,0,0.00162962,0.0745278,0.393411,0.565694,0.517327,0.342545,0.299958,0.179345,0.101015,0.0484974
0,0,0,0,0,0,6.84043e-005,0.13073,0.40556,0.497319,0.397341,0.348334,0.299973,0.319526,0.221601,0.225168
0,0,0,0,0,0.0137836,0.128095,0.254052,0.479936,0.63339,0.426094,0.279374,0.142302,0.0809393,0.030364,0.00290244
0,0,0,0,0.000387383,0.0310087,0.154512,0.570976,0.576733,0.431374,0.263592,0.179088,0.142179,0.0762424,0.0486121,0.0224232
0,0,0,0,7.90292e-005,0.0232247,0.174062,0.322498,0.42977,0.240831,0.316719,0.373245,0.351848,0.389436,0.295579,0.141452
0,0,0,0,0,0.00657612,0.0716926,0.0983581,0.153219,0.188619,0.423898,0.610041,0.475939,0.325935,0.196097,0.0551792
0,0,0,0,0,0,0,0,0.00779267,0.151236,0.338553,0.509504,0.53144,0.499121,0.222738,0.147279
0,0,0,0,0,0,0,0,0.0834986,0.583799,0.433436,0.522729,0.350388,0.190867,0.153246,0.0916953
0,0,0,0,0,0,0.0192417,0.0827316,0.194688,0.557723,0.441757,0.444888,0.423336,0.258064,0.0649789,0.0268391
0,0,0,0,0,0,0,0.056215,0.245495,0.416064,0.272468,0.493116,0.602164,0.278017,0.0777816,0.0107529
0,0,0,0,0,0,0,0,0.104967,0.392233,0.436447,0.510627,0.574492,0.222891,0.0635714,0.0121545
0,0,0,0,0,0.0133057,0.0537388,0.0884789,0.0966266,0.167444,0.363448,0.559682,0.522439,0.416948,0.237135,0.0580753
0,0,0,0,0,0,0.00785358,0.106007,0.38218,0.6634,0.428685,0.399397,0.18331,0.102973,0.104498,0.0642241
0,0,0,0,0,0.00015889,0.0097241,0.0362906,0.0958745,0.37773,0.55054,0.515473,0.408349,0.262424,0.193417,0.0698959
0,0,0,0,0.000592326,0.00218705,0.037836,0.268779,0.395874,0.460365,0.549861,0.395902,0.264706,0.162644,0.042611,0.0156921
0,0,0,0,0,0,0.0224436,0.127735,0.454719,0.435469,0.660624,0.288393,0.214226,0.134212,0.0547372,0.0167765
0,0,0,0,0.0286674,0.126575,0.154884,0.298486,0.292669,0.379968,0.410949,0.440784,0.402883,0.313665,0.123373,0.0308522
0,0,0,0,0,0,0.0612515,0.139312,0.651633,0.510597,0.435699,0.26231,0.145691,0.0915336,0.051793,0.0240588
0,0,0,0,0,0.00414112,0.114139,0.17751,0.337884,0.62436,0.524137,0.361867,0.186308,0.0982713,0.0364613,0.00943951
0,0,0,0,0,0,0,0.0115424,0.100416,0.324405,0.417603,0.616774,0.541577,0.170358,0.0833602,0.0215955
0,0,0,0.0061097,0.0325312,0.0247513,0.138767,0.226964,0.157333,0.219712,0.421084,0.601218,0.433034,0.319202,0.15674,0.0417658
0,0,0,0,0,0,0,0,0.00808755,0.212898,0.343436,0.500909,0.51973,0.498806,0.247499,0.0746182
0,0,0,0,0,0,0,0,0.11857,0.18588,0.383112,0.246573,0.454094,0.557361,0.400187,0.258484
0,0,0,0.0055798,0.0257472,0.086923,0.213369,0.385727,0.462491,0.455897,0.380114,0.353053,0.261139,0.178267,0.0790871,0.0183861
0,0,0,0,0,0,0.000276389,0.114924,0.166698,0.163613,0.246272,0.392998,0.668433,0.434733,0.224731,0.175605
0,0,0,0,0,0.0015142,0.0458698,0.125046,0.386959,0.458716,0.461854,0.475932,0.348977,0.209786,0.123763,0.0341576
0,0,0,0,0,0.00119866,0.0448205,0.166327,0.308114,0.794696,0.460527,0.144367,0.0856326,0.0564044,0.019054,0.00672211
0,0,0,0,0.0116861,0.110061,0.216665,0.379165,0.517973,0.459148,0.358496,0.295682,0.261688,0.171471,0.0622074,0.0150627
0,0,0,0,0,0,0.0220682,0.0898232,0.240376,0.613126,0.572999,0.382657,0.24642,0.141675,0.0468132,0.000569268
0,0,0,0,0,0,0,0.0605004,0.187175,0.408404,0.479579,0.365262,0.388582,0.362028,0.294003,0.2502
0,0,0,0,0.00096441,0.0682195,0.202897,0.380552,0.497876,0.410769,0.395138,0.358584,0.290127,0.146747,0.0460648,0.0141625
0,0,0,0,0,0,0,0.0514424,0.423168,0.460317,0.308432,0.345304,0.333668,0.356385,0.318937,0.227945
0,0,0,0,0,0.000770882,0.216878,0.391749,0.386005,0.240396,0.297246,0.373563,0.373639,0.309167,0.249863,0.25919
0,0,0,0,0,0.045987,0.129271,0.273998,0.400391,0.60495,0.576775,0.194889,0.0775786,0.0460655,0.0294976,0.0126549
0,0,0,0,0,0,0,0.0108059,0.0407165,0.286206,0.527472,0.426571,0.38,0.446189,0.310313,0.127841
0,0,0,0,0,0,0.00341236,0.445064,0.498857,0.313822,0.274293,0.45833,0.300288,0.227938,0.151256,0.0652183
0,0,0,0,0,0,0,0.115327,0.320532,0.571412,0.526799,0.397569,0.295904,0.160967,0.0846269,0.0351831
0,0,0,0,0,0,0,0.115105,0.191315,0.100187,0.201424,0.313709,0.453418,0.515147,0.405763,0.40684
0,0,0,0,0,0,0.011688,0.149962,0.359541,0.523233,0.456918,0.442393,0.35415,0.190568,0.0785469,0.0440261
0,0,0,0,0,0,0,0,0.0139452,0.101128,0.16226,0.214218,0.410371,0.566812,0.43509,0.488238
0,0,0,0,0,0.0761096,0.184716,0.273159,0.269021,0.323385,0.355354,0.463676,0.488748,0.339166,0.115138,0.00920942
0,0,0,0,0,0,0,0.0184506,0.0836371,0.236903,0.401311,0.56553,0.460819,0.376817,0.268294,0.171288
0,0,0,0,0,0,2.88024e-005,0.0408706,0.10919,0.280089,0.499261,0.583609,0.422877,0.343281,0.117787,0.0869256
0,0,0,0,0,0,0.0474286,0.292017,0.48227,0.529414,0.471815,0.314195,0.222284,0.141874,0.09039,0.0240153
0,0,0,0,0,0,0.0372228,0.101546,0.146912,0.105057,0.128982,0.382762,0.747389,0.406183,0.208881,0.159164
0,0,0,0,0,0,0,0,0.00956942,0.0984179,0.181284,0.379506,0.591626,0.589821,0.298154,0.162875
0,0,0,0,0,0,0.00248446,0.0168435,0.0651796,0.204222,0.383608,0.592867,0.508692,0.377283,0.212839,0.0932652
0,0,0,0,0,0,0,0.0861649,0.252668,0.439439,0.381858,0.379436,0.367349,0.345117,0.341552,0.274101
0,0,0,0,0,0.00495525,0.115478,0.402883,0.477288,0.481988,0.49223,0.259691,0.173945,0.120229,0.0883517,0.0442908
0,0,0,0,0,0,0.119991,0.345791,0.459498,0.663902,0.361105,0.216586,0.153025,0.0925139,0.0621069,0.0314171
0,0,0,0,0,0,0.00774066,0.0507783,0.0572187,0.206362,0.422595,0.530281,0.560352,0.38176,0.16083,0.0782072
0,0,0,0,0,0,0,0.0844023,0.242235,0.455174,0.535326,0.416441,0.234209,0.314468,0.247406,0.228178
0,0,0,0,0,0,0.00129522,0.206857,0.111658,0.323858,0.381333,0.457805,0.4489,0.429094,0.262011,0.174854
0,0,0,0,0,0,0.00118099,0.0217271,0.0522549,0.335431,0.512768,0.568872,0.452867,0.272623,0.128815,0.0415995
0,0,0,0,0,0,0.0338895,0.118991,0.421024,0.544254,0.254378,0.214715,0.305639,0.421146,0.305956,0.189791
0,0,0,0,0,0,0.000433963,0.024977,0.150306,0.378734,0.518432,0.545834,0.425969,0.244119,0.146472,0.0643519
0,0,0,0,0,0,0,0.0179067,0.177644,0.420931,0.522626,0.555677,0.381906,0.2335,0.0871439,0.0324915
0,0,0,0,0,0,0.00948965,0.0652711,0.187042,0.376129,0.48471,0.547624,0.440569,0.261659,0.142832,0.0372522
0,0,0,0,1.41295e-005,0.0163408,0.13594,0.246899,0.363439,0.504021,0.551185,0.380211,0.238972,0.151977,0.0712904,0.0227344
0,0,0,0,0,0,0.0113772,0.0979983,0.378061,0.357705,0.37572,0.622992,0.348583,0.241891,0.0945295,0.0338034
0,0,0,0,0,0,0,0.000316173,0.310377,0.34347,0.389683,0.156348,0.606894,0.441378,0.185436,0.108974
0,0,0,0,0,0,0,0,0.0284866,0.224912,0.523149,0.515891,0.45401,0.324676,0.271828,0.152792
0,0,0,0,0,0,0,0,0.0224492,0.143944,0.28364,0.469905,0.550595,0.484607,0.33302,0.169153
0,0,0,0,0,0.00465203,0.0436057,0.392075,0.534142,0.495909,0.409362,0.284686,0.180804,0.154245,0.0800533,0.0400747
0,0,0,0,0,0.0591188,0.212708,0.47599,0.484365,0.473328,0.388416,0.266648,0.151513,0.128186,0.0638571,0.0247361
0,0,0,0,0,0,0,0,0.0613095,0.319811,0.499888,0.633352,0.443693,0.184961,0.106737,0.0217202
0,0,0,0,0,0,0,0,0.0157158,0.0816658,0.233867,0.446453,0.61814,0.472899,0.32601,0.164489
0,0,0,0,0,0.00133917,0.0826623,0.379832,0.444836,0.461288,0.404148,0.410804,0.262733,0.15968,0.101668,0.0356124
0,0,0,0,0.00326556,0.0130317,0.018144,0.0315915,0.0663507,0.236514,0.485223,0.561853,0.454873,0.296487,0.265837,0.146791
0,0,0,0,0,0,0.00481084,0.317634,0.568196,0.389817,0.220503,0.353835,0.293262,0.329622,0.165537,0.168538
0,0,0,0,0,0,0,0.0675012,0.356811,0.46312,0.183639,0.327897,0.338498,0.379752,0.348789,0.363268
0,0,0,0,0,0,0.000996592,0.0949536,0.384546,0.373913,0.428266,0.570944,0.367474,0.221902,0.0959329,0.0206685
0,0,0,0,0,0,0,0,0,0,0.109156,0.391452,0.351743,0.565687,0.407401,0.4745
0,0,0,0,0,0,0,0.0722362,0.326589,0.305841,0.368212,0.225883,0.277626,0.449369,0.445644,0.361072
0,0,0,0,0,0,0,0,0.0324519,0.193767,0.397633,0.554802,0.467237,0.439876,0.27813,0.0795389
0,0,0,0,0,0,0,0,0,0.0021359,0.0170872,0.19117,0.551903,0.624855,0.416432,0.307735
0,0,0,0,0,0.000244475,0.0203977,0.247696,0.423675,0.491618,0.453682,0.388896,0.333591,0.197631,0.0809318,0.0555383
0,0,0,0,0.0805367,0.0832987,0.120491,0.359087,0.448118,0.446171,0.417539,0.419772,0.245263,0.166399,0.0632938,0.028973
0,0,0.00364335,0.0103479,0.0162295,0.0323486,0.0633923,0.129535,0.203014,0.449839,0.562291,0.525617,0.355252,0.121686,0.0255838,0.00961524
0,0,0,0,0,0,0,0.0138822,0.0527208,0.101712,0.116285,0.303192,0.590125,0.678559,0.239382,0.123457
0,0,0,0,0,0,0.0307996,0.182173,0.176337,0.234781,0.20426,0.34022,0.491593,0.588934,0.331954,0.153216
0,0,0,0,0,0,0,0,0.0252544,0.511691,0.375543,0.282766,0.233476,0.3513,0.357636,0.459041
0,0,0,0,0,0,0,0.00825545,0.13873,0.554479,0.452816,0.384116,0.435546,0.303435,0.175179,0.0905015
0,0,0,0,0,0,0,0.00950694,0.0840857,0.163731,0.327605,0.384995,0.527404,0.471368,0.36513,0.277168
0,0,0,0,0,0,0,0,0,0.0412318,0.342026,0.335817,0.586492,0.442265,0.270318,0.394844
0,0,0,0,0,0,0.000634453,0.175135,0.265228,0.277864,0.445518,0.43579,0.497861,0.394577,0.166967,0.0440416
0,0,0,0,0,0,0,0.0312957,0.233939,0.297094,0.353084,0.410156,0.36409,0.345014,0.347377,0.436881
0,0,0,0,0,0,0,0.0226123,0.323737,0.334472,0.335876,0.244379,0.170497,0.325998,0.45246,0.519821
0,0,0,0,0,0,8.48695e-005,0.030262,0.140059,0.273389,0.3658,0.523633,0.494244,0.403033,0.237174,0.183743
0,0,0,0,0,0,0,0,0.0338602,0.165378,0.358803,0.451618,0.443338,0.494959,0.33105,0.296104
0,0,0,0,0,0,0,0.0102009,0.330096,0.321819,0.333698,0.301887,0.246364,0.374568,0.429286,0.446757
0,0,0,0,0,0,0,0.00288221,0.0477515,0.18055,0.41675,0.497907,0.448898,0.46617,0.252702,0.246656
0,0,0,0,0,0,0,0.0439058,0.12443,0.172584,0.326619,0.620832,0.514205,0.35849,0.192369,0.175399
0,0,0,0,0,0,0.0600488,0.133202,0.210551,0.456604,0.523519,0.481092,0.367328,0.250043,0.133007,0.0718865
0,0,0,0,0,0,0.0141437,0.0912799,0.280859,0.467249,0.49906,0.500817,0.3405,0.217762,0.114181,0.134122
0,0,0,0,0,0,0,0,0.0924832,0.147459,0.17979,0.411849,0.547067,0.484527,0.287887,0.38837
0,0,0,0,0,0,0.00983058,0.129895,0.236979,0.425882,0.45215,0.549435,0.393143,0.233209,0.135072,0.109479
0,0,0,0,0,0,0.0121588,0.164516,0.329455,0.460236,0.533929,0.476503,0.319153,0.165844,0.0735469,0.0743065
0,0,0,0,0,0,0,0,0.0201758,0.240754,0.290045,0.399979,0.445123,0.528519,0.415132,0.218447
0,0,0,0,0,0.00443956,0.0823106,0.213912,0.424797,0.517318,0.501785,0.408388,0.249976,0.114079,0.0537302,0.0491811
0,0,0,0,0,0,0.0249619,0.230223,0.357644,0.520904,0.438844,0.443255,0.338184,0.206336,0.0330278,0.00552586
0,0,0,0,0,0,0.0151444,0.10141,0.221132,0.265022,0.463012,0.559401,0.473446,0.284947,0.177052,0.079671
0,0,0,0,0,0,0.00020355,0.060145,0.279995,0.440474,0.589872,0.543739,0.234791,0.108166,0.0684417,0.0941053
0,0,0,0,0,0.0133447,0.0857011,0.170996,0.29795,0.436438,0.519517,0.488425,0.351197,0.2075,0.0870691,0.039377
0,0,0,0,0,0,0.0160467,0.04601,0.107504,0.232324,0.417138,0.50418,0.53543,0.422197,0.188394,0.0588648
0,0,0,0,0,0,0.0299498,0.103453,0.297105,0.390227,0.435824,0.511862,0.414693,0.2992,0.165965,0.0828921
0,0,0,0,0,0,0.00469413,0.0454859,0.186494,0.334247,0.500504,0.560964,0.421283,0.292968,0.143063,0.0494728
0,0,0,0,0,0.000625419,0.0486927,0.289403,0.383774,0.496808,0.514239,0.434379,0.229358,0.102447,0.0478963,0.0354059
0,0,0,0,0,0,0,0.0442372,0.0846202,0.171216,0.280207,0.288069,0.520665,0.593051,0.352364,0.230448
0,0,0,0,0,0.000217595,0.0478357,0.154067,0.312866,0.495235,0.549096,0.471527,0.280199,0.156082,0.062783,0.013168
0,0,0,0,0,0,0.00118755,0.0204278,0.118755,0.338186,0.593188,0.568571,0.334476,0.223094,0.161949,0.0899503
0,0,0,0,0,0,0,0,0.0667685,0.22241,0.465185,0.579593,0.508098,0.315067,0.168541,0.0889609
0,0,0,0,0,0,0.0817556,0.255082,0.249806,0.333249,0.489369,0.595675,0.330635,0.218435,0.0586073,0.00356492
0,0,0,0,0,0,0,0.139797,0.380869,0.3777,0.578447,0.421057,0.345626,0.226948,0.0963851,0.0244241
0,0,0,0,0,0.00518974,0.0802442,0.163325,0.215823,0.403411,0.563313,0.512626,0.336242,0.219966,0.107433,0.0666796
0,0,0,0,0.00610614,0.0494162,0.16824,0.112642,0.120747,0.354792,0.465401,0.44395,0.45675,0.397653,0.169291,0.0835013
0,0,0,0,0,0,0,0.000346065,0.20668,0.355701,0.299772,0.270809,0.609473,0.489761,0.223611,0.078956
0,0,0,0,0,0,0,0,0.0828362,0.124541,0.169604,0.493481,0.63598,0.453456,0.249812,0.18122
0,0,0,0,0,0.00919164,0.0663582,0.109291,0.138754,0.158443,0.17424,0.226662,0.495043,0.691945,0.347046,0.114799
0,0,0,0,0,0,0.0239264,0.063083,0.122492,0.223653,0.456176,0.561667,0.516399,0.324312,0.163382,0.0911909
0,0,0,0,0,0,0,0.00168918,0.16963,0.416277,0.705443,0.381306,0.318463,0.230019,0.0237805,0
0,0,0,0,0,0,0,0.0246115,0.0927201,0.360785,0.609029,0.593941,0.340051,0.138889,0.0449738,0.00147669
0,0,0,0,0,0,0,0,0.0901134,0.268601,0.318917,0.527285,0.463425,0.533081,0.171039,0.108638
0,0,0,0,0,0,0.0712195,0.137931,0.121192,0.152371,0.255145,0.367231,0.403474,0.470457,0.455681,0.382459
0,0,0,0,0,0.0065881,0.0856042,0.121551,0.146573,0.139763,0.175135,0.388599,0.588271,0.547363,0.290788,0.157884
0,0,0,0,0,0,0.00816204,0.104313,0.234412,0.383486,0.605239,0.537421,0.306363,0.192718,0.0301268,0
0,0,0,0,0.000854879,0.0371081,0.0881792,0.200422,0.18372,0.384886,0.575318,0.480537,0.388543,0.226496,0.0677888,0.00449603
0,0,0,0,0,0,0.0942648,0.114109,0.214381,0.197078,0.240206,0.474867,0.491373,0.395491,0.346331,0.303794
0,0,0,0,0,0,0,0.00132599,0.126644,0.160094,0.259081,0.255791,0.363283,0.591678,0.508892,0.291117
0,0,0,0,0,0.00169837,0.0312442,0.122784,0.316847,0.467896,0.613551,0.476028,0.23671,0.071066,0.021846,0.00445413
0,0,0,0,0,0.0514887,0.0907955,0.175226,0.0679702,0.248044,0.317953,0.554868,0.413891,0.438465,0.311841,0.149935
0,0,0,0,0,0.0123694,0.0809286,0.118608,0.171735,0.285049,0.433032,0.575427,0.466836,0.306934,0.181441,0.069182
0,0,0,0,0,0,0,0.0310841,0.125409,0.170419,0.194766,0.347311,0.614533,0.576292,0.265609,0.124066
0,0,0,0,0,0.0122775,0.0923484,0.19818,0.245926,0.341557,0.316982,0.36708,0.531512,0.345511,0.27145,0.253202
0,0,0,0,0,0,0,0,0,0.0964643,0.293104,0.614895,0.438275,0.396137,0.351847,0.232126
0,0,0,0,0,0,0,0,0.184015,0.404147,0.658084,0.549775,0.259142,0.0177921,0.00231297,0
0,0,0,0,0,0,0,0,0,0.00215442,0.163089,0.408755,0.644602,0.546761,0.289277,0.090424
0,0,0,0,0,0.0147906,0.0653093,0.159459,0.268073,0.365994,0.332849,0.412432,0.549559,0.325686,0.246963,0.119616
0,0,0,0,0,0,0,0.0353389,0.201764,0.247815,0.244466,0.311475,0.384098,0.56456,0.452239,0.262813
0,0,0,0,0,0,0.0294821,0.11908,0.284935,0.652495,0.564787,0.349483,0.15143,0.117689,0.0104067,0.000564874
0,0,0,0,0,0,0,0.0102794,0.0706243,0.237056,0.470633,0.607844,0.506897,0.271244,0.117798,0.0578538
0,0,0,0,0,0,0,0,0,0.0937647,0.449628,0.516382,0.463933,0.385308,0.372699,0.140684
0,0,0,0,0,0,0,0.00727105,0.0765582,0.199148,0.389652,0.519456,0.617148,0.365491,0.127965,0.0439658
0,0,0,0,0,0,0.0469932,0.118178,0.175546,0.32633,0.218823,0.170872,0.445762,0.6678,0.325851,0.136374
0,0,0,0,0,0,0,0.000404378,0.0182534,0.151943,0.581787,0.71006,0.324038,0.141034,0.0806875,0.0501711
0,0,0,0,0,0,0.0144888,0.199201,0.295354,0.298918,0.190233,0.412059,0.537092,0.449675,0.261747,0.135474
0,0,0,0,0,0,0,0,0,0.12977,0.300835,0.505148,0.542461,0.52166,0.241851,0.112249
0,0,0,0,0,0,0,0.121507,0.239013,0.295185,0.56408,0.593288,0.353976,0.208159,0.046561,0.000448781
0,0,0,0,0,0,0.00274952,0.0575805,0.193761,0.256921,0.376007,0.607564,0.4564,0.383917,0.158317,0.043036
0,0,0,0,0,0,0,0,0.0960525,0.544435,0.521729,0.516334,0.371392,0.113499,0.06157,0.0309493
0,0,0,0,0,0,0,0,0,0.0445842,0.218774,0.669512,0.634791,0.279032,0.131995,0.0605154
0,0,0,0,0,0,0,0,0.0596936,0.212415,0.451454,0.615198,0.506166,0.284968,0.126983,0.124506
0,0,0,0,0,0,0.000232578,0.0961658,0.253469,0.482396,0.466632,0.519528,0.385047,0.213314,0.105509,0.0353316
0,0,0,0,0,0,0,0,0,0.0552342,0.278814,0.574996,0.551776,0.443337,0.281284,0.0920151
0,0,0,0,0,0.020807,0.134299,0.18734,0.242656,0.446245,0.583278,0.462506,0.307494,0.18534,0.0675081,0.0288346
0,0,0,0,0,0.00304636,0.0115403,0.0516925,0.212707,0.496628,0.611804,0.490762,0.250817,0.146775,0.0700184,0.0282176
0,0,0,0,0,0.000148059,0.0703871,0.226515,0.267616,0.387248,0.473507,0.501934,0.353268,0.302898,0.153048,0.0777308
0,0,0,0,0,0,0,0,0.00189274,0.109422,0.289,0.533573,0.452079,0.432383,0.393332,0.27159
0,0,0,0,0,0,0.0791925,0.216549,0.275841,0.295762,0.379613,0.535764,0.462226,0.330363,0.163919,0.0496022
0,0,0,0,0,0,0,0.0838516,0.327494,0.613781,0.467057,0.405709,0.31359,0.1522,0.0685093,0.007129
0,0,0,0,0.021674,0.043848,0.0742682,0.0850041,0.241074,0.482786,0.503715,0.473231,0.382492,0.236126,0.111807,0.0378895
0,0,0,0,0,0,0.0528716,0.268141,0.28498,0.219509,0.193301,0.313822,0.511739,0.542701,0.302768,0.109487
0,0,0,0,0,0,0,0,0.0215626,0.0443033,0.0622295,0.0862506,0.355041,0.672078,0.614279,0.176573
0,0,0,0,0,0,0,0,0.031008,0.402713,0.32222,0.288044,0.281991,0.520337,0.373734,0.400149
0,0,0,0,0,0,0,0,0.00477628,0.243746,0.26457,0.410715,0.303204,0.46158,0.502246,0.380317
0,0,0,0,0,0,0.0110901,0.0467487,0.24894,0.629992,0.515559,0.455364,0.21284,0.130362,0.0575708,0.00798455
0,0,0,0,0,0,0.0292277,0.137544,0.264601,0.367996,0.52341,0.618968,0.228862,0.188768,0.139967,0.100555
0,0,0,0,0,0,0,0.000427708,0.0723397,0.150639,0.236466,0.482712,0.515873,0.538114,0.312313,0.172965
0,0,0,0,0,0,0,0,0,0,0.103572,0.27887,0.370876,0.378752,0.60772,0.511056
0,0,0,0,0,0,0,0,0.101244,0.148556,0.0550737,0.191303,0.386115,0.569514,0.506365,0.445213
0,0,0,0,0,0,0.0514566,0.215563,0.282026,0.403672,0.599298,0.508656,0.269592,0.118522,0.0564755,0.0242791
0,0,0,0,0.0222852,0.113423,0.0986408,0.0896265,0.133164,0.295776,0.391965,0.467518,0.447701,0.404626,0.310173,0.176307
0,0,0,0,0,0,0,0,0.000897505,0.0313699,0.0803267,0.197301,0.218927,0.498243,0.504398,0.634856
0,0,0,0,0,0,0,0,0,0.00022466,0.138125,0.249352,0.369627,0.716237,0.425241,0.297144
0,0,0,0,0,0,0.00590359,0.0427416,0.0659696,0.0595312,0.131741,0.201663,0.405079,0.602562,0.539188,0.338119
0,0,0,0,0,0.00425699,0.079237,0.238515,0.421442,0.45405,0.599456,0.374751,0.197269,0.0941117,0.0609096,0.0420749
0,0,0,0,0,0,0.0519901,0.225902,0.185914,0.229134,0.376736,0.435854,0.419502,0.416812,0.334389,0.256457
0,0,0,0,0,0,0,0,0,0.0195871,0.260537,0.507248,0.536657,0.480661,0.303946,0.251032
0,0,0,0,0,0,0,0,0.00851905,0.116483,0.263619,0.577698,0.608975,0.397155,0.204305,0.113166
0,0,0,0,0,0,0,0.0313975,0.312269,0.577861,0.496847,0.406041,0.314264,0.215608,0.0942975,0.0413733
0,0,0,0,0,0,0,0,0.103864,0.208145,0.616856,0.605197,0.36116,0.22525,0.124138,0.0502912
0,0,0,0,0,0.0248658,0.0878198,0.129193,0.298305,0.533362,0.566733,0.429898,0.26586,0.130393,0.0768292,0.0439625
0,0,0,0,0,0,0,0.0663404,0.266128,0.233708,0.402021,0.418525,0.409653,0.37482,0.386969,0.274445
0,0,0,0,0,0,0.0532767,0.153439,0.183034,0.143518,0.277377,0.523466,0.619645,0.415601,0.108175,0.0133549
0,0,0,0,0,0,0,0,0.0119201,0.196538,0.430214,0.545113,0.528665,0.400618,0.178726,0.0841071
0,0,0,0,0,0,0,0,0,0.0540196,0.358617,0.440383,0.327719,0.443084,0.490801,0.360458
0,0,0,0,0,0,0,0,0.00855674,0.186673,0.505544,0.638219,0.478408,0.229181,0.123477,0.0744088
0,0,0,0,0,0,0,0.00703968,0.0520997,0.213184,0.587759,0.636914,0.359269,0.22803,0.129168,0.0539555
0,0,0,0,0,0,0,0,0.0655229,0.116571,0.347015,0.229836,0.228621,0.543786,0.396511,0.551074
0,0,0,0,0,0,0.044822,0.1577,0.403938,0.512933,0.495724,0.451956,0.278076,0.122408,0.061071,0.0284358
0,0,0,0,0,0,0,0.037997,0.214699,0.341868,0.523665,0.611673,0.38127,0.191255,0.0700322,0.0191853
0,0,0,0,0,0,0,0.032268,0.244964,0.454062,0.567908,0.526344,0.309913,0.169465,0.0834625,0.0386113
0,0,0,0,0,0,0,0,0,0,0.0730395,0.328678,0.641908,0.624501,0.266654,0.116122
0,0,0,0,0,0,0,0,0.0303273,0.267851,0.755397,0.518994,0.221053,0.133909,0.0960081,0.106502
0,0,0,0,0,0,0.000336745,0.0541445,0.258671,0.404665,0.641499,0.502454,0.281243,0.128708,0.0731144,0.0376032
0,0,0,0,0,0,0.0177755,0.0464787,0.0966238,0.294194,0.28251,0.300371,0.420306,0.519726,0.455372,0.27833
0,0,0,0,0,0,0,0.0088007,0.311104,0.559561,0.512569,0.371818,0.357326,0.222161,0.0909355,0.0611973
0,0,0,0,0,0.0211937,0.0848604,0.171151,0.405883,0.544639,0.522401,0.401978,0.220688,0.102851,0.0703459,0.0544528
0,0,0,0,0,0,0,0,0,0.0367584,0.354603,0.492013,0.646229,0.44988,0.0962854,0.0394108
0,0,0,0,0,0,0,0,0,0.048901,0.255208,0.544659,0.586541,0.485404,0.233686,0.0395939
0,0,0,0,0,0,0,0.0112401,0.11894,0.301226,0.463667,0.645783,0.413267,0.270349,0.129612,0.0478414
0,0,0,0,0,0,0,0,0.138738,0.27015,0.369449,0.177012,0.569455,0.520848,0.319872,0.205099
0,0,0,0,0,0,0,0,0.0183263,0.218486,0.187295,0.104167,0.142579,0.254516,0.463802,0.778318
0,0,0,0,0,0,0.00256312,0.0418254,0.114175,0.293347,0.584649,0.561219,0.4174,0.244752,0.0752495,0.0508481
0,0,0,0,0,0,0,0,0,0.170599,0.464786,0.242002,0.523771,0.432411,0.312814,0.370321
0,0,0,0,0,0,0,0,0,0.00416343,0.0680027,0.172683,0.131247,0.289259,0.63185,0.682208
0,0,0,0,0,0,0,0,0.157685,0.231754,0.140102,0.445368,0.312506,0.339794,0.417921,0.561842
0,0,0,0,0,0,0,0,0.0320433,0.226984,0.447798,0.495884,0.473756,0.452734,0.263325,0.0477032
0,0,0,0,0,0,0,0,0,0.0747385,0.265007,0.52942,0.725711,0.327015,0.0964573,0.0316201
0,0,0,0,0,0,0,0,0.002414,0.263981,0.400322,0.504401,0.493814,0.402862,0.30512,0.127992
0,0,0,0,0,0,0,0.00365936,0.0480074,0.127642,0.495896,0.625838,0.50907,0.26269,0.098768,0.0767421
0,0,0,0,0,0,0,0,0,0.0843958,0.22329,0.514399,0.533054,0.566209,0.255794,0.0907906
0,0,0,0,0,0,0,0,0,0.136109,0.254354,0.248036,0.552824,0.641244,0.334538,0.162887
0,0,0,0,0,0,0,0.0183375,0.301441,0.470612,0.453928,0.528856,0.347285,0.257514,0.109123,0.0524948
0,0,0,0,0,0,0,0.0348924,0.126761,0.263781,0.272092,0.556136,0.534246,0.470394,0.101336,0.113374
0,0,0,0,0,0,0,0,0,0.224125,0.402336,0.19775,0.418134,0.433885,0.518602,0.341685
0,0,0,0,0,0,0,0.00383014,0.0862058,0.349403,0.610962,0.491284,0.436358,0.227588,0.0966138,0.0655564
0,0,0,0,0,0,0,0,0,0.00438093,0.124686,0.399425,0.687446,0.581303,0.0907393,0.0785167
0,0,0,0,0,0,0,0,0.0635324,0.455412,0.381703,0.529018,0.563719,0.202707,0.0599029,0.0234388
0,0,0,0,0,0,0,0,0.0584417,0.45306,0.67856,0.533326,0.186638,0.0919907,0.0467854,0.0309155
0,0,0,0,0,0,0.0166022,0.146924,0.35411,0.512041,0.550263,0.39115,0.331545,0.131373,0.0597626,0.0633878
0,0,0,0,0,0,0,0.00447073,0.0173443,0.0992359,0.156637,0.299162,0.540761,0.625113,0.384968,0.210735
0,0,0,0,0,0,0.0036555,0.0961282,0.379601,0.479556,0.389025,0.423981,0.433481,0.281131,0.129123,0.0443039
0,0,0,0,0,0,0.00123499,0.108377,0.303067,0.493036,0.398326,0.652487,0.244281,0.074072,0.0491526,0.0366106
0,0,0,0,0,0,0,0,0.0233434,0.0901418,0.424552,0.611415,0.449453,0.330388,0.254243,0.247896
0,0,0,0,0,0,0.00837135,0.166731,0.161243,0.0728765,0.0690785,0.152812,0.360028,0.309183,0.35613,0.748768
0,0,0,0,0,0.00696357,0.0736941,0.106538,0.37621,0.480597,0.668835,0.385458,0.100661,0.0390093,0.0361041,0.0422693
0,0,0,0,0,0,0,0.027015,0.0513625,0.0620941,0.0690107,0.126825,0.194517,0.38967,0.512261,0.720999
0,0,0,0,0,0,0,0,0.00650488,0.152865,0.456053,0.651809,0.489899,0.300952,0.111955,0.0253589
0,0,0,0,0,0,0,0,0.019591,0.0841542,0.1199,0.274293,0.614039,0.548835,0.378823,0.284869
0,0,0,0,0,0,0,0,0.0353737,0.235146,0.416526,0.532318,0.396838,0.416827,0.252312,0.30284
0,0,0,0,0,0,0,0.0756404,0.493302,0.453995,0.427212,0.523516,0.25643,0.147411,0.0267067,0.00651941
0,0,0,0,0,0,0,0,0,0.0525898,0.19688,0.273671,0.431032,0.461514,0.274182,0.640013
0,0,0,0,0,0,0.00337375,0.242348,0.392621,0.534974,0.465672,0.403819,0.32224,0.128156,0.0268495,0.00201488
0,0,0,0,0,0,0,0.0198211,0.0370427,0.108659,0.272742,0.580159,0.529942,0.443314,0.238818,0.202621
0,0,0,0,0,0.00358307,0.0532534,0.176976,0.182506,0.299689,0.458433,0.518311,0.4343,0.314574,0.246861,0.124051
0,0,0,0,0,0.0220909,0.0592995,0.195945,0.625295,0.450353,0.358614,0.383132,0.264616,0.122504,0.0571239,0.0101808
0,0,0,0,0,0,0.00471229,0.259147,0.734366,0.485655,0.278372,0.190313,0.165595,0.111736,0.0609707,0.0182132
0,0,0,0,0,0,0.0127259,0.295492,0.285286,0.388328,0.615504,0.428597,0.318323,0.121211,0.0410504,0.0094247
0,0,0,0,0,0.00583909,0.0251453,0.090921,0.231245,0.321608,0.347562,0.539429,0.462169,0.363226,0.25589,0.106606
0,0,0,0,0,0,0,0,0.0217414,0.388621,0.191652,0.314537,0.330443,0.46638,0.521706,0.337575
0,0,0,0,0,0,0,0.0150656,0.188516,0.636105,0.646683,0.342129,0.100402,0.0824514,0.0633255,0.0588735
0,0,0,0,0,0,0,0.00335697,0.0437225,0.242848,0.567041,0.615021,0.418802,0.236748,0.0777425,0.0427399
0,0,0,0,0.000382187,0.0335475,0.0613562,0.171657,0.30689,0.481186,0.500574,0.435202,0.335402,0.243647,0.15663,0.0596333
0,0,0,0,0,0,0,0,0,0,0,0.115968,0.53472,0.675764,0.483805,0.0995049
0,0,0,0,0.000152456,0.00714137,0.0294321,0.0478231,0.105403,0.308395,0.42301,0.504574,0.471884,0.408607,0.243465,0.0902059
0,0,0,0,0,0,0.0725475,0.384714,0.414702,0.477539,0.476967,0.35898,0.237673,0.147613,0.101658,0.0416438
0,0,0,0,0,0,0,0,0,0.000416229,0.38633,0.711127,0.488583,0.301627,0.123204,0.01325
0,0,0,0,0,0,0,0,0.000227579,0.0294146,0.0409642,0.316733,0.396272,0.528666,0.546474,0.402473
0,0,0,0,0,0,0,0,0.0930294,0.196505,0.114494,0.314741,0.40013,0.503346,0.566492,0.325863
0,0,0,0,0,0,0.00914183,0.0600079,0.218841,0.215278,0.278568,0.219779,0.418696,0.570075,0.476078,0.221889
0,0,0,0,0,0.00130138,0.0551536,0.0971076,0.290889,0.396486,0.511855,0.559716,0.354326,0.21103,0.0185911,0.00218962
0,0,0,0,0,0,0,0.0186396,0.0725663,0.208217,0.353512,0.465205,0.446223,0.491353,0.382688,0.150514
0,0,0,0,0,0,0,0.00813319,0.109479,0.289819,0.385739,0.548973,0.46028,0.351405,0.277636,0.203374
0,0,0,0,0,0,0,0.0375497,0.329631,0.547373,0.455026,0.413553,0.360257,0.227052,0.133006,0.114945
0,0,0,0,0,0,0,0.0349705,0.17066,0.459441,0.481052,0.556233,0.418864,0.19678,0.0594431,0.007603
0,0,0,0,0,0.00159566,0.0517487,0.132494,0.122755,0.281028,0.401142,0.533306,0.505575,0.351704,0.175192,0.174339
0,0,0,0,0,0,0,0.00369831,0.0411778,0.181627,0.336509,0.429972,0.557489,0.541901,0.235612,0.084999
0,0,0,0,0,0,0.00273965,0.0383265,0.144556,0.453297,0.368854,0.450786,0.501276,0.397021,0.149899,0.0389258
0,0,0,0,0,0.00904048,0.0309001,0.110265,0.503094,0.477353,0.455712,0.431338,0.307338,0.132306,0.0121872,0
0,0,0,0,0,0,0,0,0.00392521,0.269829,0.539852,0.315765,0.32587,0.472424,0.354046,0.285141
0,0,0,0,0,0,0,0,0.0118837,0.0761998,0.165004,0.26886,0.416122,0.640832,0.494314,0.257624
0,0,0,0,0,0.0239973,0.0589338,0.155113,0.326936,0.432124,0.320182,0.395947,0.447163,0.410487,0.190135,0.1199
0,0,0,0,0,0,0,0,0.0202712,0.326424,0.249657,0.19854,0.363637,0.564922,0.418706,0.405716
0,0,0,0,0,0,0.00985806,0.0346184,0.1121,0.271417,0.296792,0.426662,0.671065,0.361906,0.228221,0.0946374
0,0,0,0,0,0,0,0.111378,0.383648,0.43234,0.427515,0.533864,0.340945,0.226897,0.13013,0.0324383
0,0,0,0,0,0,0,0,0.0725453,0.509287,0.285658,0.22804,0.246756,0.471629,0.528399,0.198072
0,0,0,0,0,0,0.0100563,0.0438333,0.220326,0.581353,0.641401,0.396065,0.176333,0.0978389,0.049528,0.00898402
0,0,0,0,0,0,0,0.0044482,0.161963,0.140756,0.217169,0.201997,0.336098,0.546232,0.471406,0.482095
0,0,0,0,0,0,0,0.00220047,0.115347,0.273888,0.262105,0.288191,0.499152,0.566941,0.419083,0.117122
0,0,0,0,0,0,0,0,0,0,0.0458221,0.119014,0.195693,0.430828,0.785214,0.378507
0,0,0,0,0,0,0,0.0184939,0.140237,0.440129,0.686657,0.50442,0.215697,0.101814,0.0521965,0.0269134
0,0,0,0,0,0,0,0,0,0.0265242,0.399789,0.574574,0.454174,0.405448,0.31051,0.205553
0,0,0,0,0,0,0,0,0.00700518,0.217444,0.419957,0.577821,0.469984,0.309714,0.299878,0.188928
0,0,0,0.000262167,0.112929,0.200919,0.0990993,0.159922,0.229626,0.518502,0.582667,0.404623,0.254827,0.133017,0.063084,0.009012
0,0,0,0,0,0.0162117,0.0205316,0.0307975,0.0840681,0.195318,0.248176,0.503923,0.541953,0.488221,0.252568,0.204346
0,0,0,0,0,0,0,0.0959969,0.340009,0.658023,0.530557,0.326742,0.207463,0.0976228,0.0336926,0.0150849
0,0,0,0,0,0,0,0,0,0.0245486,0.156685,0.358999,0.25683,0.303188,0.443423,0.701041
0,0,0,0,0,0.00437461,0.0169099,0.0628353,0.100457,0.238249,0.374721,0.5963,0.529328,0.357859,0.146414,0.056695
0,0,0,0,0,0,0,0.189323,0.471656,0.518478,0.543535,0.364189,0.177429,0.107259,0.0352873,0.0241561
0,0,0,0,0,0,0,0.0273909,0.0762922,0.132296,0.306289,0.540588,0.6208,0.398847,0.202122,0.0674843
0,0,0,0,0,0,0,0,0,0.112882,0.287658,0.229236,0.306083,0.443249,0.500444,0.557997
0,0,0,0,0,0,0,0.0289647,0.277768,0.616243,0.616348,0.365854,0.152566,0.053039,0.037402,0.0320589
0,0,0,0,0,0,0.00172658,0.0246854,0.0192257,0.0157025,0.0294451,0.347089,0.57656,0.535285,0.346319,0.372217
0,0,0,0,0,0,0,0.00474958,0.0550681,0.077244,0.108353,0.3334,0.642343,0.550013,0.327898,0.213182
0,0,0,0,0,0,0,0.0837591,0.209789,0.186516,0.155687,0.263317,0.280152,0.46362,0.414938,0.595826
0,0,0,0,0,0,0.0451316,0.239933,0.504239,0.518114,0.390293,0.366628,0.308838,0.154918,0.0878113,0.0621308
0,0,0,0,0,0,0,0.00123096,0.0389038,0.0574391,0.172494,0.482264,0.588118,0.475117,0.356705,0.184379
0,0,0,0,0,0,0,0.0655538,0.480718,0.477523,0.158787,0.105635,0.229337,0.33898,0.361257,0.449669
0,0,0,0,0,0,0,0.172028,0.272944,0.181977,0.200364,0.516924,0.588539,0.385741,0.183068,0.163548
0,0,0,0,0,0,0,0.0507347,0.262687,0.392985,0.576375,0.505217,0.376517,0.190997,0.0907444,0.00726411
0,0,0,0,0,0.00235816,0.0395138,0.136375,0.136581,0.381535,0.584439,0.520636,0.373104,0.22062,0.117878,0.0347091
0.000231797,0.00663141,0.0220207,0.036513,0.181784,0.265468,0.517124,0.697552,0.33151,0.168501,0.048249,0.0019098,0,0,0,0
0,0,0,0.00169441,0.0522854,0.157104,0.502714,0.743085,0.361162,0.150434,0.118102,0.0258442,0.000458274,0,0,0
0,0,0,0,0.000867004,0.105835,0.273982,0.448329,0.623907,0.518039,0.203932,0.0967548,0.0546725,0.0336547,0.00588723,0.0013378
0,0,0,0,0,0.0306415,0.314099,0.603916,0.404713,0.281963,0.469993,0.258483,0.0662733,0.0128439,0.00773581,0.00830992
0.00220432,0.0307849,0.0817986,0.120008,0.271756,0.643248,0.628268,0.279392,0.129088,0.028684,0.0082682,0.00011141,0,0,0,0
0,0,0,0,0.0602555,0.633607,0.751134,0.167995,0.0489762,0.00931492,0.00116582,0.000740297,0,0,0,0
0.321784,0.158929,0.199576,0.252225,0.378293,0.663959,0.410604,0.122171,0.0167615,0,0,0,0,0,0,0
0,0.00430699,0.0268753,0.0534178,0.0727195,0.197636,0.578524,0.479706,0.356412,0.304146,0.301337,0.237765,0.142401,0.0101051,0,0
0,0,0,0.0190009,0.0637384,0.181348,0.203946,0.385363,0.601895,0.42884,0.372495,0.261529,0.118564,0.0692599,0.0186419,0.00759118
0,0,0,0,0.00512438,0.049584,0.150654,0.343712,0.449584,0.593333,0.429006,0.273115,0.164955,0.113582,0.0551677,0.0268063
0,0,0,0,0.0506187,0.292832,0.44513,0.765404,0.289061,0.163345,0.115554,0.0641264,0,0,0,0
0.00075027,0.0132648,0.0334861,0.0664259,0.149304,0.173499,0.342195,0.699006,0.504944,0.276718,0.0681786,0.000108039,0,0,0,0
0,0,0,0,0,0.0440397,0.464501,0.750413,0.398701,0.192121,0.128524,0.0792289,0.0186921,0.00989673,0.00674992,0.00416953
0,0,0.00122771,0.035549,0.0865944,0.171252,0.596291,0.72149,0.274175,0.0976165,0.0331072,0.000722984,0,0,0,0
0,0,0,0,0.0895637,0.583177,0.779017,0.199839,0.0694315,0.0158051,0.00187587,0.00143425,0.00156795,0.000781951,0,0
0,0.00865131,0.0261426,0.049087,0.304499,0.645665,0.520777,0.312139,0.29683,0.168676,0.0449791,0.00265152,0,0,0,0
0,0,0,0.0270671,0.107645,0.34462,0.634531,0.583559,0.275479,0.212495,0.0685023,0.00334644,0,0,0,0
0,0,0,0,0.124077,0.414328,0.363825,0.565337,0.509934,0.304254,0.0889353,0.0211295,0.00201191,0,0,0
0.0712755,0.0348716,0.0475965,0.0720177,0.149735,0.433252,0.778033,0.403884,0.0822878,0.0298134,0.00244425,0,0,0,0,0
0,0,0,0,0.000425828,0.150939,0.36192,0.758934,0.456941,0.22041,0.108181,0.034242,0,0,0,0
0,0,0,0.0159211,0.145719,0.187989,0.319562,0.565231,0.666464,0.236928,0.11896,0.0785662,0.0302447,0.00371155,0.00212598,0.000172216
0,0,0,0,0,0.00248567,0.219871,0.58323,0.609423,0.394655,0.233556,0.160454,0.0610802,0.0178862,0,0
0,0,0,0.000795553,0.0443253,0.112351,0.405756,0.617931,0.523687,0.33925,0.195183,0.100026,0.0382696,0.00556887,0,0
0.132479,0.0758959,0.125485,0.165164,0.19561,0.383061,0.555296,0.580621,0.279319,0.154342,0.0367047,0.00148345,0,0,0,0
0,0,0,0,0.00971547,0.278273,0.552512,0.45236,0.44409,0.361777,0.252915,0.143066,0.00620032,0,0,0
0,0,0.0159443,0.0533162,0.100739,0.135136,0.378506,0.749174,0.378354,0.287665,0.141105,0.119449,0.0623183,0,0,0
0,0,0,0,0.00821329,0.15579,0.530922,0.576299,0.45009,0.376141,0.126607,0.0393869,0.00442702,0,0,0
0,0,0,0,0.182723,0.598636,0.648375,0.411915,0.12823,0.0381525,0.016869,0,0,0,0,0
0,0,0,0,0.00094068,0.297717,0.732077,0.587329,0.166944,0.0478695,0.0175866,0.000420677,9.34838e-005,0,0,0
0,0,0,0,0.0335002,0.461713,0.550612,0.536002,0.397044,0.182807,0.0635372,0.0109042,0.0028775,0,0,0
2.48083e-005,0.00914598,0.0383205,0.088119,0.1057,0.400025,0.814894,0.392384,0.0352277,0.0144632,0.00485415,0,0,0,0,0
0,0,0,0,0.0175247,0.0924275,0.362337,0.590294,0.62804,0.333188,0.0771538,0.00331609,0.00157873,0,0,0
0,0,0,0,0,0,0.0246901,0.155115,0.159174,0.26277,0.401774,0.637691,0.517278,0.203305,0.0629404,0.00150668
0,0,0,0,0,0.0339674,0.336869,0.690559,0.468722,0.357479,0.215867,0.110463,0.0453219,0.0121218,0,0
0,0,0,0,0,0.0427366,0.237307,0.600971,0.424089,0.340136,0.374634,0.351271,0.143168,0.0298919,0.00403623,0
0,0,0,0,0,0,0,0.0608802,0.3914,0.709337,0.416502,0.332712,0.235514,0.0173807,0,0
0,0.0134862,0.0218624,0.0587067,0.370873,0.60178,0.501766,0.459989,0.172335,0.049952,0.0231139,0.0108732,0.00101345,0,0,0
0,0,0,0.0519929,0.17501,0.620121,0.680046,0.318325,0.11194,0.0739601,0.0180007,0.000177914,0,0,0,0
0,0,0,0,0.0166713,0.226977,0.54587,0.685668,0.362629,0.184139,0.111631,0.0471146,0,0,0,0
0,0,0,0,0,0,0.0400359,0.442374,0.659904,0.521595,0.258944,0.163893,0.0353686,0.00200388,0,0
0.00506404,0.0339709,0.065858,0.15183,0.197299,0.574713,0.536941,0.504122,0.223383,0.0914788,0.032361,0.0197263,0.00768777,0,0,0
0,0,0,0,0.00345975,0.25461,0.745624,0.496306,0.303549,0.200482,0.0233971,0.00212049,0,0,0,0
0,0,0,0,0,0.00337564,0.0693236,0.142899,0.277806,0.538084,0.689122,0.3496,0.103661,0.0138568,0.00228323,0
0,0,0,0,0,0,0,0,0.0174533,0.233885,0.420098,0.71844,0.486441,0.124743,0.0129815,0
0,0,0,0,0,0.0533032,0.330115,0.613153,0.626472,0.331993,0.0941821,0.025788,0.00209092,0,0,0
0,0,0.00105074,0.0666393,0.316709,0.526397,0.54178,0.532536,0.198542,0.037986,0.0127092,0.00407899,0,0,0,0
0,0,0.011809,0.0654255,0.181803,0.686538,0.602078,0.347898,0.087536,0.000647174,0,0,0,0,0,0
0,0,0.0312932,0.0792941,0.0826023,0.113914,0.276607,0.441793,0.529492,0.518363,0.332475,0.169458,0.100116,0.0482511,0.0234352,0.00470742
0,0,0,0,0.00314805,0.0315163,0.0708401,0.282404,0.619308,0.548146,0.35387,0.306908,0.101283,0.0220006,0.0076376,0.00195859
0,0,0,0,0.000522209,0.0334367,0.280226,0.435568,0.731107,0.377987,0.194584,0.120308,0.0301038,0,0,0
0,0,0,0.00635441,0.0249625,0.0761686,0.195706,0.486955,0.76258,0.293685,0.195124,0.101165,0.0449697,0,0,0
0,0,0,0.00362983,0.128685,0.528345,0.809444,0.206746,0.0766211,0.0208967,0.00498424,0.00135441,0.000495329,0,0,0
0,0,0,0,0.0183876,0.0493243,0.0734161,0.288152,0.665538,0.594336,0.32277,0.0831084,0.034944,0.0179466,0.000757361,0
0,0,0,0.00443133,0.0845299,0.26377,0.782897,0.528121,0.168514,0.0472602,0.0278541,0.00381283,0,0,0,0
0,0,0,0.0508415,0.201297,0.329926,0.519398,0.755958,0.082277,0.00529105,0.000417069,0,0,0,0,0
0,0,0,0.00533162,0.19377,0.844053,0.444719,0.198549,0.107817,0.0256551,0.0228075,0.000424106,0,0,0,0
0,0,0,0,0,0.0642926,0.783577,0.601817,0.137816,0.0259282,0.00497068,5.75755e-005,0,0,0,0
0,0,0.0013755,0.125077,0.356525,0.408225,0.669314,0.487121,0.0601907,0.0411969,0.00286137,0,0,0,0,0
0,0,0.000319115,0.0223794,0.135169,0.427389,0.487643,0.718486,0.209723,0.0204765,0.00748737,0.00796605,0.00505265,0.00099871,0,0
0,0,0,0,0.000215321,0.00977226,0.161805,0.292257,0.292737,0.510658,0.511106,0.404654,0.296133,0.144894,0.0785259,0.0448696
0,0,0,0,0,0,0.187333,0.616664,0.450878,0.545331,0.254282,0.138222,0.0138117,0,0,0
0,0,0,0,0.0785312,0.305485,0.814135,0.459782,0.142373,0.0643692,0.0388991,0.0192541,0,0,0,0
0,0,0,0,0.000830822,0.031691,0.0652756,0.194891,0.508388,0.696797,0.398076,0.217877,0.0804849,0.018817,0,0
0,0,0,0.00655081,0.0259207,0.053307,0.314006,0.877764,0.319762,0.142087,0.0700018,0.00603875,0,0,0,0
0,0,0,0,0,0.00273597,0.0993192,0.552462,0.511877,0.448316,0.369858,0.27018,0.0976107,0.048674,0.0146476,0.00210275
0,0,0,0,0,0.157861,0.400959,0.504984,0.467196,0.502596,0.280885,0.0973716,0.00711774,0.000176838,0,0
0,0,0,0,0,0.0614375,0.267619,0.619146,0.549366,0.346198,0.3296,0.104677,0.00381395,0,0,0
0,0,0,0,0,0,9.89758e-005,0.225937,0.384199,0.564954,0.512744,0.425324,0.17343,0.085713,0.0303361,0.00435493
0,0,0,0,0,0,0.0139405,0.0499982,0.349588,0.575131,0.572401,0.430735,0.154848,0.0824985,0.0187666,0.00242683
0,0,0,0,0,0,0.00238417,0.0614572,0.340145,0.407563,0.589102,0.499637,0.271594,0.207257,0.031844,0.000188845
0,0,0,0,0,0,0.00118132,0.0772004,0.342925,0.710404,0.548068,0.248491,0.0968409,0.0161958,0.00058615,0
0,0,0,0,0,0,0.0735845,0.454732,0.524489,0.332707,0.395701,0.380712,0.249113,0.176379,0.0856273,0.000975042
0,0,0,0,0.00892352,0.18675,0.618825,0.503379,0.541453,0.182483,0.0469395,0.00585362,0,0,0,0
0,0,0,0,0,0.039196,0.718629,0.598029,0.300386,0.122282,0.0780863,0.100872,0.0518657,0.0157899,0,0
0,0,0,0,0.0945752,0.883577,0.444118,0.113574,0.0137819,0.00380211,0.00142043,0.000379599,0,0,0,0
0,0,9.49674e-006,0.0570564,0.19266,0.32986,0.541523,0.645987,0.302462,0.163942,0.144569,0.0318236,0,0,0,0
0,0,0,0,0,0,0.0636964,0.572881,0.655995,0.353813,0.261478,0.160766,0.0653127,0.0681128,0.0843442,0.0447332
0,0,0,0,0,0.0274281,0.297422,0.696326,0.638701,0.133858,0.00780044,0.000989437,0,0,0,0
0,0,0.00567207,0.128624,0.140726,0.296634,0.580886,0.615737,0.319017,0.148024,0.157608,0.100704,0.0200723,0,0,0
0,0,0,0,0.0184703,0.223398,0.46818,0.477652,0.607945,0.334872,0.141711,0.0242971,0,0,0,0
0,0,0,0,0,0.01588,0.431733,0.606563,0.502744,0.438356,0.0204186,0.0105634,0,0,0,0
0,0,0,0,0.00104119,0.162006,0.645431,0.695529,0.265614,0.0529629,0.0065693,0.00315235,0.00111598,0,0,0
0,0,0,0,0,0.000612008,0.245932,0.834356,0.465599,0.156572,0.0450919,0.00602536,0,0,0,0
0,0,0,7.56332e-005,0.0582564,0.304215,0.654614,0.668786,0.153762,0.0574812,0.0362945,0.000302533,0,0,0,0
0,0,0,0,0,0.0266127,0.0845127,0.693758,0.639137,0.282187,0.0967245,0.111727,0.0297558,0,0,0
0,0,0,0.00106516,0.354578,0.748178,0.522719,0.202958,0.00809969,0.00175308,0.00153117,0.0014757,0.00152008,0.000277387,0,0
0,0,0,0,0,0.000166025,0.444603,0.801755,0.373224,0.126633,0.0402887,0.0499845,0.00794705,0,0,0
0,0,0,0.00172173,0.0465642,0.890668,0.4407,0.0999688,0.0180394,0.00182255,0,0,0,0,0,0
0,0,0,0,0,0.000930386,0.230026,0.808811,0.484458,0.196643,0.100996,0.0730711,0.0550294,0.0312492,0,0
0,0,0,0,0.0184071,0.0939583,0.542261,0.744258,0.343967,0.138393,0.0686662,0.0261828,0,0,0,0
0,0,0,0,0.0965977,0.449994,0.807672,0.341757,0.109678,0.0648878,0.0390323,0.0223341,0.0192846,0.0185856,0.00786413,0.000856316
0,0,0,0,0,0.00520301,0.191104,0.456769,0.609319,0.537553,0.26371,0.146685,0.0577525,0.0136355,0.0002644,0
0,0,0,0,0,0.00943172,0.194844,0.385548,0.451582,0.548568,0.47148,0.25622,0.13242,0.049346,0.0217917,0.0076912
0,0,0,0,0,0,0.0109691,0.506509,0.643156,0.485519,0.304064,0.0385815,0.00246632,0,0,0
0,0,0,0,0,0,0.237583,0.760993,0.455679,0.260948,0.207906,0.150166,0.134047,0.0667548,0.0202656,0.00982146
0,0,0,0,0.0895376,0.300887,0.502213,0.567964,0.44711,0.299016,0.168733,0.0934464,0.0113158,0,0,0
0,0,0,0.00269794,0.0455889,0.0622014,0.22325,0.403566,0.525653,0.510124,0.451215,0.2019,0.0210737,0,0,0
0,0,0,0,0.0450825,0.384107,0.65331,0.533395,0.366189,0.0703318,0.00639723,0.00419877,0.00152854,0.00189652,0,0
0,0,0,0,0,0.0600089,0.352988,0.726717,0.469575,0.281604,0.175803,0.0897572,0.0596223,0.0360111,0.00739359,0.00317006
0,0,0,0,0,0.0137315,0.265362,0.65605,0.644532,0.219158,0.148673,0.108204,0.0397912,0.0120174,0.000913549,0
0,0,0,0,0.00512179,0.198176,0.684302,0.531923,0.389677,0.220226,0.0857844,0.0385243,0.0117624,0.0114963,0.00472269,0.00216179
0,0,0.00830044,0.0499333,0.10463,0.288335,0.745432,0.495283,0.284174,0.14156,0.0396532,0.00362767,0,0,0,0
0,0,0,0,0.0203198,0.38317,0.539759,0.605584,0.40762,0.123759,0.0918118,0.0673617,0.0138532,0.00813161,0.00105785,0
0,0,0,0,0.0276791,0.375038,0.637021,0.531287,0.305342,0.243742,0.12457,0.0482032,0.00548046,0.00188218,0,0
0,0,0,0,0.00759408,0.493815,0.786319,0.347203,0.128928,0.0248501,0.00112663,0,0,0,0,0
0,0,0,0.0189499,0.0691261,0.391501,0.801265,0.42683,0.128633,0.0271941,0.00936946,0.00258656,0,0,0,0
0,0,0,0,0,0.0219736,0.0705145,0.367836,0.456237,0.521485,0.479586,0.364325,0.125122,0.0271427,0.00388171,0
0,0,0,0,0,0.0055951,0.140963,0.631621,0.704865,0.253963,0.134707,0.0406294,0.0050049,0,0,0
0,0,0,0,0,0,0.26216,0.860124,0.326485,0.267437,0.110419,0.0339277,0.000816764,0,0,0
0,0,0,0,0,0,0,0,0.00142306,0.202976,0.718698,0.537877,0.307474,0.218343,0.101386,0.0216428
0,0,0,0,0,0,0.0133657,0.298482,0.251645,0.51566,0.608822,0.450396,0.0893227,0,0,0
0,0,0,0,0,0.0652663,0.26134,0.460984,0.627901,0.46715,0.261803,0.155313,0.0950624,0.0273082,0.000894867,0
0,0,0,0,0,0.0326531,0.213869,0.364212,0.504043,0.51803,0.480731,0.240682,0.0940278,0.0158717,0.00217687,0.000389887
0,0,0,0,0,0.00284297,0.409111,0.709646,0.490477,0.263482,0.123038,0.0604493,0.015368,0.00176235,0,0
0,0,0,0,0,0,0.0201566,0.212684,0.338803,0.553702,0.601301,0.391797,0.127382,0.0399735,0.00963658,0.00103298
0,0,0,0,0,0,0.166805,0.560164,0.379411,0.471997,0.474744,0.225092,0.117484,0.0423912,0.00324646,0
0,0,0,0,0,0.0433261,0.308581,0.754786,0.498038,0.28848,0.0436867,0.00525165,0.000517768,0,0,0
0,0,0,0,0,0,0.0152376,0.089424,0.302975,0.760114,0.470748,0.261837,0.167801,0.0609131,0.0126279,0.00390061
0,0,0,0,0,0.00805474,0.0978822,0.350392,0.70934,0.541309,0.258125,0.0669098,0.0169938,0.0027808,0,0
0,0,0,0,0,0.000677257,0.0569598,0.513808,0.772398,0.352308,0.105582,0.0295629,0.00389103,0,0,0
0,0,0,0,0,0,0.0226971,0.316331,0.599809,0.500074,0.439721,0.261425,0.155505,0.0606198,0.00452058,4.70894e-005
0,0,0,0,0,0,0.000600961,0.120034,0.495192,0.579516,0.50854,0.363502,0.108711,0.0406281,0.0179023,0.00120192
0,0,0,0,0,0,0.00122604,0.052798,0.383281,0.378168,0.351222,0.398881,0.4732,0.420349,0.155603,0.00305206
0,0,0,0,0,0.00441275,0.202179,0.51602,0.397826,0.548681,0.44137,0.180291,0.0682211,0.03704,0.0128581,0.0024983
0,0,0,0,0,0,0.0891485,0.226399,0.345525,0.53591,0.627518,0.344929,0.136978,0.0517797,0.00320517,0
0,0,0,0,0,0,0,0,0.0336277,0.196286,0.568275,0.579208,0.472498,0.266295,0.0869294,0.0140605
0,0,0,0,0,0,0.144729,0.518041,0.376045,0.298841,0.458396,0.452362,0.236118,0.097225,0.00302905,0
0,0,0,0,0,0,0,0.000463411,0.177587,0.732491,0.627046,0.194984,0.0263518,0.00454644,0,0
0,0,0,0.0393015,0.138094,0.164644,0.306046,0.394542,0.520468,0.580453,0.287967,0.0988824,0.0459017,0.0170017,0.00622598,5.98652e-005
0,0,0,0,0,0,0.118605,0.304009,0.509487,0.553536,0.501189,0.256507,0.0929273,0.0411222,0.0143857,0.00361101
0,0,0,0,0,0,0.0879044,0.376212,0.582729,0.636399,0.321172,0.0548402,0.00166322,0,0,0
0,0,0,0,0,0.165789,0.583349,0.413298,0.362727,0.434851,0.298553,0.220278,0.0550885,0.00680153,0,0
0,0,0,0,0,0.0114885,0.255873,0.627993,0.585182,0.350798,0.19296,0.172588,0.0843862,0.0192035,0.00374826,0
0,0,0,0.0084986,0.090807,0.0274446,0.0267075,0.3312,0.7367,0.533793,0.217244,0.075191,0.00332996,0,0,0
0,0,0,0,0,0,0.0270332,0.566405,0.719814,0.377445,0.131688,0.0227203,2.91411e-005,0,0,0
0,0,0,0,0,0,0.246165,0.666627,0.673024,0.184834,0.0851557,0.0236313,0.00688965,0.0045545,0.00259568,0.00119652
0,0,0,0,0,0,0,0.0195541,0.361734,0.602816,0.537618,0.4209,0.185418,0.0526298,0.0393337,0.0222064
0,0,0,0,0,0.0601738,0.360545,0.578255,0.580364,0.339745,0.218708,0.173141,0.0424418,0.00878933,0.00736118,0.00384353
0,0,0,0,0,0.00219796,0.312853,0.801464,0.41707,0.250582,0.143502,0.0492218,0.00436495,0,0,0
0,0,0,0,0,0.0211325,0.45204,0.691723,0.510384,0.236156,0.0217086,0.000171809,0,0,0,0
0,0,0,0,0,0,0.0706437,0.216363,0.372742,0.575565,0.502811,0.369322,0.252914,0.127574,0.0814435,0.0435133
0,0,0,0,0,0,0,0.000662472,0.207541,0.53555,0.478662,0.464274,0.400405,0.230388,0.109427,0.00827241
0,0,0,0,9.18863e-005,0.160426,0.484368,0.593946,0.449402,0.317708,0.245626,0.151874,0.0239258,0.00258695,0.000805772,0.00114504
0,0,0,0,0,0,0.0309832,0.227414,0.399925,0.566094,0.440941,0.408626,0.277388,0.124671,0.0927089,0.0665899
0,0,0.00429579,0.0615385,0.178301,0.306847,0.363555,0.474504,0.683963,0.20361,0.0545341,0.0261888,0,0,0,0
0,0,0,0,0,0,0.0329938,0.245608,0.526867,0.587097,0.454962,0.29751,0.136576,0.0454556,0.00970622,0
0,0,0,0,0,0.0183227,0.521531,0.496392,0.398621,0.402021,0.355593,0.168995,0.0615902,0.0377541,0.0174688,0.0146822
0,0,0,0,0,0.00675648,0.066963,0.318247,0.508167,0.625639,0.44335,0.215129,0.0403459,0.00797151,0,0
0,0,0,0,0,0.00379953,0.0537941,0.138885,0.247179,0.318484,0.307236,0.530912,0.509587,0.40314,0.127442,0.0238334
0,0,0,0,0,0.000219196,0.0962681,0.394046,0.561471,0.531276,0.334712,0.321341,0.136573,0.0583061,0.0245226,0.00327424
0,0,0,0,0,0.00524059,0.0564585,0.114283,0.650555,0.527446,0.423611,0.302555,0.101281,0.0311882,0.00929317,9.99266e-005
0,0,0,0,0,0,0.191844,0.74896,0.558602,0.294062,0.0579143,0.0195704,0.00302104,0,0,0
0,0,0,0,0,0,0.0138494,0.295467,0.546646,0.495142,0.368051,0.39771,0.253571,0.100825,0.0205098,0
0,0,0,0,0,0,0.0593367,0.236079,0.304454,0.582293,0.564651,0.411814,0.133605,0.0521116,0.000259031,0
0,0,0,0,0,0.00455049,0.2295,0.537152,0.390306,0.509072,0.354112,0.333352,0.101633,0.0206634,0.00263961,0.00129551
0,0,0,0,0,0,0.00684875,0.202163,0.316578,0.482672,0.641579,0.428301,0.17388,0.0242348,0.00147542,0
0,0,0,0,0,0.0654769,0.220566,0.461634,0.495793,0.530088,0.377712,0.231482,0.0978603,0.0336853,0.0124636,0.00608156
0,0,0,0,0,0,0.0129548,0.183931,0.463542,0.659595,0.377504,0.321705,0.255399,0.0695196,0.000366331,0
0,0,0,0.0176026,0.0441504,0.11541,0.188245,0.434162,0.598147,0.43071,0.386299,0.250286,0.0689448,0.0231779,0.00602736,0.00120547
0,0,0.00493061,0.115419,0.552674,0.650438,0.458579,0.216555,0.0282582,0.0116108,0.00350975,0,0,0,0,0
0,0,0,0,0,0,0,0.0281197,0.260443,0.417327,0.481406,0.527596,0.44034,0.213025,0.0881727,0.00736546
0,0,0,0,0,0,0.003054,0.326663,0.760638,0.493998,0.241848,0.106637,0.0261389,0.0112363,0.00259475,0.000367399
0.00557359,0.0136616,0.061489,0.0777309,0.0430262,0.0609143,0.432495,0.817443,0.330518,0.139591,0.0198877,0.00280775,0.00101773,0,0,0
0,0,0,0,0.0014209,0.160391,0.684228,0.655478,0.270309,0.0576815,0.00768533,0.000814168,0,0,0,0
0,0,0,0,0,0,0.0119962,0.440103,0.8664,0.203377,0.07981,0.0731259,0.0487107,0.00801609,0,0
0,0,0,0,0,0,0.00141959,0.214566,0.439174,0.545349,0.517327,0.394949,0.182219,0.0827337,0.00444805,0
0.232142,0.293465,0.304182,0.29197,0.431684,0.437868,0.424005,0.303215,0.154944,0.0914911,0.00620361,0,0,0,0,0
0,0,0,0,0.0599066,0.0688285,0.319567,0.878913,0.336797,0.0582389,0.015403,0.00106881,0,0,0,0
0,0,0,0,0,0.000420133,0.257408,0.598842,0.594122,0.411552,0.219721,0.0669711,0.00319123,0,0,0
0,0,0,0,0,0.119107,0.598974,0.435351,0.315039,0.299131,0.307649,0.382682,0.086307,0.0143187,0.00603195,0.000819035
0,0,0,0.0130818,0.138885,0.222118,0.383807,0.626886,0.387968,0.381692,0.267486,0.134434,0.0586208,0.0400641,0.00620831,0
0,0,0,0,0,0.00658441,0.127347,0.525699,0.714187,0.381004,0.201225,0.0933076,0.0530986,0.0112142,0.00314358,0
0,0,0,0,0,0,0.000644024,0.0346215,0.21874,0.410701,0.665288,0.496751,0.286497,0.102795,0.0161318,0.00155812
1.55559e-005,0.00130669,0.0075135,0.0304818,0.0712071,0.124579,0.23421,0.447216,0.681045,0.44199,0.197918,0.151429,0.0477799,0.0019756,0,0
0.0465472,0.0385901,0.0580137,0.0923232,0.0911663,0.12374,0.26702,0.790622,0.470769,0.20317,0.0393486,0,0,0,0,0
0.082532,0.130862,0.179702,0.354343,0.37697,0.48243,0.636829,0.193773,0.0163355,0.000810116,0,0,0,0,0,0
0,0.000117043,0.00778333,0.0406305,0.105087,0.21066,0.379945,0.577906,0.582529,0.297764,0.174502,0.0776661,0.00686371,0.000852738,0,0
0,0.00027011,0.00675274,0.0371761,0.146922,0.320116,0.634731,0.501189,0.326743,0.259098,0.204437,0.068914,0.00142258,0,0,0
0,0,0.000199833,0.0157069,0.098286,0.294339,0.600475,0.646757,0.307887,0.157684,0.0702454,0,0,0,0,0
0,0,0,0,0.000239101,0.0757472,0.475006,0.636806,0.512832,0.302582,0.091767,0.0116602,0,0,0,0
0,0,0.0010873,0.0368254,0.316357,0.494833,0.604,0.437722,0.282841,0.12104,0.0470793,0.0124048,0.0123095,0.00732539,0.0075238,0.00188889
0,0,0,0,0,0,0.00297715,0.121272,0.310321,0.540995,0.601514,0.447112,0.179308,0.0487508,0.0072475,0.000753591
0,0,0,0,0,0.00981896,0.369507,0.490009,0.358647,0.280463,0.293364,0.385022,0.3504,0.219875,0.098455,0.0291303
0,0,0,0,0,0.00118154,0.137894,0.586514,0.614403,0.41297,0.223719,0.175968,0.0854174,0.025281,0,0
0,0,0,0,0,0,0.145304,0.666497,0.535148,0.367609,0.245213,0.1875,0.125063,0.0468813,0.00501574,2.53962e-005
0,0,0.0256262,0.513841,0.488235,0.60976,0.340206,0.09526,0.0174035,0.00347271,0.000997905,0,0,0,0,0
0,0.00357028,0.0286464,0.0558783,0.109702,0.350005,0.761295,0.530018,0.0308695,0.00648376,0.00382289,0.00240826,0.00104414,0.000286296,0,0
0,0,0,0,0,0,0.049098,0.555215,0.601634,0.563287,0.0989454,0.01671,0,0,0,0
0,0,0,0,0,0,0.104705,0.397217,0.535887,0.6403,0.332683,0.152763,0.00906975,0,0,0
0,0,0,0.0420005,0.256657,0.34378,0.677457,0.595132,0.0314064,0.00773237,0.0014453,0.000751557,0,0,0,0
0,0,0,0.00250544,0.139082,0.389113,0.6271,0.52077,0.320063,0.169495,0.173947,0.0575799,0.00653528,0,0,0
0,0,0,0.0093396,0.251629,0.207369,0.478867,0.760849,0.244817,0.147883,0.0598262,0.00229631,0,0,0,0
0,0,0,0,0,0,0.138972,0.341247,0.570161,0.568414,0.426886,0.166697,0.0719901,0.0287891,0.00533217,0
0,0,0,0,0.0289972,0.202716,0.453527,0.826809,0.237611,0.107119,0.028824,0.00113947,0,0,0,0
0,0,0.112292,0.250945,0.173237,0.287996,0.486031,0.599522,0.436752,0.150248,0.0451682,0.019336,0.00829357,0.00142142,0,0
0,0,0,0,0,0.0188379,0.0628788,0.136874,0.435468,0.587291,0.542107,0.34408,0.164498,0.0545973,0.0101081,0
0,0,0,0.00786556,0.0128819,0.0349001,0.138169,0.46158,0.519381,0.46043,0.377734,0.326207,0.183316,0.0407993,0.0169752,0.00180587
0,0,0,0,0,0,0,0.122632,0.555094,0.678714,0.436427,0.153161,0.044919,0.0153306,0,0
0,0,0,0,0,0,0.198353,0.677295,0.632709,0.306493,0.0873175,0.00660423,0,0,0,0
0,0,0,0,0,0,0,0.0140356,0.226399,0.509712,0.695399,0.418372,0.163442,0.0518884,0.0259035,0.0070178
0,0,0,0,0,1.02602e-005,0.39039,0.81943,0.402815,0.117407,0.00925469,0.000820815,0,0,0,0
0,0,0,0,0,0,0.00104933,0.0224466,0.557835,0.715669,0.255673,0.263816,0.199556,0.0366355,0,0
0,0,0,0.0118902,0.213395,0.387783,0.547331,0.663254,0.226507,0.112746,0.0212355,7.58409e-005,0,0,0,0
0.0281744,0.162515,0.145026,0.159884,0.158173,0.338215,0.567726,0.574521,0.344229,0.117707,0.0416037,0.0178275,0.00280052,2.81932e-005,0,0
0,0,0,0,0,0,0.0302596,0.137387,0.206593,0.56725,0.518019,0.461905,0.292619,0.209338,0.0678742,0
0,0,0,0,0.00439455,0.138578,0.215986,0.165105,0.331004,0.550731,0.658407,0.227793,0.0926916,0.00425336,0,0
0,0,0,0.00115495,0.0133336,0.0224417,0.153852,0.872587,0.410063,0.177731,0.112443,0.0419444,0.00974664,0.000169017,0,0
0,0,0,0,0,0,0,0.0735379,0.679956,0.640383,0.305711,0.15292,0.0702815,0.0189775,0.00429151,0
0,0,0,0,0,0.0468224,0.596256,0.776901,0.194549,0.0288848,0.00499584,0.00154557,1.92394e-005,0,0,0
0,0,0,0,4.10195e-005,0.128972,0.963946,0.231179,0.025562,0.00840901,0.00261841,0.000464888,0,0,0,0
0,0,0,0,6.96308e-005,0.123255,0.37054,0.576735,0.702453,0.140184,0.0408385,0.0111845,0,0,0,0
0,0,0,0,0.117221,0.273002,0.397241,0.71893,0.397229,0.205216,0.137683,0.0656401,0.111675,0.0377877,0,0
0,0,0,0,0,0.00151224,0.0979997,0.373109,0.600451,0.479413,0.354539,0.326398,0.163254,0.0432044,0.00727395,0
0,0,0,0,0,0.0193811,0.563972,0.80675,0.169176,0.0341634,0.0200433,0.0136124,0.0175636,0.00421616,0.00369374,0.00033847
0,0,0,0,0,0.0149632,0.0690469,0.149932,0.704533,0.52492,0.371736,0.239956,0.0685382,0.0117925,0.00357954,0.00224403
0,0,0.00166552,0.0788982,0.184151,0.457908,0.701629,0.493455,0.108901,0.0416936,0.0283218,0.00022207,0,0,0,0
0.000151847,0.0349971,0.145469,0.147045,0.151153,0.153915,0.493104,0.558391,0.531601,0.263852,0.0470725,0.00830819,0,0,0,0
0,0,0,0,0,0,0.167551,0.456463,0.683682,0.471953,0.236618,0.127552,0.0297689,0.0158213,0.00372737,0
0,0,0,0,0,0,0.00295039,0.155333,0.467648,0.797769,0.33329,0.0939745,0.0222777,0.0162732,0.00652312,0.00401068
0,0,0,0,0,0.203358,0.203376,0.28487,0.578566,0.505734,0.378328,0.258207,0.160565,0.0896594,0.0404807,0.0191577
0,0,0,0,0,0.037889,0.213412,0.310618,0.61483,0.595675,0.263455,0.187358,0.111899,0.0712643,0.0370665,0.0143331
0,0,0,0,0,0.0356019,0.0806079,0.230665,0.685048,0.609544,0.282088,0.106444,0.0781409,0.0341194,0.00444741,0
0,0,0,0,0,0,0,0.00314033,0.49661,0.432033,0.558778,0.476691,0.164959,0.0061346,0,0
0,0,0,0,0,0,0,0.00962567,0.239675,0.623321,0.536552,0.445069,0.260505,0.00984264,0,0
0,0,0,0,0.00479489,0.039003,0.0911259,0.258924,0.441567,0.498899,0.547825,0.417765,0.0575272,0.0287808,0.0169259,0.0128439
0,0,0.000325603,0.0358355,0.0661933,0.130232,0.433876,0.654654,0.519251,0.294441,0.0638278,0.0127081,0,0,0,0
0,0,0,3.05705e-005,0.0258219,0.0881245,0.416156,0.654127,0.511312,0.305532,0.175831,0.069232,0.000560459,0,0,0
0,0,0,0,0,0.225295,0.441417,0.525979,0.509303,0.462744,0.0645462,0.00722033,0,0,0,0
0,0,0,0,0,0,0.0183391,0.388217,0.655879,0.390353,0.322972,0.372563,0.133233,0.0727099,0.0157137,0
0,0,0,0,0.09389,0.246673,0.360755,0.588675,0.652214,0.166178,0.0256206,0,0,0,0,0
0,0,0,0,0,0.0430451,0.22999,0.604161,0.742832,0.16324,0.0423682,0,0,0,0,0
0,0,0,0,0,0.00274239,0.133222,0.90242,0.378192,0.14959,0.0447752,0.0214217,0.00355304,0,0,0
0,0,0,0,0,0,0.0755731,0.422827,0.487351,0.418605,0.597308,0.214255,0.00909572,0,0,0
0,0,0,0,0,0.10593,0.410965,0.48846,0.506679,0.471228,0.303079,0.10323,0.000274806,0,0,0
0,0,0,0,0,0,0.01722,0.215262,0.68836,0.609444,0.30558,0.120934,0.0100353,0,0,0
0,0,0,0,0,0.127963,0.313749,0.436037,0.387032,0.476856,0.430605,0.335349,0.138549,0.0278139,0.00498605,0.000130233
0,0,0,0,0,0.0290824,0.702771,0.55904,0.406023,0.143805,0.0767097,0.0332498,0.0147198,0.000654875,0,0
0,0,0,0,0,0,0.0207019,0.0938048,0.478741,0.696517,0.497822,0.166363,0.0305208,0.00291398,0,0
0,0,0,0,0,0,0.251361,0.674285,0.53869,0.406461,0.163139,0.0100125,0.00655381,0.00151641,0,0
0,0,0,0,0,0,0.0833943,0.537028,0.757531,0.274464,0.181594,0.14942,0.0126269,0,0,0
0,0,0,0,0,0.0274937,0.244115,0.506331,0.613228,0.4256,0.303338,0.14423,0.102516,0.0523433,0.0055119,0
0,0,0,0,0,0.00878041,0.180861,0.373819,0.560064,0.618012,0.33251,0.145937,0,0,0,0
0,0,0.00597663,0.0301859,0.0622685,0.155424,0.43921,0.559619,0.499455,0.425711,0.172573,0.0666673,0.00522755,0.0012272,0,0
0,0,0,0,0,0,0,0,0.291957,0.698088,0.604143,0.245919,0.0443835,0.000173223,0,0
0,0,0,0,0,0.00280014,0.529216,0.785902,0.233921,0.205757,0.0715898,0.00984348,0.00188269,0.000105125,0,0
0,0,0,0,0,0,0.335285,0.758457,0.430575,0.301347,0.159474,0.100934,0.0204316,0.00920188,0,0
0,0,0,0,0.00957705,0.167677,0.200266,0.40825,0.513754,0.63431,0.301286,0.0882792,0.0126361,0,0,0
0,0,0,0,0,0,0.0794376,0.397515,0.607225,0.557734,0.326464,0.206696,0.0786627,0.0187702,0.00631988,0.000327187
0,0,0,0,0,0,0.144855,0.349034,0.678054,0.388897,0.280698,0.388454,0.126997,0.0150937,0.0111129,0.00525237
0,0,0,0,0,0,0,0.0112341,0.103242,0.313566,0.772931,0.433945,0.280179,0.126914,0.0751279,0.0700697
0,0,0,0,0,0,0.00290369,0.592653,0.69381,0.404543,0.0609775,0.00277496,0,0,0,0
0,0,0,0,0,0,0,0.355909,0.77079,0.212074,0.325123,0.212572,0.225213,0.151774,0.0801051,0.056317
0,0,0,0,0,0,0,0,0.0380164,0.3751,0.745695,0.505447,0.181239,0.109143,0.0389745,0.00619044
0,0,0,0,0,0.00223153,0.035124,0.154629,0.623722,0.714199,0.241024,0.132241,0.0126816,0,0,0
0,0,0,0,0,0,0.00415438,0.196343,0.418243,0.344683,0.436144,0.597143,0.334851,0.0929406,0.0115714,0
0,0,0,0,0,0.00977053,0.13432,0.736211,0.536195,0.378591,0.0947688,0.00625744,0,0,0,0
0,0,0,0,0,0,0.220465,0.871551,0.359837,0.146318,0.0964316,0.131272,0.10988,0.0479321,0,0
0,0,0,0,0.0644796,0.13172,0.179343,0.197017,0.478469,0.486628,0.576708,0.308148,0.116899,0.0236729,0.000185065,0
0,0,0,0,0,0.00480275,0.12592,0.362262,0.404983,0.62031,0.500346,0.221388,0.068455,0.00239089,0.00562069,0.00293618
0,0,0,0,0,0.00461505,0.0729878,0.139676,0.559296,0.589326,0.483574,0.246763,0.137577,0.0356737,0.00942695,0
0,0,0,0,0,0,0.0940692,0.263104,0.527696,0.410546,0.240512,0.236084,0.345926,0.380666,0.308914,0.0365422
0,0,0,0,0,0.0477568,0.535265,0.701416,0.341378,0.220225,0.227445,0.0494856,0.0027838,0,0,0
0,0,0,0,0,0.0209328,0.145856,0.522464,0.581021,0.48413,0.272891,0.209928,0.0901383,0.066821,0.0371147,0.0290875
0,0,0,0,0.00229446,0.0100841,0.0332352,0.320788,0.794639,0.467358,0.170535,0.107748,0.0602524,0.0407266,0.00494455,0.0021109
0,0,0,0,0,0.00451342,0.324209,0.598028,0.308563,0.509698,0.238257,0.319135,0.153638,0.00313516,0,0
0,0,0,0,0,0,0,0.0980498,0.156203,0.106607,0.221539,0.547136,0.646792,0.421624,0.0975865,0.0235548
0,0,0,0,0,0,0.0266113,0.180709,0.419647,0.427761,0.333744,0.484429,0.419261,0.261219,0.118664,0.0583098
0,0,0,0,0,0.00207835,0.214083,0.904067,0.369827,0.00705059,0.00207835,0.00101286,0,0,0,0
0,0,0.000983338,0.139969,0.530019,0.579879,0.325105,0.500318,0.084947,0.00102803,0.000379926,0,0,0,0,0
0,0,0,0,0,0.0366491,0.523164,0.71581,0.358015,0.261773,0.125503,0.0109727,0.00060225,0,0,0
0,0,0,0,0,0,0.0793196,0.133175,0.295659,0.491427,0.605895,0.506056,0.153552,0.0167132,0,0
0,0,0.00600099,0.0592083,0.0567366,0.106693,0.556722,0.703574,0.266381,0.288493,0.147631,0.030261,0.00144736,0,0,0
0,0,0,0,0,0,0.138088,0.58165,0.603656,0.290907,0.279941,0.330332,0.0771683,0.0120633,0,0
0,0,0,0,0.0139236,0.172957,0.296092,0.423525,0.26984,0.678316,0.405398,0.0731083,0.0130229,0.00756228,0.00133231,0
0,0,0,0,0,0,0.0630151,0.244887,0.499421,0.723205,0.385592,0.119647,0.0248197,0,0,0
0,0,0,0,0,0.0283983,0.0755355,0.174833,0.526706,0.690983,0.438834,0.124301,0.00429148,0,0,0
0,0,0,0,0.00268398,0.123042,0.634805,0.681997,0.29253,0.17346,0.0311005,0.011109,0.00196184,0,0,0
0,0,0,0,0,0,0.0766127,0.306809,0.554402,0.694944,0.31552,0.0989591,0.0185528,0,0,0
0,0,0,0,0,0.00172242,0.051634,0.143835,0.637744,0.636947,0.394858,0.0911596,0,0,0,0
0,0,0,0,0,0,0.000163481,0.0844868,0.334498,0.394659,0.381302,0.323054,0.373717,0.479799,0.308079,0.103336
0,0,0,0,0.0140686,0.317215,0.291839,0.24401,0.303907,0.367045,0.596666,0.369567,0.163881,0.0870535,0.0189316,0
0,0,0,0.00168124,0.062523,0.729544,0.573649,0.309348,0.149073,0.096071,0.0809782,0.0326641,0.0027092,0,0,0
0,0,0,0,0,0.0424946,0.44723,0.625456,0.452904,0.411024,0.181087,0.0113485,0,0,0,0
0,0,0,0,0,0.117336,0.390244,0.393061,0.404893,0.328594,0.309735,0.465118,0.271014,0.141924,0.0406615,0.00419449
0,0,0,0,0,0.12975,0.475083,0.46053,0.598639,0.399093,0.160457,0.0445294,7.06443e-005,0,0,0
0,0,0,0,0,0.00199299,0.109614,0.562321,0.672403,0.408394,0.192496,0.119196,0.0394293,0.00683042,0,0
0,0,0,0,0,0,0,0.00486184,0.125409,0.272993,0.443888,0.48261,0.553673,0.372344,0.181003,0.042642
0,0,0,0,0.000425178,0.216097,0.441942,0.28622,0.225633,0.612924,0.483047,0.126961,0.00470732,0.00232329,0.000151849,0
0,0,0,0,0,0,0.00177575,0.183916,0.684043,0.60772,0.333534,0.128407,0.0345992,0.00187363,0,0
0,0,0,0,0,0,0.0136916,0.409771,0.821747,0.377575,0.108525,0.0476972,0.00412724,0,0,0
0,0,0,0,0,0,0.0482056,0.289854,0.511993,0.433521,0.537633,0.377352,0.165245,0.0657033,0.0225185,0.00310276
0,0,0,0,0,0.00618392,0.25128,0.722393,0.523919,0.326943,0.171833,0.0629565,0.00977822,1.73219e-005,0,0
0,0,0,0.00471968,0.192917,0.45501,0.565609,0.632099,0.190268,0.00792053,0,0,0,0,0,0
0,0,0,0,0,0,0.00148984,0.245112,0.562921,0.720622,0.315347,0.0654236,0.00428446,9.25369e-005,0,0
0,0,0,0,0,0,0.000982714,0.270974,0.73925,0.544306,0.279346,0.0716946,0.024033,0.00695986,0.00299168,0.00200275
0,0,0,0,0,0,0,0.0300859,0.166578,0.503123,0.69075,0.449317,0.191849,0.0480628,0.00873956,0.000564769
0,0,0,0,0.0305383,0.189793,0.258139,0.444547,0.515218,0.515121,0.343264,0.206767,0.0777339,0.0366021,0.00490707,0.000450525
0,0,0,0,0,0.00394015,0.0325733,0.290694,0.402803,0.423865,0.558655,0.46009,0.214955,0.0495922,0.00811753,0.000495097
0,0,0,0,0,0,0.00257584,0.110528,0.214423,0.289538,0.406059,0.617775,0.484247,0.259196,0.0983179,0.00961376
0,0,0,0,0,0,0,0,0.221828,0.752535,0.500249,0.353656,0.0934533,0.0204398,0.00325178,0
0,0,0,0,0,0.00419312,0.0573331,0.147575,0.290696,0.633503,0.594721,0.330506,0.144508,0.0685419,0.0240166,0.00164788
0,0,0,0,0,0,0,0,0.0799457,0.362982,0.534428,0.631149,0.358319,0.203824,0.0891838,0
0,0,0,0,0,0,0,0.0394447,0.376756,0.672196,0.407341,0.408622,0.260084,0.0609253,0.0199541,0
0,0,0,0,0,0.00186589,0.138134,0.350149,0.58295,0.645346,0.27445,0.15424,0.053492,0.00506593,0.00320971,0
0,0,0,0,0,0.0149332,0.188533,0.529534,0.373719,0.540625,0.473726,0.158207,0.0435857,0.0219461,0.00748429,0.00119041
0,0,0,0,0,0.000203645,0.468004,0.798187,0.323786,0.178004,0.0690264,0.0244559,0.0404421,0.0185687,0.00173098,0
0,0,0,0,0,0,0.000469788,0.169688,0.444871,0.660475,0.526717,0.222877,0.098073,0.0185003,0.00146574,0
0,0,0,0,0,0.0989404,0.607933,0.775035,0.137984,0.027064,0.0133113,0.000449328,0,0,0,0
0,0,0,0,0,0.0889203,0.276346,0.245194,0.420703,0.718899,0.358271,0.181383,0.0231512,0.00240917,0,0
0,0,0,0,0,0,0.00034205,0.0307138,0.102863,0.180355,0.531534,0.664132,0.43477,0.187668,0.0890864,0.0129507
0,0,0,0,0,0,0.0197131,0.093861,0.0823865,0.484249,0.820267,0.264722,0.0692302,0.0315495,0.0276325,0.0070252
0,0,0,0,0,0.0011302,0.0109977,0.145253,0.421044,0.727665,0.462144,0.233821,0.0608896,0.00688989,0,0
0,0,0,0,0,0.0414698,0.205691,0.480898,0.492189,0.607183,0.335237,0.0374615,0,0,0,0
0,0,0,0,0,0.0165074,0.243215,0.652536,0.540562,0.470607,0.0330597,0,0,0,0,0
0,0,0,0,0,0.01746,0.389175,0.711482,0.48531,0.304188,0.117339,0.0144277,0,0,0,0
0,0,0,0.0111508,0.0577072,0.107715,0.414938,0.515979,0.385149,0.426789,0.387118,0.227133,0.114828,0.0375219,0.00187202,0
0,0,0,0,0.0715746,0.198031,0.213597,0.357236,0.601246,0.55935,0.298565,0.128155,0.0415204,0.0252357,0.0112213,0
0,0,0,0,0,0.0179107,0.142234,0.48452,0.697928,0.455808,0.221116,0.0305344,0,0,0,0
0,0,0,0,0.0185613,0.327427,0.677624,0.611244,0.1857,0.0985927,0.0815468,0.0937958,0,0,0,0
0,0,0,0,0.0428826,0.353429,0.507591,0.396587,0.531192,0.391638,0.128465,0.0771612,0.0177236,0.00159249,0,0
0,0,0,0,0,0,0.0422146,0.211122,0.351784,0.698027,0.475372,0.300729,0.145853,0.0692824,0.0123818,0.00301966
0,0,0,0,0,0,0,0.168888,0.767962,0.584156,0.160489,0.119212,0.0222774,0.00279335,0,0
0,0,0,0,0,0,0.00273485,0.336195,0.818676,0.454143,0.102212,0.00655034,0,0,0,0
0,0,0,0,0,0,0,1.44822e-005,0.200695,0.944733,0.254119,0.0511946,0.00189717,0.000666182,0,0
0,0,0,0,0,0,0.122742,0.902035,0.403273,0.0926378,0.00750811,0,0,0,0,0
0,0,0,0,0,0,0,0,0.298535,0.822192,0.478194,0.0787201,0.00341415,0.000194589,0,0
0,0,0,0,0,0.00687979,0.039484,0.141551,0.297393,0.350886,0.595767,0.561584,0.264207,0.146619,0.0683991,0.0223012
0,0,0,0,0,0,0,0,0.245932,0.379186,0.564511,0.470227,0.437184,0.243491,0.0712115,0.0214883
0,0,0,0,0,0,0,0.0321111,0.528666,0.484002,0.6671,0.197694,0.033441,0,0,0
0,0,0,0,0.00448484,0.0583308,0.106996,0.331683,0.355891,0.430294,0.522498,0.437063,0.301543,0.0913404,0.00197779,0
0,0,0,0,0,0.0115924,0.111184,0.322231,0.516821,0.583355,0.415117,0.276524,0.160771,0.0403525,0,0
0,0,0,0,0,0.000686309,0.0273304,0.164196,0.519704,0.623763,0.351817,0.412029,0.129194,0.0513817,0.0156478,0
0,0,0,0,0,0.00369532,0.0758174,0.231734,0.287429,0.573419,0.540702,0.4219,0.227521,0.0821029,0.0157253,0
0,0,0,0,0,0,0,0.0721864,0.204115,0.538318,0.657662,0.444155,0.172007,0.0605641,0.0170432,0.0012124
0,0,0,0,0,0,0,0,0.137731,0.590491,0.602882,0.503283,0.122751,0.0228566,0,0
0,0,0,0,0.0260313,0.162301,0.332259,0.365485,0.542742,0.616045,0.230555,0.0418973,0.00365743,0,0,0
0,0,0,0,0.000508193,0.129302,0.489806,0.68963,0.475694,0.200137,0.0377756,0.00366159,0,0,0,0
0,0,0,0,0,0,0.0286129,0.532757,0.64179,0.48647,0.254508,0.0450217,0.00177762,0,0,0
0,0,0,0,0,0,0,0.495285,0.51665,0.481103,0.338733,0.281229,0.226324,0.105888,0.00636151,0
0,0,0,0,0,0.00259336,0.21553,0.337887,0.340168,0.470836,0.550481,0.382631,0.216936,0.073989,0.000562416,0
0,0,0,0,0,0,0,0.123112,0.627074,0.639674,0.40155,0.145585,0.00103233,0,0,0
0,0,0,0,0,0,0,0.00285755,0.463283,0.862475,0.15827,0.121722,0.0404139,0,0,0
0,0,0,0,0,0,0,0.120218,0.214853,0.482414,0.799846,0.255009,0.0424286,0.00861081,0.00210579,0
0,0,0,0,0,0,0.0565558,0.645463,0.689416,0.282592,0.132016,0.0792187,0.0354527,0.00756469,0.00269833,0.000592698
0,0,0,0,0,0,0.0600905,0.615475,0.740767,0.262136,0.0113097,0,0,0,0,0
0,0,0.00244929,0.0420991,0.241896,0.653961,0.586078,0.379302,0.154469,0.0287254,0.000645629,0,0,0,0,0
0,0,0,0,0.0505056,0.413701,0.610198,0.668892,0.0808783,0.000629155,0,0,0,0,0,0
0,0,0,0,0,0,0.0463535,0.262997,0.545763,0.588429,0.476606,0.21655,0.0975852,0.0317659,0,0
0,0,0,0,1.55091e-005,0.103182,0.426501,0.749603,0.448943,0.201231,0.0565153,0.0151679,0.0088247,0,0,0
0,0,0,0,0,0,0.0470566,0.56434,0.610762,0.542721,0.108226,0.00408482,0,0,0,0
0,0,0,0,0,0,0.0333833,0.331818,0.777767,0.509443,0.139455,0.0530698,0.0431319,0.0113306,0.00868047,0
0,0,0,0,0,0,0,0,0,0.0304246,0.219069,0.373348,0.680181,0.491598,0.323954,0.0493322
0,0,0,0,0,0.0202822,0.191413,0.699941,0.535304,0.325834,0.226234,0.168673,0.0239298,0.0104515,0,0
0,0,0,0,0,0.0152299,0.522996,0.614661,0.457885,0.349402,0.129206,0,0,0,0,0
0,0,0,0,0.12781,0.899009,0.405811,0.0967872,0.03135,0.0134972,0.0152704,0.000378747,0,0,0,0
0,0,0,0,0.000386765,0.167008,0.711202,0.678803,0.0716111,0.0189961,0.00602461,0.00144293,0.000119005,0,0,0
0,0,0,0,0,0.0748917,0.481765,0.780457,0.363948,0.136854,0.0382879,0.0224803,0.0046261,0,0,0
0,0,0,0,0,0,0,0,0.10256,0.401046,0.733054,0.479125,0.242283,0.0537895,0.0109954,0
0,0,0,0,0,0.0477972,0.260594,0.57026,0.566846,0.464035,0.212084,0.149896,0.0227534,0,0,0
0,0,0,0,0,0.229024,0.523885,0.685628,0.365001,0.232524,0.122488,0.0264079,0.00349967,0,0,0
0,0,0,0,0,0,0,0.00394719,0.265679,0.756021,0.58739,0.113133,0.00228522,0,0,0
0,0,0,0,0,0,0,0.0459095,0.160683,0.531923,0.449778,0.646023,0.263008,0.016889,0.00257696,0.00440065
0,0,0,0,0,0.0176775,0.47907,0.523072,0.582809,0.329797,0.192892,0.0960494,0.0413477,0,0,0
0,0,0,0,0,0.0136195,0.325107,0.634062,0.617762,0.290893,0.160314,0.0116739,0,0,0,0
0,0,0,0,0,0.00835089,0.25597,0.298675,0.812832,0.349265,0.23567,0.0833225,0.00575988,0.00208772,0,0
0,0,0,0,0,0,0,0.318296,0.866879,0.330466,0.178154,0.0791119,0.00193005,0,0,0
0,0,0,0,0,0,0,0.155728,0.526191,0.616173,0.339486,0.295676,0.246941,0.194151,0.133167,0.0109375
0,0,0,0,0,0,0,0.0121535,0.599463,0.552928,0.23629,0.427019,0.301811,0.0741361,0.0017555,0
0,0,0,0,0.0100659,0.318036,0.776832,0.232832,0.396789,0.268593,0.0995029,0.0391211,0.00761995,0,0,0
0,0,0,0,0,0,0,0,0.0417097,0.51533,0.611838,0.505071,0.31637,0.0562362,0,0
0,0,0,0,0,0,0,0,0,0.363571,0.651829,0.567681,0.277206,0.200563,0.0600324,0.00098917
0,0,0,0,0,0,0,0.0241361,0.380289,0.463139,0.506208,0.512336,0.275015,0.213562,0.0179737,0
0,0,0,0,0,0,0,0,0.129441,0.658613,0.589767,0.406206,0.179463,0.0666262,0,0
0,0,0,0,0,0.00135036,0.0784897,0.584079,0.708964,0.301468,0.177404,0.156666,0.0552683,0.0102724,0.000192909,0
0,0,0,0,0,0.0328598,0.356189,0.629805,0.559316,0.364804,0.147345,0.0880923,0.00292143,0,0,0
0,0,0,0,0,0,0,0,0.179746,0.628006,0.696372,0.278846,0.0989683,0.0274963,0.00207966,0.0074631
0,0,0,0,0,0,0,0,0.273183,0.732945,0.531223,0.324855,0.0208372,0,0,0
0,0,0,0,0,0,0.00313784,0.539327,0.763195,0.324597,0.127358,0.0666155,0.0248907,0.00305303,0,0
0,0,0,0,0,0.00484481,0.363532,0.68072,0.372953,0.364535,0.34085,0.127604,0,0,0,0
0,0,0,0,0,0.0342292,0.411412,0.56624,0.532852,0.462981,0.0994421,0.027738,0,0,0,0
0,0,0,0,0,0,0,0.0117104,0.714034,0.597212,0.281835,0.178353,0.146481,0.0254732,0.00311876,0.000442662
0,0,0,0,0,0,0,0,0,0.0483233,0.210336,0.510495,0.542866,0.574303,0.249593,0.0774233
0,0,0,0,0,0,0.00247926,0.488132,0.850052,0.184904,0.0698817,0.00772039,0,0,0,0
0,0,0,0,0,0,0,0.184736,0.752214,0.546117,0.301605,0.102293,0.0193291,0,0,0
0,0,0,0,0,0.00932688,0.294355,0.685805,0.660382,0.082674,0.000451301,0,0,0,0,0
0,0,0,0,0,0.0108521,0.263111,0.582944,0.679581,0.308677,0.172734,0.0622939,0.000873464,0,0,0
0,0,0,0,0,0,0.116756,0.655006,0.505218,0.402599,0.212441,0.261675,0.153356,0.053632,0.00181765,0
0,0,0,0,0,0,0.0482759,0.814384,0.480815,0.172672,0.206144,0.164468,0.0623789,0.00359357,0,0
0,0,0,0,0,0.0170232,0.253521,0.487375,0.631863,0.433288,0.321812,0.0857107,0.00193796,0,0,0
0,0,0,0,0,0.00116636,0.457977,0.576565,0.361034,0.44185,0.18294,0.195097,0.225445,0.0977951,0.0182356,0
0,0,0,0,0,0,0.483737,0.655458,0.545287,0.194729,0.0281712,0.0165436,0.00689129,0,0,0
0,0,0,0,0,2.21578e-005,0.418606,0.893537,0.16122,0.0190779,0.00221578,0,0,0,0,0
0,0,0,0,0,0,0.421839,0.781156,0.433048,0.155937,0.000778107,0,0,0,0,0
0,0,0,0,0,0.301109,0.688558,0.511172,0.400514,0.116211,0.002689,0,0,0,0,0
0,0,0,0,0,0,0.101143,0.93355,0.343873,0.00221279,0,0,0,0,0,0
0,0,0,0,0,0.00308358,0.294978,0.422424,0.541504,0.610791,0.147074,0.117471,0.179572,0.0238374,0,0
0,0,0,0,0,0,0.431844,0.653577,0.450236,0.357952,0.229826,0.0518212,0,0,0,0
0,0,0,0,0.0176045,0.429591,0.602797,0.590528,0.309853,0.0839011,0.00249738,0,0,0,0,0
0,0,0,0,0,0,0,0.164017,0.858983,0.484303,0.0264165,0,0,0,0,0
0,0,0,0,0,0.000433458,0.0334898,0.2554,0.948684,0.178254,0.0390112,0.0175034,0.00427266,0.00512925,0,0
0,0,0,0,0,0,0.169386,0.906682,0.385422,0.023133,0.0122704,0,0,0,0,0
0,0,0,0,0,0.011528,0.697191,0.577181,0.379357,0.184262,0.0522321,0.00783228,0,0,0,0
0,0,0,0,0,0,0,0.028323,0.467083,0.854093,0.108119,0.183992,0.07124,0.0306395,0,0
0,0,0,0,0,0.0121805,0.376738,0.59324,0.48688,0.434058,0.196201,0.170745,0.0914728,0.054613,0.034989,0.0174547
0,0,0,0,0,0.000286817,0.34091,0.473286,0.603692,0.480819,0.253068,0.0103063,0,0,0,0
0,0,0,0,0,0,0.0220791,0.181134,0.183929,0.616485,0.636266,0.380627,0.0539895,0.0130769,0.00471431,0
0,0,0,0,0.026068,0.352876,0.526337,0.720015,0.28121,0.0163654,0,0,0,0,0,0
0,0,0,0,0,0,0.030579,0.263036,0.389658,0.435026,0.355695,0.507847,0.436257,0.118497,0.00281952,0
0,0,0,0,0,0,0,0,0.112756,0.666112,0.633507,0.376039,0.0290475,0,0,0
0,0,0,0,0,0,0.00494642,0.121913,0.350013,0.403563,0.589645,0.535476,0.249176,0.0568838,0.000725833,0
0,0,0,0,0,0,0,0,0.06749,0.326097,0.565548,0.621655,0.402201,0.144635,0.011001,0
0,0,0,0.00199875,0.0172362,0.0571759,0.414669,0.841272,0.318259,0.124299,0.000917072,0,0,0,0,0
0,0,0,0.0144565,0.0835313,0.137572,0.245269,0.536517,0.530101,0.529973,0.251792,0.0245504,0.000342166,0,0,0
0,0,0,0,0,0,0.0192123,0.162993,0.47114,0.697898,0.462672,0.223109,0.0136431,0,0,0
0,0,0,0,0,0,0,0,0.244147,0.917249,0.307272,0.0680381,0.000564103,0,0,0
0,0,0,0,0,0,0.0397921,0.365305,0.531163,0.670839,0.355988,0.0779566,0.00205048,0,0,0
0,0,0,0,0,0.0106964,0.141727,0.41419,0.742838,0.455744,0.179192,0.123176,0.0381093,0,0,0
0,0,0,0,0.00044021,0.0581628,0.362495,0.57895,0.581059,0.400004,0.173617,0.0474968,0,0,0,0
0,0,0,0.00836154,0.112685,0.187236,0.381635,0.768702,0.354975,0.238356,0.178314,0.0317921,0.000195363,0,0,0
0,0,0,0,0,0,0,0.0287751,0.173015,0.878923,0.427584,0.116807,0.0161187,0,0,0
0,0,0,0,0,0.00188741,0.430949,0.725118,0.535759,0.0380322,0,0,0,0,0,0
0,0,0,0,0,0,0,0,0.0110909,0.81513,0.57913,0.00694849,0,0,0,0
0,0,0,0,0,0,0,0.185851,0.771973,0.4804,0.371771,0.0227866,0,0,0,0
0,0,0,0,0,0.00725832,0.0743925,0.632513,0.689187,0.336669,0.0761187,0.0148702,0.000499139,0,0,0
0,0,0,0,0,0,0.270947,0.861672,0.428667,0.0186276,0.00271411,0,0,0,0,0
0,0,0,0,0,0,0,0.0125058,0.731302,0.54338,0.395379,0.115991,0.000821551,0,0,0
0,0,0,0,0,0,0.105386,0.416064,0.560466,0.459641,0.339603,0.351483,0.225536,0.0255981,0,0
0,0,0,0,0,0,0.00843583,0.212826,0.730195,0.542574,0.309684,0.159017,0.0432721,0.0420767,0.0421621,0.0212433
0,0,0,0,0,0,0.0423924,0.175926,0.524671,0.635039,0.477005,0.212417,0.117148,0.0398812,0.0247354,0.0108767
0,0,0,0,0,0.00318872,0.420691,0.759465,0.485576,0.101346,0.0127219,0.0014844,0.00115454,0.000406837,0,0
0,0,0,0,0,0,0,0.198517,0.716352,0.55281,0.272377,0.215671,0.125236,0.0631973,0.0179653,0.0335835
0,0,0,0,0,0,0.0144403,0.0848425,0.237559,0.497029,0.604489,0.527709,0.206674,0.0496072,0.00792623,0
0,0,0,0,0,0,0.00707618,0.0706646,0.286138,0.58882,0.544963,0.485224,0.184078,0.00783434,0,0
0,0,0,0,0,0.0388414,0.297875,0.58643,0.401797,0.393209,0.404076,0.25053,0.127901,0.0807268,0.0297943,0.000918316
0,0,0.0175272,0.0607305,0.0649454,0.0468036,0.172796,0.401071,0.466718,0.634122,0.386687,0.171355,0.00730592,0,0,0
0,0,0,0,0,0.0328186,0.124177,0.570202,0.689354,0.354563,0.200251,0.116632,0.0556768,0.0245133,0.00663529,0
0,0,0,0,0,0,0.220057,0.491309,0.385154,0.5824,0.434174,0.181307,0.033858,0.0104835,0.00460111,0
0,0,0,0,0,0,0,0,0.0929024,0.273214,0.322478,0.660952,0.571155,0.222266,0.0159525,0.000190434
0,0.00514534,0.0543366,0.0693438,0.0500784,0.0432918,0.144735,0.463022,0.558137,0.57718,0.327838,0.0188367,0.00147855,0.00178904,0.00125676,0
0,0,0,0,0,0,0,0,0.04599,0.256945,0.831435,0.458614,0.166971,0.0479835,0.00839807,0.00104172
0,0,0,0,0.0888558,0.255303,0.782881,0.509826,0.231474,0.0227751,0.000971775,0,0,0,0,0
0,0,0,0,0,0.0386375,0.185894,0.514455,0.499832,0.406601,0.461515,0.245095,0.0992087,0.0349196,0.000302411,0
0,0,0,0,0,0.00545189,0.169778,0.671576,0.594929,0.284556,0.243747,0.16059,0.0039446,0,0,0
0,0,0,0,0.0873754,0.657922,0.567299,0.367281,0.265596,0.164562,0.0665872,0.0269255,0,0,0,0
0,0,0,0,0,0.0251615,0.0860624,0.25507,0.4047,0.635422,0.525738,0.2667,0.105741,0.0252992,0.00229083,0
0,0,0,0,0.0366964,0.412263,0.685548,0.560596,0.204103,0.0405445,0.0238136,0.0188222,0.0136078,0.00635774,0,0
0,0,0,0,0.000143194,0.0752031,0.159792,0.550804,0.740419,0.333187,0.076648,0.0178082,0.000520707,0,0,0
0,0,0,0,0,0,0,0.0505206,0.347773,0.814434,0.434266,0.146497,0.0542227,0.0144498,0.00118324,0
0,0,0,0,0,0.244341,0.856051,0.449345,0.0647418,0.0341217,0.0137326,0.00439515,0,0,0,0
0,0,0,0,0,0,0.169553,0.961722,0.2148,0.0142394,0,0,0,0,0,0
0,0,0,0,0,0,0,0.369077,0.720549,0.471555,0.343011,0.0676095,0,0,0,0
0,0,0,0,0,0,0.0491831,0.323629,0.451849,0.527667,0.393788,0.429286,0.266126,0.00815798,0,0
0,0,0,0,0,0.0584993,0.594527,0.794471,0.109216,0.00165553,0,0,0,0,0,0
0,0,0,0,0,0,2.59285e-005,0.121773,0.579566,0.722666,0.350021,0.0671807,0.000725997,0,0,0
0,0,0,0,0,0,0,0.615092,0.787785,0.0324913,0,0,0,0,0,0
0,0,0,0,0,0,0.0347483,0.213555,0.388722,0.557094,0.5799,0.374371,0.119357,0.0323128,0,0
0,0,0,0,0,0,0.000432561,0.109408,0.600291,0.551635,0.526979,0.2137,0.0022523,0,0,0
0,0,0,0,0,0,0.00151266,0.389213,0.666375,0.437619,0.261416,0.264418,0.178609,0.192613,0.075427,0
0,0,0,0,0,0.122535,0.422559,0.592261,0.597409,0.313948,0.0139828,2.35599e-005,0,0,0,0
0,0,0,0,0,0.115629,0.483784,0.514467,0.627856,0.270608,0.130337,0.0486186,0.0328791,0.00646971,0,0
0,0,0,0,0.0275586,0.193366,0.448405,0.716197,0.495827,0.0447293,0,0,0,0,0,0
0,0,0,0,0,0,0.0227526,0.720232,0.671129,0.173451,0.0149023,0.00525965,0,0,0,0
0,0,0,0,0,0.315194,0.784218,0.479209,0.229844,0.0561217,0.00599409,0,0,0,0,0
0,0,0,0,0.0422375,0.561749,0.333771,0.282631,0.380661,0.476165,0.311282,0.150434,0.014418,0,0,0
0,0,0,0,0,0,2.19446e-005,0.17097,0.889238,0.37003,0.198182,0.0598209,0.0150979,0.00445475,0,0
0,0,0,0,0,0.0032604,0.0492822,0.340105,0.527683,0.635276,0.351977,0.183648,0.143478,0.121533,0.0788138,0.026125
0,0,0,0,0,0,0.120731,0.311167,0.565291,0.650673,0.3469,0.137839,0.0718145,0.0313208,0.0138467,0.000488297
0,0,0,0,0,0,0.523712,0.6523,0.407015,0.286829,0.211171,0.082301,0.0294133,0.00816254,0.000394054,0
0,0,0,0,0,0,0.00662209,0.362323,0.698432,0.22896,0.493072,0.282559,0.0739384,0.00465538,0.000373426,0
0,0,0,0,0,0.202892,0.404819,0.447861,0.308762,0.34769,0.611526,0.0647352,0.000183842,0,0,0
0,0,0,0,0.00111666,0.086835,0.606758,0.58942,0.516147,0.102365,0.000617102,0,0,0,0,0
0,0,0,0,0,0,4.81766e-005,0.54837,0.779063,0.301417,0.0366142,0.0125741,0.000770825,0,0,0
0,0,0,0,0,0,0.0818681,0.805987,0.580819,0.0783113,0.0140893,0,0,0,0,0
0,0,0,0,0,0,0.00683734,0.0542004,0.178089,0.410019,0.654834,0.546669,0.262102,0.0288303,0.00119031,0
0,0,0,0,0,0,0,0.0589655,0.335088,0.651588,0.629994,0.23822,0.0770423,0.00980466,0,0
0,0,0,0,0,0.041351,0.19718,0.368814,0.369919,0.648589,0.500032,0.122442,0.0291068,0.0027465,0,0
0,0,0,0,0,0,0.156003,0.54308,0.75172,0.337164,0.0438309,0.00653372,0,0,0,0
0,0,0,0,0.0556818,0.184854,0.348079,0.369076,0.628529,0.528049,0.174047,0.0341917,0.00280373,0,0,0
0,0,0,0,0,0,0.0167956,0.344921,0.278653,0.515748,0.529583,0.459996,0.202373,0.0621403,0.0152525,0
0,0,0,0,0,0,0,0,0.0440515,0.408328,0.728673,0.48639,0.248559,0.0447688,0.00164371,0
0,0,0,0,0,5.39467e-005,0.355509,0.590644,0.595967,0.290827,0.257056,0.135262,0.0241501,0.00622185,0,0
0,0,0,0,0,0,0,0.435446,0.879246,0.191351,0.0264164,0,0,0,0,0
0,0,0,0,0.00150272,0.10137,0.223687,0.329221,0.410459,0.611146,0.471199,0.251114,0.0648921,0.00509317,0,0
0,0,0,0,0.0862232,0.172257,0.396822,0.484984,0.574341,0.414691,0.228063,0.123141,0.0345272,0.0034396,0,0
0,0,0,0.0731992,0.308354,0.276772,0.412406,0.407351,0.371332,0.372642,0.337016,0.283493,0.12545,0.0225588,0,0
0,0,0,0,0,0,0.00387829,0.111776,0.245382,0.603483,0.586706,0.443459,0.14894,0.00487454,0,0
0,0,0,0,0,0,0,0.095248,0.721188,0.319272,0.326483,0.474538,0.189827,0.0327056,0,0
0,0,0,0,0,0,0,0.0803531,0.607612,0.566781,0.515056,0.182716,0.0639619,0.018718,0,0
0,0,0,0,0,0.00984908,0.111587,0.369914,0.573887,0.601227,0.353463,0.175963,0.062363,0.0026625,0,0
0.251905,0.282199,0.282568,0.437793,0.517056,0.43649,0.339681,0.109774,0.00972874,0.00125952,0,0,0,0,0,0
0,0,0,0,0,0,0,0.00534189,0.0839745,0.63962,0.543573,0.465261,0.262963,0.0518341,0.00555556,0
0,0,0.00723926,0.0948665,0.25682,0.748904,0.589293,0.129079,0.0143546,0,0,0,0,0,0,0
0.212842,0.298255,0.448879,0.4792,0.320645,0.33999,0.450717,0.112776,0.0182766,0.00341373,0.000612721,0,0,0,0,0
0,0,0,0,0,0,0,0.016629,0.167327,0.372901,0.438402,0.634819,0.47004,0.124415,0.0303642,0.0118347
0,0,0,0,0,0,0,0.0119498,0.164415,0.615626,0.607828,0.376629,0.266933,0.105732,0.00964348,0
0,0,0,0,0,0,0,0.104524,0.650122,0.559505,0.372144,0.254928,0.165211,0.145201,0.0389018,0
0,0,0,0,0,0,0.00334151,0.0390429,0.0946565,0.228375,0.257433,0.458334,0.574192,0.557524,0.142884,0.00789456
0,0,0,0,0,0.0893681,0.779513,0.61282,0.0912767,0.0216528,0.00494443,0.000502256,0,0,0,0
0.273167,0.464852,0.549359,0.434127,0.348932,0.275239,0.120373,0.045406,0.0704358,0.00285865,0,0,0,0,0,0
0,0,0,0,0,0.0115561,0.14024,0.395269,0.405031,0.41938,0.23648,0.251192,0.324343,0.409844,0.27192,0.133792
0,0.075339,0.221775,0.366429,0.518729,0.559669,0.374663,0.212899,0.158395,0.115281,0.0499408,0.0446117,0,0,0,0
0,0,0,0,0.00339839,0.89688,0.433338,0.0877029,0.00984237,0.00365759,0.00223919,0.00247679,0,0,0,0
0,0,0,0,0.00367474,0.0864856,0.564371,0.76095,0.303514,0.0531447,0.00127126,0,0,0,0,0
0,0,0,0,0,0,0.0036226,0.0726046,0.286808,0.642497,0.608966,0.341008,0.111868,0.00378784,0,0
0,0,0,0,0,0,0,0.000853545,0.37812,0.531608,0.594645,0.436237,0.154981,0.0728902,0.031895,0.0127655
0,0,0,0,0,0,0.0558734,0.603763,0.602248,0.469787,0.206622,0.0763238,0.0149837,0.0134579,0.00482992,0
0.062318,0.163224,0.539715,0.703929,0.393957,0.160617,0.0396624,0.00958368,0.000350034,0,0,0,0,0,0,0
0,0,0,0,0.0260425,0.285084,0.666843,0.57893,0.354739,0.107508,0.027892,0.00583022,0,0,0,0
0,0,0,0,0.0107592,0.264492,0.859503,0.434854,0.0440907,0.0113227,0.00339159,0.00122097,0,0,0,0
0.000469215,0.1011,0.162223,0.455029,0.604083,0.373167,0.424421,0.251781,0.0930767,0.00710079,0,0,0,0,0,0
0,0,0,0,0,0.036272,0.230232,0.521101,0.488279,0.563456,0.325112,0.107336,0.0297846,0.0112257,0,0
0,0,0,0,0,0,0.0787821,0.758123,0.644596,0.059309,0.00466771,0,0,0,0,0
0,0,0,0,0.0193697,0.072191,0.0725277,0.305806,0.588216,0.510962,0.433651,0.285075,0.133274,0.036888,0.0105895,0
0,0,0,0.000796655,0.0153272,0.0759852,0.180302,0.795522,0.567207,0.0780161,0.026413,0.0108951,0.000291733,0,0,0
0,0,0,0,0,0,0.0372867,0.353087,0.746314,0.538999,0.142399,0.0770641,0.0144224,0.00321462,0,0
0,0,0,0,0.0532133,0.315996,0.710557,0.59298,0.201309,0.0165215,0,0,0,0,0,0
0,0,0,0,0,0,0,0.0552993,0.403538,0.705574,0.520266,0.250498,0.0530739,0.00457443,0,0
0,0,0,0,0,0,0.0902505,0.657924,0.575088,0.450713,0.155216,0.031968,0.0027668,0,0,0
