0,0,0,0.00496361,0.0720013,0.483971,0.425161,0.376268,0.440409,0.379465,0.213107,0.177038,0.121299,0.079746,0.0470384,0.015084
0,0,0,0,0,0,0,0.0555879,0.35333,0.464767,0.436717,0.345404,0.308785,0.441587,0.213401,0.100732
0,0,0,5.14835e-005,0.0843929,0.141145,0.302849,0.433445,0.543534,0.455126,0.310794,0.240199,0.175216,0.0742506,0.0170925,0.000640684
0,0,0,0,0.0488812,0.263427,0.284472,0.491854,0.6768,0.32681,0.155645,0.0816218,0.0793745,0.0454544,0.0313128,0.0165876
0,0,0,0.000130577,0.0294958,0.186966,0.349316,0.5222,0.529763,0.37209,0.251157,0.240643,0.16192,0.054876,0.0118389,0.000952725
0,0,0,0,0,0.129628,0.349055,0.479421,0.461142,0.537545,0.284632,0.162625,0.106148,0.0881348,0.0557301,0.0174124
0,0,0,0,0,0.0549554,0.226681,0.394678,0.656499,0.506133,0.246867,0.154073,0.102022,0.073576,0.0460571,0.00626178
0,0,0,0,0,0,0,0,0.0253376,0.271799,0.341167,0.34708,0.381399,0.488821,0.502062,0.228356
0,0,0,0.00194187,0.103561,0.279493,0.42109,0.618918,0.435342,0.267859,0.226823,0.167447,0.0911283,0.0395457,0.0123296,0.000578571
0,0,0,0,0,0,0.0241909,0.366103,0.36991,0.407541,0.446928,0.410935,0.367791,0.187479,0.132688,0.0763116
0,0,0,0,0,0.0228735,0.259795,0.563939,0.645373,0.34819,0.21817,0.118418,0.0990608,0.061169,0.0312042,0.00799924
0,0,0,0,0.000221087,0.0134333,0.251655,0.642886,0.449603,0.31806,0.367624,0.267339,0.0989277,0.057098,0.0146537,0.00175101
0,0,0,0,0,0.00945018,0.0452248,0.181905,0.335104,0.332812,0.26039,0.285532,0.477567,0.482581,0.292897,0.213642
0,0,0,0,0,0,0.182985,0.518484,0.64604,0.33479,0.258545,0.211752,0.208607,0.110726,0.0278586,0.000310032
0,0,0,0,0.00363818,0.171421,0.52703,0.525637,0.408489,0.300387,0.317601,0.217586,0.0931403,0.049936,0.00827844,3.49154e-005
0,0,0,0,0,0.178459,0.233617,0.312392,0.378609,0.294745,0.360195,0.482337,0.361517,0.246535,0.136478,0.115227
0,0,0,0,0,0,0,0,0.133033,0.283688,0.417101,0.549406,0.517706,0.369361,0.135659,0.0561555
0,0,0,0,0,0.0107179,0.13217,0.532425,0.52559,0.358609,0.421668,0.308642,0.129627,0.0631958,0.0152521,0.000915947
0,0,0,0,0,0.00783104,0.0248893,0.0758706,0.358901,0.425606,0.523484,0.537232,0.331779,0.101347,0.0246336,0.00190765
0,0,0,0,0,0.0452401,0.33755,0.334049,0.30382,0.364438,0.445719,0.432744,0.36382,0.166567,0.0355147,0
0,0,0,0,0,0.00864502,0.173887,0.355998,0.339883,0.335267,0.281089,0.471426,0.409862,0.31974,0.173467,0.116036
0,0,0,0,0,0,0.0015195,0.117332,0.0624315,0.0974019,0.347436,0.520483,0.544707,0.500267,0.17635,0.0562214
0,0,0,0.00174575,0.116149,0.1409,0.151293,0.18766,0.305376,0.381014,0.428166,0.408669,0.410496,0.322996,0.170578,0.133623
0,0,0,0,0,0.0853069,0.220596,0.271391,0.26677,0.261296,0.417451,0.551609,0.410013,0.253402,0.121703,0.0727519
0,0,0,0,0,0.00537989,0.0807506,0.348678,0.474967,0.49145,0.44045,0.338329,0.229903,0.183095,0.0975394,0.0200272
0,0,0,0,0,0,0.00206359,0.172709,0.297501,0.57491,0.642021,0.306765,0.162791,0.0840526,0.0919186,0.0531763
0,0,0.0231457,0.0852379,0.190017,0.493485,0.405103,0.448576,0.34125,0.220426,0.175761,0.340409,0.152317,0.106676,0.0285662,0.00544764
0,0,0,0,0,0.00244079,0.0576626,0.270248,0.408133,0.502344,0.521318,0.320794,0.278163,0.214102,0.0799457,0.020648
0,0,0,0,0,0,0,0.169472,0.356295,0.546891,0.552623,0.40016,0.21033,0.145057,0.101335,0.0646055
0,0,0,0,0,0.00430469,0.234558,0.433873,0.670313,0.401014,0.252064,0.234925,0.145531,0.0725899,0.0337998,0.0164296
0,0,0,0,0,0,0.0273378,0.294549,0.531966,0.488032,0.463456,0.278283,0.242503,0.177869,0.0901586,0.0228859
0,0,0,0,0,0.00221932,0.0850673,0.330187,0.705443,0.44752,0.231653,0.267122,0.206979,0.100542,0.0769533,0.0438442
0,0,0,0,0,0.000299726,0.0242778,0.331281,0.509168,0.414455,0.494665,0.333037,0.278729,0.143985,0.0665559,0.0134294
0,0,0,0,0,0,0,0.0289633,0.261184,0.398296,0.512578,0.478131,0.443264,0.264664,0.118317,0.0207306
0,0,0,0,0,0.00416369,0.0792532,0.51394,0.610321,0.434037,0.228727,0.200705,0.201234,0.161304,0.0934296,0.0290797
0,0,0,0,0,0,0.00227405,0.0590589,0.146363,0.187741,0.310445,0.444387,0.58299,0.498784,0.224183,0.0840355
0,0,0,0,0,0,0.0125087,0.0696791,0.172164,0.210603,0.444374,0.642061,0.393476,0.292384,0.259245,0.0613482
0,0,0,0,0,0.000164009,0.0448292,0.454131,0.564772,0.459456,0.329681,0.247403,0.256554,0.136073,0.0824858,0.0255089
0,0,0,0,0,0,0.001678,0.0746251,0.119138,0.126048,0.281309,0.615688,0.514413,0.367649,0.317813,0.0731302
0,0,0,0,0,0.0549573,0.1336,0.386385,0.600255,0.489957,0.314674,0.229548,0.238893,0.129166,0.0629179,0.00702518
0,0,0,0,0,0,0,0,0.0784838,0.200782,0.616346,0.57798,0.383142,0.221862,0.183097,0.100192
0,0,0,0,0,0,0.0673717,0.131805,0.118661,0.31712,0.370134,0.536324,0.498745,0.324583,0.267289,0.115132
0,0,0,0,0,0.0147431,0.0898387,0.217308,0.502437,0.440165,0.419302,0.458402,0.287709,0.157105,0.0698612,0.00391451
0,0,0,0,0,0.0013978,0.119211,0.255082,0.288288,0.394646,0.468559,0.544836,0.358474,0.189749,0.0308198,0.00362519
0,0,0,0,0.0572183,0.169417,0.22023,0.201997,0.327128,0.676937,0.441752,0.239099,0.209647,0.119746,0.0508503,0.0165755
0,0,0,0,0,0,0,0.00106462,0.0999851,0.458952,0.511666,0.504473,0.3922,0.305438,0.124471,0.0215313
0,0,0,0,0,0,0.0632283,0.193179,0.320509,0.311865,0.439924,0.456177,0.436331,0.3488,0.155784,0.14406
0,0,0,0,0,0,0.101073,0.236637,0.451567,0.233638,0.464726,0.471137,0.340297,0.317653,0.143624,0.00371151
0,0,0,0.00188803,0.143658,0.3533,0.303564,0.316566,0.332464,0.400712,0.498568,0.333357,0.161873,0.065635,0.0292981,0.00214771
0,0,0,0,0,0,0,0.049068,0.305729,0.402501,0.332647,0.346317,0.468107,0.429784,0.245382,0.217888
0,0,0,0,0,0.0165832,0.149513,0.170432,0.218824,0.352571,0.689996,0.465686,0.253624,0.135851,0.0199067,0
0,0,0,0,0,0,0,0.184206,0.274592,0.313098,0.486099,0.512907,0.446153,0.29059,0.098869,0.000532614
0,0,0,0,0,0,0.0203305,0.121055,0.116036,0.127888,0.0718316,0.218405,0.572333,0.628052,0.36675,0.21385
0,0,0,0,0,0,0,0.00213604,0.141513,0.370521,0.536003,0.644612,0.366495,0.0727281,0.00809231,0.0136583
0,0,0,0,0,0,0.0306227,0.108496,0.11486,0.180037,0.192333,0.662836,0.495095,0.391297,0.208594,0.153613
0,0,0,0,0,0,0.0041407,0.171182,0.370563,0.365147,0.366167,0.494706,0.413207,0.325624,0.190119,0.091115
0,0,0,0,0,0.0187623,0.0664434,0.0990214,0.226455,0.484616,0.589415,0.507696,0.279143,0.123906,0.0291723,0.0015914
0,0,0,0,0,0,0.0125135,0.0728015,0.240988,0.21829,0.597206,0.616788,0.265703,0.241693,0.139617,0.0568275
0,0,0,0,0,0.00405682,0.48628,0.370756,0.372689,0.526722,0.359346,0.226612,0.150261,0.0769212,0.0240874,0.012836
0,0,0,0,0,0,0,0.0766186,0.255858,0.277916,0.434208,0.511455,0.483438,0.374101,0.159088,0.0482983
0,0,0,0,0,0.000414405,0.0627426,0.0897054,0.17301,0.36457,0.555673,0.53408,0.440142,0.183555,0.0607764,0.00694789
0,0,0,0,0,0.000116478,0.0928521,0.242448,0.131561,0.139773,0.382843,0.608499,0.469715,0.328719,0.158856,0.15808
0,0,0,0,0,0,0,0.0432903,0.195613,0.331561,0.545687,0.524041,0.426113,0.275947,0.120849,0.0721943
0,0,0,0,0,0.0229232,0.208942,0.192322,0.0923555,0.172175,0.36387,0.65093,0.462243,0.275902,0.169399,0.0778315
0,0,0,0,0,0.0108021,0.0719317,0.0687785,0.222015,0.439633,0.54928,0.472655,0.353697,0.288096,0.113539,0.0361629
0,0,0,0,0,0,0.0308049,0.0899702,0.22241,0.458885,0.631936,0.367457,0.338853,0.269868,0.0935438,0.0121218
0,0,0,0,0,0,0,0,0.103416,0.147317,0.442319,0.423115,0.422087,0.577426,0.271825,0.08639
0,0,0,0,0,0,0,0.118834,0.428,0.171154,0.249354,0.659402,0.468174,0.212248,0.110037,0.00825979
0,0,0,0,0,0,0,0,0,0.0617499,0.386625,0.188317,0.321886,0.756573,0.362476,0.0619858
0,0,0,0,0.0043143,0.0372479,0.0339216,0.063282,0.0996242,0.20437,0.509911,0.552511,0.453908,0.367539,0.175651,0.0670693
0,0,0,0,0,0,0.0190982,0.0969363,0.398077,0.547289,0.497543,0.376021,0.302506,0.216076,0.0708654,0.00923458
0,0,0,0,0,0,0,0,0.100846,0.408003,0.509456,0.502076,0.440553,0.307158,0.140377,0.0599974
0,0,0,0,0,0,0,0,0,0.0243021,0.361089,0.644257,0.325938,0.393813,0.387175,0.206711
0,0,0,0,0.00436939,0.0238156,0.085143,0.155485,0.339516,0.407806,0.450695,0.463527,0.369669,0.315976,0.16929,0.0572102
0,0,0,0,0,0,0,0.0289387,0.142617,0.171729,0.250183,0.39227,0.651623,0.486122,0.245835,0.107254
0,0,0,0,0.0133444,0.217394,0.4081,0.355749,0.339838,0.315784,0.254827,0.388272,0.310891,0.29303,0.183828,0.110656
0,0,0,0,0,0,0,0.027275,0.174115,0.286043,0.353198,0.430567,0.421642,0.492211,0.379183,0.114669
0,0,0,0,0.0396574,0.105628,0.207434,0.233205,0.340127,0.471661,0.390992,0.412115,0.310023,0.298935,0.200589,0.0572745
0,0,0,0,0,0,0,0.025082,0.0689451,0.123263,0.410901,0.688326,0.448066,0.261344,0.169567,0.197419
0,0,0,0,0,0.00760678,0.22521,0.216231,0.463151,0.508583,0.487841,0.27519,0.179897,0.162004,0.156566,0.180171
0,0,0,0,0,0,0,0.0639603,0.0835821,0.266257,0.576012,0.584254,0.416147,0.224932,0.118458,0.0841562
0,0,0,0,0,0,0.0989807,0.236545,0.273788,0.626475,0.412004,0.429221,0.235112,0.203173,0.12729,0.0090084
0,0,0,0,0,0.00398451,0.0241414,0.250477,0.443921,0.354007,0.637957,0.31289,0.253078,0.182551,0.0923803,0.0589863
0,0,0,0,0,0,0,0.0416597,0.200015,0.386194,0.478607,0.628801,0.360114,0.194691,0.117493,0.0571453
0,0,0,0,0.0053935,0.245426,0.262254,0.355151,0.600405,0.465956,0.273386,0.230389,0.142885,0.11596,0.0710864,0.0221781
0,0,0,0,0,0,0.0121418,0.0717716,0.224588,0.334702,0.45612,0.567171,0.448679,0.278878,0.13498,0.0721266
0,0,0,0,0,0,0.0175207,0.106047,0.218456,0.376324,0.595228,0.585398,0.270809,0.153463,0.0677476,0.0252673
0,0,0,0,0,0,0.00404178,0.0449152,0.142151,0.428613,0.685126,0.456217,0.281762,0.164676,0.0836271,0.0549275
0,0,0,0,0,0.00393033,0.0680879,0.293219,0.429008,0.310121,0.521712,0.517191,0.260424,0.134177,0.0588187,0.0139606
0,0,0,0,0,0,0.0101799,0.204666,0.331026,0.452829,0.745413,0.174483,0.173344,0.15398,0.0594423,0
0,0,0,0,0,0,0.016339,0.1578,0.404553,0.340643,0.372383,0.3977,0.349243,0.337881,0.334441,0.224303
0,0,0,0,0,0.0164986,0.146672,0.464789,0.484505,0.50409,0.343981,0.27547,0.247013,0.110147,0.0740104,0.0224132
0,0,0,0,0,0,0,0.00343045,0.0997828,0.150628,0.413657,0.750476,0.400955,0.234734,0.104988,0.0782886
0,0,0,0,0,0.0872064,0.363797,0.544507,0.516956,0.358488,0.279169,0.219806,0.166418,0.10474,0.0494067,0.0210839
0,0,0,0,0,0.000102158,0.130087,0.561659,0.38766,0.289423,0.394088,0.455854,0.242218,0.10105,0.039276,0.00629453
0,0,0,0,0,0,0,0,0.0204118,0.390841,0.3621,0.491861,0.354408,0.436491,0.251495,0.30725
0,0,0,0,0,0.00527076,0.402592,0.560586,0.50235,0.406448,0.161251,0.215758,0.141025,0.116642,0.00569928,0
0,0,0,0,0,0,0.00185169,0.148045,0.2673,0.392677,0.38972,0.464266,0.476182,0.303468,0.248604,0.0660634
0,0,0,0,0,0,0.0254241,0.242878,0.305529,0.283089,0.380883,0.633422,0.404605,0.224092,0.0810166,0.00975643
0,0,0,0,0,0.0474342,0.164402,0.0452273,0.129329,0.239244,0.469198,0.588283,0.439881,0.291972,0.192809,0.112121
0,0,0,0,0,0,0.0326846,0.535564,0.481668,0.420844,0.352791,0.349264,0.194291,0.130422,0.0421372,0.00273628
0,0,0,0,0,0,0,0,0.0248739,0.0779375,0.154921,0.278558,0.423892,0.615577,0.500934,0.286632
0,0,0,0,0,0.0116227,0.0819574,0.151665,0.404613,0.518021,0.4395,0.37405,0.332898,0.290848,0.0966789,0.0159281
0,0,0,0,0,0,0.00810132,0.0813549,0.100812,0.117788,0.0920997,0.392982,0.630483,0.534894,0.312913,0.157567
0,0,0,0,0,0.0738255,0.137894,0.394523,0.43673,0.541599,0.458408,0.249916,0.211658,0.112328,0.0731775,0.0213603
0,0,0,0,0,0.0120594,0.210472,0.52264,0.457424,0.335331,0.299977,0.394089,0.315376,0.113554,0.0543429,0.0108324
0,0,0,0,0,0,0.0161467,0.0386992,0.393088,0.528778,0.382486,0.360994,0.437486,0.295611,0.0878463,0.0317413
0,0,0,0,0,0.00614148,0.0541076,0.32166,0.437069,0.456318,0.404613,0.435931,0.287825,0.207701,0.11457,0.0381852
0,0,0,0,0,0,0.0257748,0.282995,0.411101,0.452396,0.475945,0.463304,0.302025,0.101287,0.0509187,0.0183876
0,0,0,0,0,0.0233867,0.118141,0.184729,0.204022,0.141999,0.262781,0.511058,0.507497,0.430704,0.298838,0.16427
0,0,0,0,0,6.13387e-005,0.0941243,0.20527,0.335814,0.489698,0.28682,0.42543,0.45544,0.319007,0.128719,0.0861042
0,0,0,0,0,0,0.00533864,0.154232,0.583218,0.597505,0.457228,0.195929,0.134119,0.113661,0.0256306,0.00440406
0,0,0,0,0,0.0129477,0.111027,0.192389,0.203539,0.382458,0.514139,0.454584,0.374505,0.316436,0.210912,0.0832757
0,0,0,0,0,0,0,0,0.044481,0.454674,0.579948,0.425852,0.348974,0.311274,0.234088,0.0114979
0,0,0,0,0,0.0426395,0.138741,0.160094,0.27431,0.396112,0.542279,0.413863,0.399567,0.271018,0.146549,0.0349398
0,0,0,0,0,0,0.0149787,0.218877,0.722359,0.51825,0.32723,0.180743,0.118044,0.0852851,0.0227089,0.0035105
0,0,0,0,0,0,0.109851,0.358001,0.298534,0.273985,0.409743,0.510092,0.266851,0.328455,0.262692,0.139267
0,0,0,0,0,0,0.0240489,0.0865233,0.271568,0.364902,0.530232,0.551676,0.384881,0.201407,0.0903742,0.0517147
0,0,0,0,0,0,0.03876,0.289305,0.496894,0.285039,0.283356,0.382412,0.420734,0.310841,0.248631,0.157046
0,0,0,0,0,5.01848e-005,0.0327205,0.256866,0.424534,0.275515,0.205266,0.387126,0.538523,0.404209,0.17368,0.0354205
0,0,0,0,0,0.00858709,0.0889229,0.390753,0.373735,0.415213,0.394975,0.423375,0.310574,0.278552,0.130382,0.0308647
0,0,0,0,0,0,0,0.025934,0.091961,0.285728,0.447029,0.548309,0.522602,0.323107,0.154892,0.0851498
0,0,0,0,0,0,0.0514283,0.115054,0.639498,0.619656,0.282922,0.232306,0.153219,0.166469,0.0757175,0.0159531
0,0,0,0,0,0,0,0.0611725,0.526296,0.524675,0.489464,0.377347,0.212525,0.108512,0.0708416,0.0078806
0,0,0,0,0,0,0,1.75563e-005,0.0146771,0.0408359,0.249949,0.417752,0.569824,0.486941,0.334851,0.295279
0,0,0,0,0,0,0.000172072,0.136152,0.366058,0.358805,0.299759,0.466463,0.449462,0.426155,0.165233,0.0188247
0,0,0,0,0,0,0,0.0180809,0.229512,0.198525,0.201624,0.378428,0.535646,0.581908,0.297875,0.0972746
0,0,0,0,0,0,0,0.00438612,0.265043,0.624676,0.509829,0.423491,0.222278,0.186612,0.126534,0.00103882
0,0,0,0,0,0,0.00196771,0.140844,0.563665,0.647459,0.342714,0.217598,0.197769,0.168821,0.100949,0.0251368
0,0,0,0,0,0,0,0,0,0.00493947,0.191091,0.519018,0.505748,0.501329,0.378817,0.208486
0,0,0,0,0,0,0,0.0732186,0.174635,0.231576,0.343855,0.401725,0.466356,0.498559,0.366061,0.175628
0,0,0,0,0,0,0.00255805,0.148792,0.423971,0.469789,0.346917,0.410103,0.401558,0.32313,0.151542,0.0154617
0,0,0,0,0,0,0,0.0186265,0.0967981,0.140007,0.295663,0.551518,0.608843,0.411334,0.186847,0.0655365
0,0,0,0,0,0,0,0,0.00274679,0.118182,0.460986,0.584871,0.408923,0.394283,0.240867,0.225278
0,0,0,0,0,0,0.0148272,0.187724,0.175849,0.335184,0.448596,0.436236,0.478123,0.406104,0.187684,0.0313257
0,0,0,0,0,0,0.0182465,0.115195,0.22646,0.223378,0.40904,0.536855,0.483089,0.403101,0.179776,0.0387793
0,0,0,0,0,0,0,0.00516777,0.0440681,0.114108,0.431394,0.535548,0.485717,0.442253,0.279646,0.048863
0,0,0,0,0,0,0,0.00771447,0.0576445,0.25629,0.486111,0.684029,0.430427,0.173819,0.104847,0.0161058
0,0,0,0,0,0,0.00912309,0.139852,0.30167,0.530177,0.560211,0.432041,0.246037,0.158259,0.134467,0.0640942
0,0,0,0,0,0,9.09969e-006,0.0811602,0.300426,0.328854,0.217901,0.32606,0.505479,0.572234,0.22125,0.0964567
0,0,0,0,0,0.00637665,0.0158169,0.106782,0.357849,0.430502,0.513383,0.529325,0.307919,0.17224,0.0817038,0.00406921
0,0,0,0,0,0,0,0,0.0517258,0.270189,0.419528,0.63369,0.476948,0.30753,0.149492,0.0485143
0,0,0,0,0,0,0,0,0.00807743,0.288022,0.410747,0.701217,0.363692,0.272851,0.18882,0.119107
0,0,0,0,0.00145609,0.041544,0.230392,0.389526,0.438487,0.419319,0.461716,0.379874,0.206451,0.146979,0.0603252,0.0036004
0,0,0,0,0,0,0,0.0707283,0.266564,0.315578,0.17013,0.287014,0.494476,0.603006,0.295434,0.132764
0,0,4.26036e-005,0.0420071,0.139271,0.189682,0.300824,0.434631,0.383858,0.481261,0.375955,0.250435,0.232104,0.140144,0.0701361,0.0448296
0,0,0,0,0,0,0,0,0.0973547,0.28435,0.534955,0.360812,0.413906,0.453199,0.298419,0.165962
0,0,0,0,0,0,0.0445333,0.280228,0.520392,0.654822,0.348283,0.198186,0.16089,0.127171,0.0817863,0.102776
0,0,0,0,0,0.0223152,0.133829,0.302021,0.458395,0.509398,0.525142,0.287339,0.193871,0.143586,0.0611144,0.0220757
0,0,0,0,0,0,0,0.0388091,0.101322,0.344166,0.475488,0.610394,0.471184,0.205026,0.0837142,0.00696701
0,0,0,0,0,0.0134953,0.0847413,0.240549,0.472726,0.557391,0.449409,0.378571,0.208567,0.0991269,0.0429957,0.0126241
0,0,0,0,0.0153396,0.0552161,0.217842,0.50606,0.370878,0.366284,0.443154,0.40589,0.206712,0.122938,0.0492457,0.00691225
0,0,0,0,0,0,0.0603764,0.282114,0.346929,0.405985,0.539422,0.499805,0.279434,0.112144,0.0119249,0
0,0,0,0,0,0,0,0,0.00284911,0.167093,0.470528,0.5151,0.537561,0.421853,0.134462,0.0183394
0,0,0,0,0,0,0.0169841,0.0827773,0.28934,0.47319,0.644443,0.45179,0.234152,0.0975983,0.0365017,0.0112559
0,0,0,0,0,0,0,0.000230511,0.045134,0.317713,0.784958,0.505211,0.12413,0.0986586,0.0219446,0.000691532
0,0,0,0,0,0,0.0220706,0.267981,0.47231,0.523763,0.459662,0.378415,0.254943,0.102446,0.0176769,0.00196638
0,0,0,0,0,0,0,0.00912714,0.177196,0.495639,0.362727,0.608299,0.455435,0.116555,0.0159571,0.000222801
0,0,0,0,0,2.86178e-005,0.0373749,0.125794,0.366089,0.467224,0.53522,0.49775,0.289326,0.103492,0.0422399,0.00621007
0,0,0,0,0,0.0770031,0.263394,0.304361,0.280353,0.425809,0.593154,0.383198,0.23918,0.112201,0.0563456,0.0224434
0,0,0,0,0,0,0.018181,0.157551,0.352221,0.417612,0.536696,0.493562,0.329954,0.165661,0.0865073,0.0307406
0,0,0,0,0,0,0,0,0,0.0129281,0.195571,0.445903,0.652462,0.445279,0.294811,0.227732
0,0,0.00022894,0.0454827,0.129675,0.242371,0.321546,0.269424,0.320268,0.372905,0.508761,0.411538,0.228367,0.121624,0.0492984,0.084765
0,0,0,0,0,0,0,0,0,0.000273324,0.133229,0.564415,0.542856,0.480436,0.291193,0.231044
0,0,0,0,0,0,0.00676908,0.0508045,0.246107,0.433039,0.460461,0.508445,0.463555,0.23044,0.101482,0.0213626
0,0,0,0.00710578,0.07282,0.0942084,0.15762,0.197342,0.355431,0.583541,0.321977,0.324052,0.328045,0.300106,0.199076,0.0956296
0,0,0,0,0,0,0,0.109472,0.622531,0.419527,0.358334,0.316934,0.264815,0.290631,0.171664,0.107499
0,0,0,0,0,0,0.0625667,0.198938,0.21608,0.329976,0.55982,0.533869,0.395698,0.182661,0.0924123,0.0635439
0,0,0,0,0.00338741,0.0140629,0.0288649,0.0707867,0.254775,0.405771,0.613019,0.542335,0.295608,0.0758986,0.0358039,0.00632317
0,0,0,0,0,0,0.251106,0.829528,0.435287,0.179974,0.088454,0.0916449,0.0973222,0.0343953,0.00926187,0
0,0,0,0,0,0,0,0,0.0767889,0.268286,0.301137,0.263719,0.421085,0.668438,0.338542,0.152192
0,0,0,0,0,0.0407158,0.20574,0.19856,0.211781,0.31998,0.443351,0.490381,0.335583,0.378123,0.267562,0.0716374
0,0,0,0,0,0.00924372,0.255669,0.249044,0.639836,0.524021,0.377573,0.185064,0.096223,0.0475121,0.0145123,0
0,0,0,0,0,0,0.00863209,0.0852326,0.40091,0.278304,0.505534,0.477931,0.440063,0.238063,0.140463,0.0209248
0,0,0,0,0,0.00893533,0.11489,0.178448,0.178875,0.340307,0.411971,0.467577,0.52172,0.352971,0.147679,0.0116159
0,0,0,0,0,0,0,0.0221381,0.125252,0.272711,0.45599,0.58842,0.476739,0.32213,0.145617,0.0550703
0,0,0,0,0,0,0.0197678,0.127679,0.391443,0.475989,0.532979,0.469012,0.273127,0.150111,0.0483656,0.00226506
0,0,0,0.00387397,0.0502871,0.0897421,0.302259,0.516713,0.411371,0.435211,0.479836,0.178054,0.0683905,0.0648443,0.0396188,0.00411237
0,0,0,0,0,0,0.010856,0.146855,0.522566,0.325197,0.400549,0.525996,0.356957,0.177692,0.0581608,0.00055591
0,0,0,0,0.00109527,0.0150511,0.0552227,0.359054,0.573638,0.545144,0.403554,0.239069,0.100111,0.0899534,0.0579256,0.00906247
0,0,0,0,0,0,0.0622094,0.361402,0.36757,0.26178,0.295106,0.581962,0.43994,0.193294,0.0721219,0.0016469
0,0,0,0,0,0,0.00270112,0.212899,0.439091,0.533062,0.484486,0.445586,0.188749,0.0903097,0.0255895,0
0,0,0,0,0,0,0,0,0.157809,0.454614,0.53812,0.385996,0.339979,0.416854,0.201254,0
0,0,0,0,0,0.0219168,0.089643,0.32657,0.530506,0.556352,0.32379,0.312809,0.232286,0.172279,0.0851172,0.0173451
0,0,0,0,0,0,0.039582,0.141877,0.271619,0.450302,0.436441,0.347144,0.404158,0.392896,0.229036,0.143515
0,0,0,0,0,0.00432606,0.0820617,0.227368,0.539712,0.65775,0.384997,0.209586,0.141281,0.0714634,0.0202402,0
0,0,0,0.000721853,0.0440825,0.228699,0.52279,0.500096,0.457813,0.341061,0.221382,0.127966,0.13293,0.101949,0.0541291,0.00728775
0,0,0,0,0.000348856,0.0154965,0.0426247,0.335159,0.47191,0.32002,0.25998,0.240013,0.411742,0.468991,0.200014,0.0762525
0,0,0,0,0,0.000564719,0.0395794,0.131424,0.165733,0.145313,0.315784,0.624538,0.548318,0.34659,0.147654,0.0152065
0,0,0,0,0,0,0,0,0.0268897,0.125402,0.506755,0.527954,0.580146,0.314038,0.0996914,0.053734
0,0,0,0,0,0,0,0.0107931,0.296161,0.630981,0.555518,0.315211,0.262425,0.138776,0.131581,0.0252428
0,0,0,0,0,0,0.0188113,0.400455,0.608734,0.339338,0.244314,0.319346,0.410558,0.141975,0.0555823,0.00992817
0,0,0,0,0,0,0.0466584,0.289563,0.492715,0.163819,0.243808,0.497417,0.528271,0.238833,0.0371924,0.0032323
0,0,0,0,0,0,0,0.00373797,0.124643,0.255734,0.436352,0.538586,0.639642,0.164527,0.048575,0.00108401
0,0,0,0,0,0,0.0100896,0.0439287,0.0872278,0.156415,0.325489,0.606266,0.566959,0.391555,0.132648,0.00627799
0,0,0,0,0,0,0.0832029,0.0999011,0.396759,0.574935,0.53219,0.366597,0.211047,0.129978,0.122696,0.031923
0,0,0,0,0,0.00336795,0.0151704,0.0556882,0.130691,0.329019,0.666033,0.498397,0.3733,0.193891,0.0479566,0.00878594
0,0,0,0.000543107,0.00180389,0.0684218,0.303005,0.477101,0.512897,0.390077,0.331722,0.226699,0.283114,0.13503,0.0284453,0.00509163
0,0,0,0,0,0,0.060876,0.299839,0.540361,0.563482,0.444758,0.249697,0.129184,0.138634,0.028626,0.00197262
0,0,0,0,0.0109744,0.0551825,0.132664,0.216544,0.285732,0.316172,0.407976,0.512451,0.490436,0.279267,0.0560277,0.00546081
0,0,0,0,0,0,0.00876878,0.248377,0.648647,0.493772,0.363689,0.309656,0.173366,0.112573,0.051762,0.0106945
0,0,0,0,0,0,0.0949413,0.379709,0.521576,0.60164,0.294472,0.29285,0.173677,0.0978776,0.024022,0.000741073
0,0,0,0,0,0,0.000838303,0.0324319,0.108953,0.302693,0.483321,0.761664,0.267314,0.091899,0.0426618,0.000628727
0,0,0,0.0283389,0.0346161,0.041012,0.128633,0.180956,0.288889,0.441884,0.565363,0.407538,0.331229,0.259707,0.0734781,0.00492663
0,0,0,0,0,0,0,0,0.033033,0.208482,0.349992,0.377663,0.654996,0.499139,0.106574,0.0283438
0,0,0,0,0,0,0,0.000528184,0.186467,0.541844,0.201967,0.219998,0.461141,0.530861,0.261141,0.140661
0,0,0,0.000211565,0.0146728,0.0372419,0.193386,0.312015,0.435748,0.43566,0.416343,0.424926,0.308191,0.181985,0.0441584,0.0041011
0,0,0,0,0,0.00464285,0.0413518,0.112167,0.204036,0.296939,0.304886,0.569603,0.526654,0.342232,0.191483,0.0856019
0,0,0,0,0,4.63181e-005,0.0298173,0.117949,0.32711,0.481894,0.438285,0.569881,0.286466,0.201154,0.0803735,0.0115564
0,0,0,0,0,0.00483005,0.0677025,0.516252,0.607286,0.544619,0.190439,0.119523,0.0864701,0.0717139,0.0171303,0.00207733
0,0,0,0,0.000760983,0.0424021,0.259004,0.384929,0.353447,0.467726,0.403387,0.381469,0.321351,0.161451,0.0409741,0.00205747
0,0,0,0,0,0.0157196,0.0729679,0.114047,0.29497,0.722298,0.463001,0.343773,0.175684,0.0963285,0.00249574,0
0,0,0,0,0,0,0,0.0366193,0.207661,0.531637,0.346062,0.401381,0.422629,0.3501,0.263014,0.14721
0,0,0,0,0.000858407,0.0391225,0.19147,0.316863,0.319854,0.41994,0.47746,0.468567,0.344319,0.124622,0.0336209,0.00333933
0,0,0,0,0,0,0.000269743,0.129477,0.501667,0.376423,0.287532,0.359561,0.359478,0.375019,0.305259,0.121931
0,0,0,0,0,0.0502724,0.417537,0.358301,0.351524,0.277138,0.296584,0.396517,0.289927,0.290627,0.241393,0.149669
0,0,0,0,0,7.69249e-005,0.195492,0.387958,0.604168,0.600745,0.231647,0.133606,0.0979639,0.059604,0.0255519,0.00662837
0,0,0,0,0,0,0,0,0.0474343,0.40666,0.455105,0.391502,0.370281,0.4992,0.28744,0.0552476
0,0,0,0,0,0,0.356341,0.58977,0.309043,0.242067,0.372107,0.363236,0.164709,0.243849,0.118496,0.0071276
0,0,0,0,0,0,0.00335152,0.0606369,0.371736,0.511138,0.489782,0.481646,0.27326,0.212826,0.0702847,0.00932059
0,0,0,0,0,0,0,0.117298,0.127647,0.113217,0.213755,0.317505,0.499555,0.603134,0.360308,0.259771
0,0,0,0,0,0,0.0042319,0.116072,0.516685,0.429872,0.398025,0.476118,0.336052,0.171746,0.0813016,0.0246237
0,0,0,0,0,0,0,0,0.000791321,0.0326319,0.12759,0.300863,0.482599,0.645343,0.422029,0.254282
0,0,0,0,0.104436,0.15857,0.275673,0.236666,0.320771,0.248727,0.27765,0.382812,0.631216,0.209478,0.0351348,0
0,0,0,0,0,0,0,0.0119909,0.0762415,0.194057,0.518052,0.553669,0.436614,0.36874,0.21948,0.0817665
0,0,0,0,0,0,0,0.0172359,0.123726,0.210802,0.471601,0.656232,0.443265,0.263736,0.131186,0.060491
0,0,0,0,0,0.00370533,0.349088,0.386404,0.339087,0.522025,0.485825,0.193694,0.191333,0.164445,0.0638104,0.00777136
0,0,0,0,0,0,0.0116824,0.063311,0.22091,0.154773,0.13316,0.61082,0.594295,0.365508,0.18494,0.106216
0,0,0,0,0,0,0,0.00216898,0.0203568,0.0564331,0.168175,0.398782,0.6902,0.534598,0.204122,0.0724576
0,0,0,0,0,0,0,0.011914,0.0982909,0.196491,0.385988,0.617508,0.531091,0.349611,0.123844,0.0407678
0,0,0,0,0,0,0.073244,0.276563,0.254986,0.199711,0.436351,0.370889,0.424702,0.401451,0.322806,0.198862
0,0,0,0,0.00403034,0.0681024,0.132304,0.493768,0.55722,0.370946,0.418303,0.229497,0.135559,0.176095,0.0935504,0.0124786
0,0,0,0,0,0.0448849,0.208805,0.370773,0.661081,0.490244,0.193975,0.236824,0.154366,0.127136,0.0753551,0.012753
0,0,0,0,0,0,0,0.00412983,0.0493602,0.168881,0.377111,0.602146,0.614848,0.277186,0.0922451,0.0292261
0,0,0,0,0,0,0.0148944,0.221786,0.282266,0.424974,0.523869,0.334958,0.300658,0.378328,0.227975,0.134825
0,0,0,0,0,0,0,0.0911651,0.43328,0.461048,0.37614,0.377226,0.453499,0.271272,0.157561,0.0594667
0,0,0,0,0,0,0.000284485,0.034334,0.115224,0.339051,0.515361,0.634952,0.39365,0.200163,0.0806349,0.0173203
0,0,0,0,0,0,0,0.136543,0.269399,0.643443,0.268843,0.29126,0.337995,0.415284,0.191855,0.118924
0,0,0,0,0,0,0,0.045901,0.171174,0.290422,0.530305,0.611743,0.415096,0.221469,0.0839045,0.0200091
0,0,0,0,0,0,0,0.0269955,0.267186,0.287927,0.467716,0.664089,0.384174,0.183725,0.0606063,0.0137895
0,0,0,0,0,0,0.0188843,0.0630592,0.179427,0.313348,0.453546,0.660564,0.422953,0.196305,0.0752733,0.0120557
0,0,0,0,0,0,0.00857606,0.233577,0.417263,0.410031,0.512661,0.476986,0.302366,0.138985,0.044742,0.00730578
0,0,0,0,0,0.0172514,0.132276,0.328879,0.341468,0.305445,0.633848,0.381959,0.299039,0.147993,0.0700038,0.0162533
0,0,0,0,0,0,0,0,0.238135,0.487958,0.298947,0.157593,0.65572,0.354244,0.172265,0.0764948
0,0,0,0,0,0,0,0,0.000930704,0.174827,0.427862,0.505838,0.544433,0.373852,0.294015,0.0887659
0,0,0,0,0,0,0,0,0.00987685,0.111417,0.178971,0.552335,0.644511,0.419452,0.236334,0.0565356
0,0,0,0,0,0,0.145565,0.328124,0.354878,0.447563,0.520572,0.398874,0.275754,0.186667,0.0593973,0.0196346
0,0,0,0,0,0.00386619,0.250287,0.42337,0.439693,0.381353,0.489196,0.322805,0.234135,0.136875,0.0472268,0.00631331
0,0,0,0,0,0,0,0,0.0434425,0.297663,0.593506,0.652846,0.313007,0.162152,0.0823573,0.00176158
0,0,0,0,0,0,0,0.00452773,0.0497356,0.103263,0.168276,0.461551,0.725465,0.402093,0.2319,0.061166
0,0,0,0,0,0.012578,0.182582,0.427473,0.384855,0.340614,0.394196,0.43415,0.339145,0.226597,0.0967001,0.00699134
0,0,0,0,0,0,0.00729643,0.0146317,0.0534127,0.16051,0.477777,0.669667,0.417307,0.27667,0.19782,0.0675836
0,0,0,0,0,0.0210465,0.3598,0.499979,0.491672,0.184716,0.300099,0.230849,0.263123,0.30737,0.149811,0.121473
0,0,0,0,0,0,0.0792825,0.391508,0.476085,0.21456,0.201656,0.276767,0.302828,0.457702,0.304753,0.237504
0,0,0,0,0,0,0.0102876,0.253077,0.335724,0.305173,0.344401,0.605704,0.451468,0.194988,0.051412,0.0054642
0,0,0,0,0,0,0,0,0,0,0.104876,0.371554,0.443209,0.598636,0.451317,0.304076
0,0,0,0,0,0.000169989,0.0590239,0.297613,0.247296,0.250394,0.353917,0.329816,0.360131,0.489549,0.391768,0.164984
0,0,0,0,0,0,0,0.00946424,0.202782,0.381409,0.443441,0.470085,0.50897,0.36425,0.0627109,0.00606946
0,0,0,0,0,0,0,0,0,0,0.00970536,0.283193,0.616772,0.602167,0.371804,0.196103
0,0,0,0,0,0,0.0995286,0.385606,0.531306,0.3995,0.2434,0.383615,0.380109,0.196309,0.0970399,0.0259805
0,0,0,0.0762643,0.0925152,0.0916018,0.253398,0.345824,0.389163,0.289063,0.535677,0.450246,0.23972,0.0952218,0.046213,0.00924483
0,0.0015799,0.00996188,0.016395,0.0218253,0.0396583,0.0660814,0.0977551,0.170818,0.36508,0.628024,0.582311,0.290134,0.0566777,0.0174262,0.000633852
0,0,0,0,0,0,0,0,0.0158995,0.0702544,0.0973343,0.320695,0.732484,0.566923,0.147776,0.0521578
0,0,0,0,0,0,0.178762,0.279847,0.237429,0.160011,0.21146,0.371903,0.527974,0.496656,0.312661,0.0393126
0,0,0,0,0,0,0,0,0.176451,0.442272,0.337511,0.319236,0.294002,0.489575,0.369328,0.308077
0,0,0,0,0,0,0,0.0331068,0.32627,0.470355,0.479128,0.332528,0.428253,0.345965,0.156711,0.0585566
0,0,0,0,0,0,0,0.000657008,0.0320169,0.243779,0.304646,0.39801,0.541718,0.537148,0.290574,0.148003
0,0,0,0,0,0,0,0,0,0.0159336,0.252477,0.423454,0.672823,0.389359,0.321403,0.22158
0,0,0,0,0,0.000104129,0.0546416,0.311762,0.529625,0.275655,0.231947,0.375462,0.516843,0.277477,0.0601083,0.0287395
0,0,0,0,0,0,0,0.0898307,0.236308,0.203246,0.463293,0.383447,0.397962,0.422538,0.36102,0.256631
0,0,0,0,0,0,0,0.0154739,0.336939,0.32839,0.406333,0.2456,0.171455,0.482294,0.439573,0.31263
0,0,0,0,0,0,0,0.0879882,0.272418,0.233898,0.459969,0.487505,0.49178,0.343905,0.209864,0.0997224
0,0,0,0,0,0,0,0,0.000526823,0.0460795,0.412971,0.517797,0.450527,0.515397,0.252957,0.163163
0,0,0,0,0,0,0,0.0233472,0.313679,0.340723,0.385811,0.276601,0.214349,0.527545,0.413912,0.253056
0,0,0,0,0,0,0,0,0.00478449,0.122541,0.437966,0.519403,0.506995,0.463032,0.190878,0.124457
0,0,0,0,0,0,0,0.0595858,0.239964,0.162083,0.441643,0.610546,0.455216,0.303341,0.186831,0.103142
0,0,0,0,0,0,0.0573638,0.200505,0.423907,0.393467,0.447025,0.474409,0.367782,0.219907,0.110803,0.0346166
0,0,0,0,0,0,0.0183356,0.0740277,0.225217,0.432701,0.555596,0.512512,0.372742,0.170667,0.0986488,0.0841411
0,0,0,0,0,0,0,0,0.0204126,0.20256,0.141625,0.398661,0.605329,0.466613,0.392875,0.20264
0,0,0,0,0,0,0.00104027,0.223723,0.400771,0.380457,0.515934,0.445849,0.330766,0.234561,0.119147,0.0314904
0,0,0,0,0,0,0,0.0566952,0.171186,0.525676,0.657183,0.42978,0.244408,0.104367,0.0501434,0.0374491
0,0,0,0,0,0,0,0,0.000459617,0.121952,0.340729,0.414712,0.489614,0.567565,0.359451,0.0773841
0,0,0,0,0,0,0.0553631,0.154641,0.311983,0.629449,0.559628,0.343887,0.194528,0.0823718,0.0545154,0.0210009
0,0,0,0,0,0,0.0379765,0.168412,0.286881,0.565979,0.458729,0.476092,0.353232,0.0747228,0.0104148,0.000916982
0,0,0,0,0,0,0.0360947,0.1872,0.268775,0.388432,0.487631,0.451815,0.418287,0.319254,0.14561,0.02288
0,0,0,0,0,0,0,0.0252204,0.110515,0.482001,0.730213,0.396965,0.199119,0.12297,0.0794079,0.05438
0,0,0,0,0,1.7705e-005,0.0587923,0.282229,0.509903,0.388305,0.481894,0.398462,0.268927,0.193008,0.0737884,0.00976724
0,0,0,0,0,0,0,0.0678437,0.113101,0.224626,0.324081,0.503647,0.597553,0.443546,0.139745,0.0113323
0,0,0,0,0,0,0.0124052,0.147564,0.520917,0.439665,0.376631,0.421234,0.351039,0.219221,0.149064,0.0248356
0,0,0,0,0,0,0.00887354,0.0914774,0.170819,0.250308,0.427475,0.64999,0.453384,0.288064,0.0758739,0.0142104
0,0,0,0,0,0,0.00562338,0.122562,0.290534,0.58819,0.638303,0.342644,0.150991,0.0701048,0.0428285,0.0136737
0,0,0,0,0,0,0,0,0.062993,0.179446,0.321883,0.447724,0.599205,0.482226,0.244908,0.0905399
0,0,0,0,0,0,0.0262372,0.140484,0.215284,0.503353,0.553177,0.468943,0.358307,0.156436,0.0330846,0.000979656
0,0,0,0,0,0,0,0.00659686,0.0558089,0.325691,0.556225,0.623139,0.346756,0.237738,0.123945,0.0309385
0,0,0,0,0,0,0,0,0.112321,0.474583,0.491643,0.590447,0.283187,0.270194,0.131248,0.0372702
0,0,0,0,0,0,0.237395,0.166291,0.123694,0.253751,0.58959,0.604009,0.338525,0.0950547,0.0149472,0
0,0,0,0,0,0.00352324,0.174386,0.218554,0.216327,0.401198,0.575472,0.48026,0.329888,0.197217,0.0664342,0.0101187
0,0,0,0,0,0,0,0.0237755,0.183486,0.312808,0.575543,0.62241,0.328296,0.183408,0.0808913,0.0362529
0,0,0,0,0,0.00262777,0.0749478,0.255245,0.176822,0.368405,0.491142,0.541447,0.379769,0.263975,0.109983,0.0429975
0,0,0,0,0,0,0.0120573,0.255856,0.295404,0.299128,0.22724,0.362362,0.691472,0.298137,0.083624,0.0263653
0,0,0,0,0,0,0.000433462,0.0926821,0.0979822,0.175533,0.305295,0.674526,0.540015,0.30364,0.10411,0.0902981
0,0,0,0,0,0,0.0588588,0.143219,0.153018,0.095479,0.136144,0.312769,0.699475,0.545113,0.194257,0.054631
0,0,0,0,0,0,0,0.0113253,0.0425645,0.178382,0.437132,0.576544,0.587552,0.28177,0.128405,0.0406485
0,0,0,0,0,0,0.0698649,0.280242,0.43132,0.529179,0.363442,0.447846,0.32413,0.11309,0.00310042,0
0,0,0,0,0,0,0.0237224,0.0345303,0.0807985,0.176229,0.586323,0.699327,0.334448,0.123888,0.0249655,0
0,0,0,0,0,0,0.0185082,0.0974118,0.296596,0.448488,0.326515,0.450924,0.495872,0.352445,0.130068,0.0639439
0,0,0,0,0,0,0.0261422,0.107311,0.171912,0.211502,0.247961,0.319153,0.44063,0.559716,0.442026,0.217591
0,0,0,0,0,0,0,0.0675215,0.0909736,0.206298,0.307944,0.375729,0.58339,0.558404,0.222074,0.084429
0,0,0,0,0,0,0,0.120028,0.409696,0.270765,0.406418,0.678489,0.341697,0.046138,0.00448563,0
0,0,0,0,0,0,0.04024,0.221152,0.445429,0.481624,0.433461,0.405174,0.391061,0.117441,0.0181433,6.12948e-005
0,0,0,0,0,0,0.0161161,0.12773,0.164511,0.353208,0.375145,0.425229,0.546625,0.391383,0.196694,0.139224
0,0,0,0,0,0,0,0,0.0476259,0.122457,0.276353,0.355112,0.461949,0.629413,0.393513,0.125901
0,0,0,0,0,0.00610756,0.0537646,0.140203,0.293664,0.425266,0.618457,0.516079,0.239423,0.0604842,0.0226025,0.00237402
0,0,0,0,0,0.00866669,0.0924106,0.201541,0.0997078,0.282383,0.410421,0.494328,0.514789,0.383133,0.177504,0.070519
0,0,0,0,0,0,6.81341e-005,0.204964,0.445035,0.270509,0.315614,0.55209,0.40688,0.319055,0.119643,0.0260953
0,0,0,0,0,0,0,0,0.00847205,0.0937086,0.260277,0.431977,0.723269,0.437004,0.140232,0.0551625
0,0,0,0,0,0.00260802,0.071242,0.157344,0.337841,0.283148,0.374879,0.522429,0.475015,0.294462,0.194025,0.111319
0,0,0,0,0,0,0,0,0,0.0517289,0.315284,0.630981,0.485499,0.396166,0.299169,0.132753
0,0,0,0,0,0,0,0,0.0845686,0.355074,0.851388,0.359939,0.11068,0.0100342,0.00163436,0
0,0,0,0,0,0,0,0,0,0.016461,0.426107,0.75396,0.436787,0.219518,0.0977694,0.0342891
0,0,0,0,0,0,0.0806495,0.310817,0.331748,0.254855,0.267149,0.628864,0.339128,0.328935,0.175645,0.0313729
0,0,0,0,0,0,0,0.0483041,0.176574,0.161977,0.253156,0.430929,0.411819,0.625979,0.329314,0.143431
0,0,0,0,0,0,0,0.0817333,0.575872,0.651263,0.426462,0.216285,0.093871,0.009299,0,0
0,0,0,0,0,0,0,0,0.000876123,0.125936,0.456172,0.723202,0.449639,0.21062,0.0801527,0.0080353
0,0,0,0,0,0,0,0,0,0.179672,0.618013,0.261049,0.514206,0.439025,0.233766,0.0763828
0,0,0,0,0,0,0,0,0.0257937,0.247532,0.43896,0.508133,0.615289,0.309909,0.109929,0.0216618
0,0,0,0,0,0,0.0973497,0.108783,0.11542,0.350005,0.243599,0.47416,0.677123,0.30466,0.0843327,0.0164426
0,0,0,0,0,0,0,0,0.0194652,0.093756,0.699125,0.615766,0.286914,0.173222,0.0969941,0.0339765
0,0,0,0,0,0,0.00172243,0.133195,0.283157,0.352604,0.291091,0.449115,0.581743,0.353868,0.162807,0.0340089
0,0,0,0,0,0,0,0,0,0.0961497,0.40627,0.46432,0.590073,0.485212,0.148043,0.0676221
0,0,0,0,0,0,0,0,0.129279,0.400082,0.71386,0.490328,0.253646,0.0933804,0.0121815,0
0,0,0,0,0,0,0.035351,0.182249,0.175302,0.221501,0.457891,0.630188,0.403531,0.327594,0.0934931,0.00670794
0,0,0,0,0,0,0,0.274963,0.637089,0.468547,0.27462,0.252969,0.322962,0.212902,0.0974921,0.020749
0,0,0,0,0,0,0,0,0,0.0110962,0.235685,0.699456,0.602231,0.252248,0.16042,0.05518
0,0,0,0,0,0,0,0,0.005919,0.206139,0.499029,0.575055,0.537165,0.26397,0.103315,0.0940902
0,0,0,0,0,0,0.0400305,0.101072,0.13026,0.528583,0.605305,0.458899,0.276011,0.18469,0.066961,0.00743695
0,0,0,0,0,0,0,0,0,0.130103,0.294124,0.569483,0.572008,0.466028,0.165981,0.0181226
0,0,0,0,0,0.00982492,0.195916,0.366172,0.439483,0.454421,0.429428,0.368817,0.286973,0.152911,0.0399001,0.00577366
0,0,0,0,0,0,0.0071146,0.0118849,0.254994,0.670172,0.496809,0.363463,0.279557,0.156638,0.0616987,0.0153955
0,0,0,0,0,0.000824216,0.161649,0.168287,0.293583,0.448256,0.461958,0.467654,0.344434,0.302237,0.125722,0.0230192
0,0,0,0,0,0,0,0,0,0.0380852,0.334899,0.548148,0.423973,0.522001,0.326454,0.164668
0,0,0,0,0,0,0.0098358,0.252277,0.36167,0.347854,0.426013,0.486169,0.401443,0.312491,0.085712,0.0212231
0,0,0,0,0,0,0,0.0473003,0.365296,0.665746,0.403469,0.344792,0.32905,0.172209,0.0387883,0.000447998
0,0,0,0,0,0.00391,0.063596,0.0822624,0.2515,0.43981,0.551473,0.491797,0.33947,0.252424,0.0864263,0.00863248
0,0,0,0,0,0,0.0715308,0.301898,0.250568,0.187487,0.226152,0.41423,0.622318,0.407287,0.1662,0.0478398
0,0,0,0,0,0,0,0,0.0329598,0.0347021,0.0342665,0.210512,0.522952,0.785831,0.240277,0.0589742
0,0,0,0,0,0,0,0,0.0495116,0.34898,0.303954,0.434165,0.319078,0.591775,0.333299,0.178263
0,0,0,0,0,0,0,0,0.148342,0.290668,0.322765,0.45313,0.335485,0.536473,0.3972,0.160878
0,0,0,0,0,0,0,0.0626398,0.389019,0.675225,0.449688,0.325904,0.237909,0.149907,0.0361448,0
0,0,0,0,0,0,0.042731,0.086795,0.244856,0.234192,0.696162,0.503188,0.278184,0.193875,0.142749,0.0514861
0,0,0,0,0,0,0,0,0.0655577,0.137657,0.364561,0.556273,0.512876,0.476268,0.203488,0.0559353
0,0,0,0,0,0,0,0,0,0.0269565,0.280886,0.325099,0.392037,0.587244,0.505798,0.245576
0,0,0,0,0,0,0,0.0058442,0.157683,0.109661,0.0882419,0.235091,0.57524,0.560602,0.496123,0.0933142
0,0,0,0,0,0.0045658,0.190785,0.242376,0.22819,0.315667,0.589778,0.594118,0.196405,0.103822,0.0534474,0.0095957
0,0,0,0,0,0.0100676,0.114783,0.157901,0.142308,0.247688,0.397223,0.439054,0.461571,0.473022,0.288011,0.0994334
0,0,0,0,0,0,0,0,0,0.00808904,0.0602357,0.313921,0.328482,0.531528,0.54037,0.464045
0,0,0,0,0,0,0,0,0,0.00485555,0.161951,0.300684,0.625067,0.623408,0.288615,0.143848
0,0,0,0,0,0,0,0,0.0472525,0.080584,0.231427,0.351044,0.464688,0.554599,0.499319,0.204079
0,0,0,0,0,0.0196184,0.119342,0.199654,0.358453,0.517153,0.633634,0.324915,0.169612,0.0908948,0.0710573,0.0208483
0,0,0,0,0,0,0,0.0526903,0.285003,0.283112,0.41329,0.375374,0.369284,0.431378,0.405242,0.193527
0,0,0,0,0,0,0,0,0,0.0838856,0.265197,0.464059,0.59468,0.506243,0.281411,0.134774
0,0,0,0,0,0,0,0,0.0256607,0.194367,0.230304,0.609972,0.625267,0.338668,0.165391,0.058715
0,0,0,0,0,0,0.0260416,0.339377,0.605028,0.476979,0.362612,0.275339,0.210654,0.183209,0.0726466,0.00769104
0,0,0,0,0,0,0,0.0174179,0.116237,0.292205,0.692326,0.461049,0.374188,0.240522,0.102455,0.0235506
0,0,0,0,0,0,0.106618,0.280918,0.136135,0.429147,0.589042,0.455304,0.331369,0.183547,0.0927689,0.0253862
0,0,0,0,0,0,0,0,0.163511,0.346069,0.395528,0.272616,0.423249,0.483019,0.422012,0.179435
0,0,0,0,0,0,0,0.00590527,0.141891,0.222096,0.437052,0.701307,0.476475,0.142179,0.0203084,0.00189298
0,0,0,0,0,0,0,0,0.0300367,0.129379,0.409039,0.650047,0.547118,0.277475,0.123173,0.0313396
0,0,0,0,0,0,0,0,0.000243546,0.0761082,0.425191,0.391541,0.276019,0.404165,0.567138,0.31454
0,0,0,0,0,0,0,0,0.035687,0.0707318,0.530671,0.698934,0.384538,0.235628,0.138669,0.031365
0,0,0,0,0,0,0,0.000526475,0.165888,0.475726,0.610169,0.488425,0.279112,0.21067,0.113096,0.0149966
0,0,0,0,0,0,0,0.0699102,0.0995734,0.40909,0.174899,0.152599,0.309835,0.59337,0.359108,0.432346
0,0,0,0,0,0,0.0521644,0.360122,0.488941,0.403251,0.43089,0.455993,0.230061,0.129344,0.0509924,0.00793312
0,0,0,0,0,0,0,0.00729952,0.148224,0.4308,0.609489,0.542399,0.317508,0.145763,0.0677304,0.00835247
0,0,0,0,0,0,0.00889282,0.0863906,0.365177,0.612953,0.546131,0.326954,0.217474,0.156344,0.079281,0.0144937
0,0,0,0,0,0,0,0,0,0,0.0408507,0.328623,0.755102,0.503819,0.2488,0.0665162
0,0,0,0,0,0,0,0,0.128555,0.548441,0.710202,0.330205,0.205744,0.119808,0.0990581,0.0525907
0,0,0,0,0,0,0.00302596,0.103655,0.261724,0.476849,0.542105,0.545361,0.271282,0.153666,0.0690648,0.0093909
0,0,0,0,0,0,0.0169482,0.0654532,0.121019,0.136978,0.319328,0.324188,0.485635,0.538345,0.43142,0.207779
0,0,0,0,0,0,0.004461,0.102221,0.329274,0.638335,0.45024,0.302584,0.346537,0.222362,0.0916338,0.0378879
0,0,0,0,0,0,0.0908209,0.305648,0.464805,0.477402,0.474213,0.398662,0.225528,0.118424,0.0704153,0.0268174
0,0,0,0,0,0,0,0,0,0.00523736,0.288322,0.69454,0.543437,0.361288,0.0888568,0.0266102
0,0,0,0,0,0,0,0,0,0.0250941,0.132202,0.607862,0.602117,0.48077,0.136467,0.00948076
0,0,0,0,0,0,0,0,0.1062,0.427274,0.556016,0.481973,0.402428,0.297618,0.116519,0.0245984
0,0,0,0,0,0,0,0.00612165,0.336546,0.406054,0.187313,0.4115,0.612695,0.31124,0.192085,0.0907643
0,0,0,0,0,0,0,0,0,0.120095,0.259532,0.226092,0.207466,0.355282,0.617951,0.562113
0,0,0,0,0,0,0.0237702,0.0909457,0.311217,0.350501,0.490822,0.517933,0.477157,0.167843,0.0789373,0.0146784
0,0,0,0,0,0,0,0,0.0570479,0.510517,0.354402,0.404856,0.456383,0.335847,0.294134,0.197521
0,0,0,0,0,0,0,0,0,0.0289696,0.210029,0.165697,0.203226,0.700756,0.387139,0.495335
0,0,0,0,0,0,0,0,0.285053,0.214624,0.415814,0.311005,0.235903,0.472974,0.446939,0.352061
0,0,0,0,0,0,0,0.032681,0.317705,0.324083,0.400353,0.473809,0.503455,0.385046,0.080229,0.00492634
0,0,0,0,0,0,0,0,0,0,0.120897,0.547638,0.754471,0.323965,0.106127,0.00579248
0,0,0,0,0,0,0,0,0.125501,0.285188,0.294963,0.613115,0.467093,0.412858,0.217513,0.0637602
0,0,0,0,0,0,0.00771419,0.068468,0.126011,0.301555,0.416068,0.522609,0.63439,0.168217,0.101189,0.0349168
0,0,0,0,0,0,0,0,0.0140428,0.245434,0.375054,0.665378,0.522662,0.277386,0.0747111,0.0216954
0,0,0,0,0,0,0,0,0,0.114427,0.363285,0.367977,0.652079,0.504809,0.188808,0.0619417
0,0,0,0,0,0,0.00889098,0.310351,0.455703,0.482653,0.253036,0.467015,0.321941,0.253671,0.11209,0.0171866
0,0,0,0,0,0,0.00137384,0.155898,0.219225,0.233749,0.392176,0.497503,0.644308,0.206315,0.0857013,0.0814925
0,0,0,0,0,0,0,0,0.148589,0.328957,0.272775,0.209783,0.404528,0.540868,0.513203,0.178145
0,0,0,0,0,0,0,0.0061698,0.431886,0.557086,0.425454,0.36818,0.354181,0.231018,0.0843109,0.0245337
0,0,0,0,0,0,0,0,0,0.0197135,0.198407,0.706646,0.64667,0.19307,0.041459,0.0610016
0,0,0,0,0,0,0,0,0.332096,0.476747,0.435726,0.573946,0.358516,0.113712,0.0408472,0.00451926
0,0,0,0,0,0,0,0,0.43278,0.524111,0.565755,0.395834,0.210518,0.117425,0.0523166,0.0200432
0,0,0,0,0,0,0.000248053,0.148286,0.529964,0.567643,0.477724,0.306395,0.196185,0.10386,0.0421689,0.0421689
0,0,0,0,0,0,0,0.00102993,0.0132292,0.097044,0.32068,0.386027,0.586029,0.574628,0.234593,0.099459
0,0,0,0,0,0,0.0351899,0.236183,0.525369,0.3975,0.253617,0.400132,0.475073,0.224352,0.092073,0.00518668
0,0,0,0,0,0,0.00670052,0.39178,0.535841,0.351806,0.527108,0.355271,0.145779,0.0848446,0.0545205,0.00939218
0,0,0,0,0,0,0,0,0,0.118459,0.541544,0.643374,0.36086,0.286583,0.203416,0.15824
0,0,0,0,0,0,0.000194001,0.229374,0.161711,0.0955563,0.12235,0.201826,0.305681,0.378582,0.531002,0.581098
0,0,0,0,0,0.0107685,0.10128,0.222143,0.441746,0.766732,0.33037,0.183954,0.0950707,0.0537772,0.0457225,0.0160658
0,0,0,0,0,0,0.0246531,0.0374469,0.0318718,0.0891539,0.0412012,0.103011,0.305328,0.538227,0.644509,0.422389
0,0,0,0,0,0,0,0,0.021556,0.292237,0.58042,0.58119,0.434661,0.204884,0.0919208,0.0103161
0,0,0,0,0,0,0,0.0207834,0.0380244,0.0603435,0.126952,0.371021,0.65008,0.530486,0.335738,0.15482
0,0,0,0,0,0,0,0.0353668,0.224929,0.221777,0.411578,0.531744,0.489237,0.356009,0.213968,0.186936
0,0,0,0,0,0.00202281,0.220911,0.486729,0.578766,0.403106,0.283537,0.30152,0.204951,0.0553643,0.0211384,8.09124e-005
0,0,0,0,0,0,0,0,0.0297387,0.242838,0.242441,0.295121,0.502725,0.385923,0.4373,0.448743
0,0,0,0,0,0,0,0.420575,0.492091,0.492464,0.390824,0.34282,0.23117,0.120357,0.0157372,0
0,0,0,0,0,0,0,0.0129816,0.0803485,0.130716,0.324233,0.557308,0.575068,0.401631,0.235821,0.113781
0,0,0,0,0.000757284,0.0388286,0.0326106,0.170768,0.244751,0.221654,0.412034,0.534607,0.494838,0.344742,0.194734,0.0449874
0,0,0,0,0,0.000874026,0.151206,0.598981,0.436549,0.393448,0.430075,0.254068,0.134272,0.06913,0.0255653,0.0020485
0,0,0,0,0,0,0.131556,0.644018,0.440124,0.374266,0.325666,0.21942,0.238507,0.145639,0.0430179,0
0,0,0,0,0,0,0.0171995,0.223251,0.503022,0.499992,0.61483,0.231179,0.105999,0.0624421,0.0156504,0.000865669
0,0,0,0,0,0.00867101,0.0704529,0.160953,0.215409,0.255538,0.356765,0.593742,0.479963,0.305556,0.230095,0.0295068
0,0,0,0,0,0,0,0,0.33051,0.292109,0.334387,0.371255,0.451122,0.499935,0.304143,0.0992027
0,0,0,0,0,0,0,0,0.133569,0.753521,0.536002,0.322778,0.085303,0.0938942,0.0795192,0.0215794
0,0,0,0,0,0,0,0,0.0911326,0.544343,0.643505,0.436598,0.269166,0.118979,0.0635634,0.00470694
0,0,0,0.000289052,0.0169184,0.0156383,0.0467438,0.134975,0.284545,0.398933,0.486645,0.508843,0.380192,0.284521,0.131672,0.0192898
0,0,0,0,0,0,0,0,0,0.0044357,0.245788,0.414013,0.646783,0.568641,0.157737,0.0400042
0,0,0,0,0.00432594,0.0101231,0.0136659,0.0282394,0.0997088,0.210997,0.373707,0.59512,0.549643,0.357567,0.141753,0.0235035
0,0,0,0,0,0,0.0449786,0.289643,0.436873,0.429152,0.479434,0.449374,0.273001,0.147661,0.103788,0.0124253
0,0,0,0,0,0,0,0,0.155058,0.469453,0.582498,0.510765,0.331822,0.212631,0.00832473,0
0,0,0,0,0,0,0,0,0,0.0133278,0.0343889,0.335553,0.392977,0.668747,0.452266,0.282571
0,0,0,0,0,0,0,0,0.193214,0.152648,0.244881,0.434053,0.353535,0.574782,0.48393,0.0380596
0,0,0,0,0,0,0.0603722,0.23316,0.215073,0.237645,0.289047,0.333945,0.474846,0.569322,0.275002,0.137698
0,0,0,0,0.010875,0.111279,0.096383,0.259183,0.441831,0.533717,0.419108,0.419086,0.279549,0.0387651,0.00540506,0
0,0,0,0,0,0.000149048,0.00600577,0.0131075,0.0953909,0.21242,0.390884,0.393593,0.498725,0.529578,0.325373,0.0530963
0,0,0,0,0,0,0.00452485,0.0185176,0.0719794,0.218619,0.491546,0.430515,0.4968,0.424403,0.295799,0.0726335
0,0,0,0,0,0,0,0.0362404,0.489077,0.541832,0.382892,0.384808,0.311405,0.234117,0.122877,0.0658997
0,0,0,0,0,0.000495357,0.0959046,0.212314,0.466096,0.474729,0.449873,0.427458,0.335887,0.0720037,0.00146838,0
0,0,0,0,0,0,0.0388027,0.11488,0.131147,0.21168,0.322907,0.628641,0.522516,0.334408,0.175156,0.091101
0,0,0,0,0,0,0,0,0.04363,0.151642,0.240899,0.408008,0.673288,0.502315,0.203247,0.0604361
0,0,0,0,0,0,0.00352544,0.118884,0.189785,0.390079,0.328706,0.453643,0.619479,0.305962,0.0797959,0.0099822
0,0,0,0,0.0120797,0.0415597,0.282625,0.558233,0.418488,0.367237,0.319176,0.403735,0.177219,0.0186625,0,0
0,0,0,0,0,0,0,0.00909322,0.201493,0.518714,0.306926,0.264424,0.458066,0.446009,0.320827,0.120215
0,0,0,0,0,0,0,0,0.0131643,0.125095,0.0912606,0.221672,0.471407,0.719019,0.394132,0.179327
0,0,0,0,0,0,0.053941,0.307769,0.527716,0.269886,0.24159,0.352783,0.492305,0.317832,0.153094,0.037487
0,0,0,0,0,0,0,0,0,0.16317,0.427936,0.195401,0.465529,0.574249,0.376274,0.252989
0,0,0,0,0,0,0,0.0504585,0.271319,0.311544,0.15893,0.445612,0.647951,0.392778,0.167471,0.0280971
0,0,0,0,0,0.0340797,0.327157,0.33837,0.511563,0.392559,0.385758,0.37392,0.190103,0.177016,0.0727915,0.0106981
0,0,0,0,0,0,0,0,0.458298,0.400415,0.213028,0.126421,0.388082,0.61696,0.188469,0.0387324
0,0,0,0,0,0,0,0.0356565,0.215433,0.523824,0.573044,0.518147,0.241499,0.145972,0.0378225,0.00304731
0,0,0,0,0,0,0,0.0214263,0.186949,0.160971,0.222751,0.210635,0.482262,0.625161,0.41877,0.214297
0,0,0,0,0,0,0,0.0628915,0.330725,0.190163,0.339344,0.45187,0.50237,0.52158,0.0821016,0
0,0,0,0,0,0,0,0,0,0.00093287,0.119089,0.211579,0.26423,0.852347,0.377107,0.050284
0,0,0,0,0,0,0,0.0186727,0.151409,0.320561,0.700884,0.556724,0.247444,0.0966547,0.0469561,0.00355331
0,0,0,0,0,0,0,0,0,0,0.0199288,0.797509,0.345584,0.374161,0.292365,0.136673
0,0,0,0,0,0,0,0,0.103614,0.35595,0.617125,0.385063,0.287622,0.426593,0.260053,0.0333221
0,0,0,0.0073605,0.147178,0.153086,0.0763534,0.128477,0.150148,0.42116,0.646555,0.44321,0.313785,0.130752,0.0506706,0
0,0,0,0,0.000740308,0.0158092,0.0249078,0.0413139,0.0863294,0.25457,0.317114,0.546132,0.549667,0.417677,0.206737,0.0837503
0,0,0,0,0,0.00299898,0.0446055,0.122994,0.343283,0.609624,0.46035,0.455004,0.253823,0.0968328,0.0244779,0.00605724
0,0,0,0,0,0,0,0,0.000571371,0.0573657,0.439091,0.330024,0.348879,0.477585,0.500815,0.307202
0,0,0,0,0,3.09939e-005,0.010321,0.0876353,0.132886,0.258675,0.415582,0.607217,0.532475,0.275567,0.0797473,0.0198671
0,0,0,0,0,0.015071,0.157262,0.267542,0.500943,0.476693,0.486719,0.364121,0.210957,0.100154,0.0345886,0.00855685
0,0,0,0,0,0,0.0130181,0.0365093,0.0611507,0.158982,0.388438,0.659591,0.50587,0.34515,0.0895849,0.0219252
0,0,0,0,0,0,0,0,0.0191034,0.245687,0.29281,0.300351,0.409009,0.568685,0.448704,0.267017
0,0,0,0,0,0,0.0220317,0.192518,0.511238,0.55343,0.425646,0.400093,0.212117,0.0720327,0.0569252,0.0114497
0,0,0,0,0,0,0,0.0267964,0.0248268,0.010146,0.0679072,0.489207,0.654199,0.432522,0.304586,0.216341
0,0,0,0,0,0,0,0.00608296,0.0403171,0.115124,0.187526,0.479138,0.696659,0.42584,0.21492,0.0864867
0,0,0,0,0,0,0,0.152724,0.30369,0.232462,0.213155,0.332846,0.481859,0.487104,0.288345,0.348693
0,0,0,0,0,0.0223708,0.10493,0.213565,0.329978,0.622808,0.412463,0.314475,0.311739,0.253374,0.118814,0.0398282
0,0,0,0,0,0,0,0.0097671,0.0251442,0.0942697,0.181225,0.508124,0.650389,0.473188,0.215615,0.0771374
0,0,0,0,0,0,0.0188042,0.373813,0.532422,0.307014,0.105891,0.136414,0.341655,0.446213,0.290844,0.227891
0,0,0,0,0,0,0,0.0193369,0.319467,0.306535,0.246647,0.48073,0.585125,0.35965,0.173787,0.0987242
0,0,0,0,0,0,0.0719614,0.283632,0.470748,0.460415,0.537158,0.322206,0.221111,0.190844,0.0558755,0
0,0,0,0,0.00388303,0.0186656,0.053448,0.189669,0.23784,0.418453,0.543535,0.521481,0.359458,0.162968,0.0772559,0.00499247
0,0.000102216,0.0198067,0.0808436,0.234038,0.612335,0.652376,0.342828,0.141295,0.0159689,0.000334525,0,0,0,0,0
0,0,0,0.0182752,0.202891,0.511021,0.663099,0.440917,0.222605,0.116842,0.00675429,0.00090348,0,0,0,0
0,0,0,0,0.0018427,0.119619,0.551087,0.368519,0.661802,0.301356,0.111117,0.0660011,0.0244137,0.00901266,0.00276406,0
0,0,0,0.000976426,0.091033,0.323505,0.59743,0.409198,0.270207,0.451447,0.287941,0.0528397,0.00899063,0.00596371,0.00701525,0.00271897
0.0125464,0.0499393,0.12758,0.375966,0.563578,0.631165,0.335119,0.105751,0.0155519,0.00163579,0,0,0,0,0,0
0,0,0.00318588,0.256045,0.864647,0.421272,0.0907595,0.0322913,0.00804361,0.00116328,0.000526108,0,0,0,0,0
0.435511,0.128891,0.214007,0.426864,0.632136,0.402584,0.0633985,0.00399682,0,0,0,0,0,0,0,0
0,0.00228587,0.0258161,0.0647708,0.277058,0.595642,0.437646,0.397416,0.283604,0.254023,0.229096,0.128829,0.00832952,0,0,0
0,0,0,0,0.00211194,0.0584566,0.242261,0.588533,0.533932,0.47637,0.244366,0.130045,0.0499957,0.0170666,0.00923068,0.00142112
0,0,0,0,0.0131444,0.0895043,0.202734,0.259549,0.49516,0.517203,0.468414,0.333165,0.176184,0.0854957,0.0432458,0.00608234
0,0,0,0.0392642,0.376817,0.435171,0.708388,0.293879,0.24754,0.132712,0.00515263,0,0,0,0,0
0,0.00518785,0.0286188,0.107304,0.184265,0.384476,0.760714,0.418896,0.225708,0.0275967,0,0,0,0,0,0
0,0,0,0.00029236,0.136722,0.69942,0.562035,0.363214,0.175037,0.113096,0.0248822,0.0105566,0.0082572,0.00734061,0.00540471,0
0,0,0.000668193,0.0274255,0.0772147,0.309456,0.853058,0.405723,0.0720229,0.00398551,0,0,0,0,0,0
0,0,0.00407618,0.235373,0.795957,0.540987,0.122128,0.0566122,0.0154044,0.00227143,0.00140415,0.00172215,0.000235402,0,0,0
0.0153935,0.0290251,0.130747,0.482371,0.522976,0.422198,0.285408,0.339045,0.272229,0.162532,0.0213284,0,0,0,0,0
0,0,0.0105782,0.11121,0.401642,0.714349,0.461898,0.298165,0.116631,0.00735746,0,0,0,0,0,0
0,0,0.00346609,0.0802656,0.296095,0.546064,0.526611,0.532267,0.212564,0.0430618,0.0041207,0.00224918,0,0,0,0
0.128217,0.0307032,0.0541313,0.149563,0.480564,0.793506,0.306901,0.0482161,0.0145301,0.0010617,0,0,0,0,0,0
0,0,0,0,0.00463608,0.216781,0.600864,0.730704,0.236618,0.0450565,0.000231211,0,0,0,0,0
0,0,0.000961658,0.0419736,0.0750865,0.23773,0.49439,0.784477,0.251893,0.101236,0.0485817,0.0139106,0.00175361,0.00173818,0,0
0,0,0,0,0.00848283,0.261841,0.625157,0.601662,0.349052,0.205068,0.100813,0.0670453,0.000937757,0,0,0
0,0,0,0,0.0341212,0.0953864,0.419963,0.715263,0.46806,0.261685,0.104991,0.0561724,0.00537282,0,0,0
0.191471,0.104186,0.138,0.200525,0.30379,0.624576,0.611446,0.184938,0.0526707,0.00189833,0.000107932,0,0,0,0,0
0,0,0,0.0289562,0.468964,0.487614,0.337092,0.473241,0.401415,0.199545,0.0540943,0,0,0,0,0
0,0,0,0.000162247,0.0800056,0.425699,0.689368,0.414639,0.322222,0.182374,0.167601,0.0069766,0,0,0,0
0,0,0,0,0.00272524,0.323887,0.740813,0.449142,0.334903,0.175495,0.0399672,0,0,0,0,0
0,0,0,0.0294836,0.280019,0.757105,0.548822,0.21273,0.0324407,0.000334769,0,0,0,0,0,0
0,0,0,0.0449848,0.534416,0.754556,0.358054,0.110194,0.0505218,0.0111212,0.000241253,2.94211e-005,0,0,0,0
0,0,0,0.0292564,0.229403,0.555274,0.432764,0.410469,0.472174,0.241088,0.0367062,0.00114028,0,0,0,0
0.0237703,0.0262808,0.0617215,0.0885753,0.164658,0.860753,0.466895,0.0312867,0.0104867,0.000618195,0,0,0,0,0,0
0,0,0,0,0.0119123,0.279057,0.492299,0.571922,0.581463,0.119937,0.00660804,0.00204464,2.22244e-005,0,0,0
0,0,0,0,0,0.00601763,0.0342849,0.133054,0.138516,0.183926,0.447214,0.742166,0.403359,0.120397,0.0080383,0
0,0,0,0,0,0.0477957,0.569866,0.638171,0.43134,0.17967,0.211534,0.0464586,0.0215749,0.000203965,0,0
0,0,0,0,0.0567809,0.118581,0.307428,0.566285,0.537976,0.444186,0.18078,0.197947,0.093556,0.0136968,0,0
0,0,0,0,0,0,0.0730518,0.404945,0.558858,0.398117,0.537054,0.257185,0.0727475,0,0,0
0.0162736,0.0186983,0.0483611,0.295349,0.397447,0.588899,0.470601,0.395275,0.136503,0.0880291,0.0297893,0.00849316,0.000273113,0,0,0
0,0,0.0179445,0.16542,0.725881,0.611962,0.248609,0.0854015,0.042548,0.00183325,0,0,0,0,0,0
0,0,0,0.00685464,0.275688,0.676728,0.571123,0.285097,0.210761,0.118481,0.0082504,0,0,0,0,0
0,0,0,0,0,0.078315,0.508102,0.728441,0.407593,0.193074,0.0399101,0.00842204,0,0,0,0
0.0636511,0.051455,0.110927,0.18406,0.346908,0.731024,0.474628,0.25079,0.0589388,0.0264528,0.0059179,0,0,0,0,0
0,0,0,0.000942318,0.15533,0.878219,0.358451,0.193001,0.184665,0.0687675,0.00605983,0,0,0,0,0
0,0,0,0,0,0.00187441,0.00911644,0.113052,0.124606,0.473501,0.803252,0.314977,0.0545623,0.00100536,0,0
0,0,0,0,0,0,0,0.0259277,0.193091,0.236731,0.527231,0.727035,0.312977,0.0386525,0,0
0,0,0,0,0.0263719,0.431954,0.670413,0.524441,0.280117,0.081121,0.056255,0.00408632,0,0,0,0
0,0,0.0359296,0.20826,0.412334,0.603714,0.566915,0.309192,0.0604192,0.0142914,0,0,0,0,0,0
0,6.98608e-005,0.0400372,0.160065,0.752883,0.584805,0.250919,0.0314024,0,0,0,0,0,0,0,0
0,0,0,0.0213454,0.112305,0.171848,0.382561,0.516399,0.612065,0.361753,0.148974,0.113629,0.0501306,0.0338162,0.0113689,0.000316039
0,0,0,0,0.00357406,0.0307766,0.0924787,0.392195,0.755028,0.386337,0.301611,0.157581,0.0377675,0.00971283,0.00503843,0.000926607
0,0,0,0,0,0,0.131164,0.650937,0.629273,0.379913,0.134281,0.0269704,0,0,0,0
0,0,0,0.0106778,0.0299903,0.0652524,0.222706,0.904236,0.325726,0.140828,0.039469,0,0,0,0,0
0,0,0,0,0.0265891,0.903078,0.421774,0.0743273,0.0174847,0.00415553,0.00147962,0.000157406,0,0,0,0
0,0,0,0,0,0.0393623,0.422653,0.587396,0.553726,0.374807,0.159327,0.0448282,0.0164272,0.00481706,0,0
0,0,0,0.035161,0.230869,0.63631,0.645187,0.346552,0.062475,0.0174527,0.00018039,0,0,0,0,0
0,0,0.00203303,0.0866797,0.323922,0.445873,0.803505,0.207629,0.00490922,0,0,0,0,0,0,0
0,0,0.00329703,0.168801,0.846483,0.468663,0.16661,0.0831304,0.0236546,0.00936098,0,0,0,0,0,0
0,0,0,0,0.265084,0.892812,0.35698,0.0704002,0.0142779,0.00461131,0.000545492,0,0,0,0,0
0,0,0,0.00893853,0.231824,0.602769,0.728551,0.226014,0.0312162,0.00203772,0,0,0,0,0,0
0,0,0,0.0139141,0.11315,0.523624,0.751639,0.381909,0.0435957,0.00482854,0.00732293,0.00507958,0.00146352,0.000112167,0,0
0,0,0,0,0,0.00354617,0.25983,0.422141,0.455358,0.487631,0.444589,0.247045,0.161562,0.141749,0.0643191,0.0107036
0,0,0,0,0,0.00860296,0.505229,0.68983,0.480418,0.191869,0.0344766,5.1825e-005,0,0,0,0
0,0,0,0.00465774,0.24513,0.734529,0.611707,0.141275,0.0737569,0.0277594,0.00123458,0,0,0,0,0
0,0,0,0,0.000276701,0.039641,0.112362,0.229247,0.554407,0.671436,0.401733,0.112639,0.0312818,0,0,0
0,0,0.000557064,0.0183185,0.0521541,0.10162,0.452812,0.872386,0.141914,0.0195376,0.000847705,0,0,0,0,0
0,0,0,0,0,0,0.112624,0.663125,0.449542,0.386038,0.369901,0.216894,0.105746,0.0358876,0.0113274,0
0,0,0,0,0,0,0.0542631,0.455665,0.576625,0.585573,0.333199,0.0548565,0.00145995,0,0,0
0,0,0,0,0.0107067,0.211549,0.594677,0.56823,0.426757,0.305583,0.0557237,0,0,0,0,0
0,0,0,0,0,0,0.0332391,0.356188,0.327145,0.50987,0.535996,0.403423,0.219368,0.0790419,0.0249485,0
0,0,0,0,0,0,0.0109862,0.170525,0.466005,0.611166,0.51222,0.301491,0.157395,0.0434826,0.0136627,0
0,0,0,0,0,0,0,0.0556457,0.465789,0.619221,0.523072,0.242911,0.237736,0.0859087,0,0
0,0,0,0,0,3.80283e-005,0.0206684,0.1487,0.531303,0.652651,0.432971,0.270667,0.0921236,0.00358417,0,0
0,0,0,0,0,0.00205174,0.296844,0.413974,0.490303,0.422404,0.329151,0.348881,0.235334,0.190025,0.0115663,0
0,0,0.00333727,0.0331804,0.401035,0.647423,0.482702,0.394533,0.155478,0.0759332,0.0174417,0.000377675,0,0,0,0
0,0,0,0,0,0.005761,0.83854,0.515977,0.14236,0.0715024,0.0622233,0.0280324,0.0233516,0.00166529,0,0
0,0,0,0.145425,0.89411,0.40204,0.133033,0.00826924,0.00355289,0.0020892,0.000375306,0,0,0,0,0
0,0,0.013283,0.154709,0.367638,0.466822,0.636376,0.411918,0.212609,0.054356,0.00050245,0,0,0,0,0
0,0,0,0,0,0,0.0400705,0.736213,0.564797,0.148492,0.254182,0.182868,0.0796753,0.0816651,0.0632915,0.0163203
0,0,0,0,0.044282,0.246226,0.775606,0.576653,0.0573872,0.00479921,0.00122703,0.000101647,0,0,0,0
0,0.00920184,0.14648,0.222794,0.452281,0.706128,0.372805,0.154208,0.130918,0.21037,0.038555,0.000951094,0,0,0,0
0,0,0,0,0,0.0131092,0.333923,0.635948,0.589152,0.362661,0.071888,0.0101752,0,0,0,0
0,0,0,0,0,0.0040374,0.508923,0.579893,0.619031,0.146646,0.00119932,0,0,0,0,0
0,0,0,0.0111754,0.119427,0.551455,0.77367,0.28429,0.0446396,0.0107743,0.0022882,0.00300573,0,0,0,0
0,0,0,0,0.00263016,0.349206,0.794368,0.479532,0.128309,0.0247723,0,0,0,0,0,0
0,0,0,0.0361872,0.312996,0.748301,0.572615,0.104727,0.0437236,0.00143254,0,0,0,0,0,0
0,0,0,0.00510361,0.0526023,0.208414,0.822055,0.486472,0.146096,0.129686,0.0563345,0.00215832,0,0,0,0
0,0,0,0.300876,0.870585,0.384509,0.0607387,0.00315043,0.0018296,0.00123278,0.00136975,0.00161435,0.000264166,0,0,0
0,0,0,0,0,0.000387803,0.41599,0.888628,0.179212,0.0689817,0.0202604,0.00268625,0.000189172,0,0,0
0,0,0,0.0278702,0.700131,0.706456,0.0979476,0.0190061,0.00226626,0.00011251,0,0,0,0,0,0
0,0,0,0,0.0687346,0.50359,0.752322,0.338544,0.192573,0.116792,0.0637813,0.0734911,0.0296494,0,0,0
0,0,0,0,0.0638564,0.552521,0.760446,0.313927,0.108982,0.0440175,0,0,0,0,0,0
0,0,0.000931747,0.145258,0.577461,0.769469,0.202334,0.0847206,0.0585718,0.0269694,0.0168056,0.0176177,0.0115827,0.0179682,0.00553064,0.000350474
0,0,0,0,8.9085e-005,0.127213,0.575162,0.317875,0.538726,0.434358,0.233076,0.133459,0.030477,0.00163322,0,0
0,0,0,0,0,1.08735e-005,0.113726,0.432168,0.316669,0.61468,0.520842,0.210076,0.0710584,0.0380573,0.0159949,0.00495832
0,0,0,0,0,0.0173542,0.109639,0.57055,0.414663,0.648432,0.263653,0.0150568,0.00102499,0,0,0
0,0,0,0,0.0408094,0.377543,0.475912,0.637578,0.328607,0.211548,0.125538,0.169104,0.126804,0.0960447,0.0200841,0.000176317
0,0,0,0,0.00985507,0.288493,0.318417,0.422015,0.575623,0.483557,0.251918,0.0924998,0,0,0,0
0,0,0.00287189,0.0380382,0.0552125,0.0671565,0.103901,0.394932,0.618502,0.596382,0.292514,0.02094,0.000551554,0,0,0
0,0,0,0,0.0501032,0.582377,0.548837,0.588937,0.101042,0.0048898,0.003323,0.00325413,0.00135158,0.00128271,0,0
0,0,0,0,0,0.0596196,0.532342,0.622964,0.47281,0.26694,0.114538,0.0879644,0.0921305,0.0286758,0.00081764,0
0,0,0,0,0,9.50311e-005,0.45939,0.702337,0.47699,0.175542,0.153,0.110483,0.0406543,0.00898995,0,0
0,0,0,0,0.00648175,0.062151,0.414637,0.710244,0.520714,0.214195,0.044439,0.0226656,0.00848166,0.0109021,0.00472798,0.000697403
0,0.00108127,0.0423971,0.0916233,0.131526,0.270611,0.85278,0.35864,0.194202,0.0710318,0.0257228,0,0,0,0,0
0,0,0,0,0.0392008,0.220698,0.562515,0.696449,0.3479,0.157213,0.0467696,0.0142246,0.0122108,0.00153595,0,0
0,0,0,0,0.0522369,0.132438,0.504794,0.732875,0.36572,0.22974,0.031644,0.0146932,0.00752121,0.00144687,0,0
0,0,0,0.000926103,0.256064,0.862602,0.420871,0.113644,0.0173228,0.000939429,0,0,0,0,0,0
0,0,0,0.0198442,0.311433,0.725256,0.582116,0.193057,0.0210065,0.00695827,0,0,0,0,0,0
0,0,0,0,0,0.0161936,0.0949441,0.458674,0.638892,0.366914,0.430078,0.223591,0.0445692,0.0241156,0.00210701,0
0,0,0,0,0,0,0.0795052,0.767254,0.608101,0.187308,0.00992922,0.00547995,0,0,0,0
0,0,0,0,0,0.187518,0.847477,0.432046,0.205971,0.103303,0.0721338,0.0407127,0,0,0,0
0,0,0,0,0,0,0,0,0.0176654,0.536393,0.615592,0.461696,0.297459,0.174195,0.0319491,0.0027385
0,0,0,0,0,0,0.207995,0.371565,0.439609,0.736798,0.286916,0.0151589,0,0,0,0
0,0,0,0,0.00894152,0.147611,0.499273,0.612665,0.508964,0.172034,0.194597,0.160852,0.0334405,0.000465111,0,0
0,0,0,0,0,0.00812326,0.260982,0.544471,0.496107,0.377233,0.414311,0.246918,0.118858,0.0140482,0.000710989,0
0,0,0,0,0.000115341,0.333133,0.764124,0.457686,0.268008,0.133687,0.0726358,0.0240557,0.0102293,0,0,0
0,0,0,0,0,0.015181,0.139842,0.266717,0.296486,0.527674,0.552464,0.458527,0.163359,0.0241246,0.000795954,0
0,0,0,0,0,0.0528454,0.422507,0.585746,0.547706,0.286342,0.257708,0.148069,0.0720973,0.00934572,0,0
0,0,0,0,0.0212074,0.18906,0.575286,0.722758,0.329146,0.0459823,0.00466383,0,0,0,0,0
0,0,0,0,8.7515e-005,0.0214762,0.0518177,0.127824,0.747527,0.55362,0.307379,0.135771,0.046593,0.0107293,0.00455953,0
0,0,0,0,0,0,0.239235,0.746965,0.512023,0.292406,0.18146,0.0614692,0.0207496,0.00224262,0,0
0,0,0,0,0,5.55044e-005,0.168425,0.71201,0.658282,0.164145,0.0662599,0.00222634,0,0,0,0
0,0,0,0,0,0,0.112855,0.45393,0.617208,0.454367,0.374873,0.201395,0.111186,0.0190587,0.000811008,0
0,0,0,0,0,0,0.0342325,0.28891,0.497783,0.51087,0.466254,0.388697,0.188296,0.050746,0.00864422,0
0,0,0,0,0,0.000155573,0.0195244,0.253142,0.553527,0.335674,0.303755,0.401248,0.422742,0.289806,0.0224284,0
0,0,0,0,0.00554751,0.224557,0.269525,0.530875,0.343554,0.399104,0.479314,0.273702,0.110047,0.0308161,0.00660131,0
0,0,0,0,0,0,0.0338188,0.553743,0.470223,0.618962,0.241706,0.152869,0.0757614,0.0217015,0,0
0,0,0,0,0,0,0,0.0793799,0.144307,0.327592,0.533003,0.641624,0.365538,0.186717,0.0361046,0
0,0,0,0,0,0,0.0220998,0.606201,0.400792,0.419603,0.427082,0.296353,0.15364,0.0387478,0,0
0,0,0,0,0,0,0.0221665,0.212481,0.66585,0.55409,0.414482,0.178363,0.0184427,0.00629966,0.000235501,0
0,0,0.00395203,0.14504,0.184849,0.344951,0.407181,0.406451,0.627233,0.277341,0.140859,0.0624269,0.0223442,0.0141361,0.00343523,0
0,0,0,0,0,0.0648784,0.254876,0.440767,0.466406,0.403064,0.441627,0.379758,0.126665,0.0310718,0.0172692,0.000878095
0,0,0,0,0,0.0235894,0.316474,0.465071,0.762768,0.316588,0.0308653,0.00136065,0,0,0,0
0,0,0,0,0.0025074,0.543916,0.398677,0.435123,0.402995,0.368044,0.194058,0.137299,0.0387634,0,0,0
0,0,0,0,0.0196692,0.228453,0.395244,0.550965,0.595507,0.287129,0.213341,0.0654506,0.0243574,0.0134009,0.000104763,0
0,0,0,0,1.50927e-005,0.0669888,0.0498436,0.38998,0.84842,0.316471,0.144452,0.0104064,0,0,0,0
0,0,0,0,0,0.000566127,0.0288075,0.518823,0.763752,0.375955,0.0730026,0.00199537,0,0,0,0
0,0,0,0,0.0597712,0.578567,0.758353,0.270965,0.0979106,0.0563865,0.0175097,0.00790395,0.00383852,0.00367779,0.00152217,0
0,0,0,0,0,0,0,0.0458348,0.449677,0.498414,0.475886,0.511811,0.23574,0.0547541,0.0168651,0
0,0,0,0,0.0382517,0.292079,0.358725,0.50521,0.588097,0.358072,0.22856,0.0517511,0.0141328,0.00854107,0.00653199,0.000692786
0,0,0,0,0,0,0.0185057,0.359545,0.822893,0.372055,0.2313,0.036163,4.31368e-005,0,0,0
0,0,0,0,0.0149585,0.512372,0.705848,0.435673,0.215413,0.0529987,0.00273817,0,0,0,0,0
0,0,0,0,0,0,0.00463206,0.298671,0.702078,0.358373,0.35432,0.337014,0.190268,0.106714,0.0519176,0.00468031
0,0,0,0,0,0,0,0,0.00331765,0.484466,0.461153,0.600852,0.406426,0.160592,0.024972,0.000642607
0,0,0,0,0.0742708,0.415786,0.335068,0.486891,0.509355,0.414822,0.19878,0.0350416,0.00313,0.00151103,0.000841861,0.000179885
0,0,0,0,0,0,0.02757,0.219924,0.706959,0.388921,0.339739,0.348254,0.213346,0.118455,0.0596339,0.00394701
0,3.27544e-005,0.0282998,0.133294,0.404746,0.473842,0.586811,0.490022,0.0861441,0.0345886,0,0,0,0,0,0
0,0,0,0,0,0,0,0,0.194319,0.760145,0.513462,0.311353,0.153151,0.0193033,0.00279877,0
0,0,0,0,0,0,0.184453,0.50505,0.54189,0.5281,0.338623,0.14342,0.0403719,0.0322947,0.0202211,0.00712032
0,0,0,0,0,0.0220494,0.174889,0.318102,0.512526,0.659182,0.39664,0.110179,0.03274,0.000237821,0,0
0,0,0,0,0.00623432,0.0706123,0.0628194,0.163059,0.210524,0.345514,0.504287,0.558231,0.454254,0.167879,0.0168125,0
0,0,0,0,0,0.0478338,0.38083,0.716464,0.390469,0.30713,0.281456,0.0973405,0.0495968,0.0373456,0.00423387,0
0,0,0,0,0,0,0,0.114715,0.40941,0.623451,0.510024,0.361079,0.19608,0.0394575,0.00517068,0
0,0,0,0,0.0064234,0.438065,0.704482,0.428313,0.332632,0.123011,0.0480872,0.0145293,0.00337438,0,0,0
0,0,0,0,0,0,0,0.00586155,0.318407,0.557677,0.507451,0.494452,0.288542,0.0483051,0,0
0,0,0,0,0,0.0470213,0.205236,0.216193,0.355107,0.660769,0.50113,0.284089,0.119887,0.000198004,0,0
0,0,0,0.000960219,0.066272,0.263723,0.510971,0.397733,0.415337,0.497158,0.273696,0.102036,0.0391163,0.0158352,0.000505379,0.000960219
0,0,0,0,0.00171487,0.0301741,0.100128,0.162715,0.330332,0.76468,0.449998,0.25306,0.046798,0.00145248,0,0
0,0,0,0,0.0231757,0.197509,0.272842,0.292296,0.434392,0.481925,0.576758,0.206236,0.057153,0.0316886,0.0129787,0.00142347
0,0,0,0,0,0,0,0.000205419,0.0984368,0.662367,0.566299,0.459112,0.14178,0,0,0
0,0,0,0.00444836,0.0537935,0.131,0.205134,0.331465,0.348198,0.605363,0.413312,0.406509,0.063613,0.0114996,0.00378731,0
0,0,0,0.0518972,0.503112,0.676772,0.516523,0.129321,0.0512548,0.00422606,0,0,0,0,0,0
0,0,0,0,0,0,0.0590979,0.217143,0.250836,0.524219,0.515069,0.458576,0.322451,0.177869,0.0207875,0
0,0,0,0,0,0,0.000303755,0.194835,0.710587,0.447048,0.460333,0.209975,0.0353955,0.00219823,0,0
0.0244376,0.0495218,0.0909404,0.0624748,0.125293,0.419784,0.662974,0.55644,0.202284,0.0518457,0.00951099,0.00169743,0,0,0,0
0,0,0,0.0202969,0.285377,0.766113,0.568012,0.0887136,0.0266379,0.00162118,0.000406534,0,0,0,0,0
0,0,0,0,0,0.0194375,0.69997,0.655454,0.243036,0.0823544,0.115741,0.0282557,0,0,0,0
0,0,0,0,0,0,0,0,0.134888,0.47095,0.672821,0.521396,0.188226,0.00636322,0,0
0.409487,0.299544,0.347178,0.487352,0.384064,0.267827,0.369464,0.127087,0.110964,0.0185266,0.00137371,0,0,0,0,0
0,0,0,0,0.00787298,0.414686,0.803731,0.42111,0.0662372,0.0163574,0.00142665,0,0,0,0,0
0,0,0,0,0,0.0341265,0.201965,0.362981,0.665051,0.584448,0.203773,0.0299061,0,0,0,0
0,0,0,0,0,0.135089,0.646679,0.474556,0.271143,0.291964,0.387324,0.168809,0.0293593,0.0138558,0.00469749,0.000282214
0,0,0,0.0184593,0.160245,0.15686,0.368022,0.416735,0.561113,0.380716,0.369432,0.176835,0.107124,0.0353318,7.05226e-005,0
0,0,0,0,0.0153898,0.177939,0.410324,0.446719,0.639912,0.31366,0.268582,0.14013,0.022076,0.00624949,0.0027452,0
0,0,0,0,0,0,0.00520591,0.0474023,0.183501,0.299316,0.652945,0.627955,0.223884,0.0600984,0.00794123,0
0.00226254,0.00178392,0.020885,0.0818502,0.136122,0.285834,0.587839,0.669167,0.268285,0.154237,0.0589927,0.00641777,0,0,0,0
0.162005,0.0235434,0.0771625,0.116973,0.144174,0.521852,0.750086,0.302647,0.0788649,0.00175283,0,0,0,0,0,0
0.129589,0.0469774,0.184274,0.399382,0.574484,0.639976,0.218753,0.00908276,0.000288816,0,0,0,0,0,0,0
0,0,0,6.40363e-005,0.0236009,0.181628,0.503261,0.711408,0.408281,0.185983,0.0760182,0.00428332,0.0010815,0,0,0
0.00670045,0.00591557,0.0294208,0.0764975,0.259459,0.598282,0.610733,0.357437,0.235268,0.108025,0.0129052,0.00054529,0,0,0,0
0,0,0.000215853,0.0322269,0.300705,0.677182,0.630982,0.177273,0.142334,0.0118072,0,0,0,0,0,0
0,0,0,0,6.87941e-006,0.0235482,0.159788,0.729128,0.611284,0.25965,0.0346241,0.000337091,0,0,0,0
0,0,0.000353627,0.0408733,0.331665,0.587808,0.556321,0.451552,0.166448,0.0370277,0.00917956,0.00918692,0.010152,0.0052602,0.00646105,0
0,0,0,0,0,0,8.56788e-005,0.0666752,0.232095,0.398381,0.720756,0.493176,0.140042,0.0250867,0.00521784,0
0,0,0,0,0,0,0.0512888,0.436228,0.576145,0.295878,0.265165,0.355869,0.321362,0.290271,0.0491557,0.0261824
0,0,0,0,0,0.0435259,0.20819,0.692234,0.587874,0.176596,0.272243,0.148553,0.0510811,0,0,0
0,0,0,0,0,0,0.352861,0.760082,0.366876,0.191653,0.193351,0.261689,0.138437,0.0374776,0.000327096,0
0,0.00645847,0.235106,0.713469,0.58772,0.294215,0.0595998,0.0104973,0.00218314,0.000272893,0,0,0,0,0,0
0.00769284,0.0238403,0.0422135,0.0966609,0.417893,0.884722,0.175143,0.013145,0.00489952,0.00247963,0.00129957,0.000836503,0.000268876,0,0,0
0,0,0,0,0,0,0.0842047,0.607796,0.756522,0.226205,6.55035e-005,0,0,0,0,0
0,0,0,0,0,0.151992,0.315524,0.583744,0.554401,0.463223,0.111566,0.0468993,0.00186472,0,0,0
0,0,0.00729931,0.18367,0.475806,0.767438,0.38801,0.0164132,0.0059486,0.00189646,0.000313802,0,0,0,0,0
0,0,0,0.00872105,0.301377,0.741328,0.518714,0.218078,0.19042,0.0809199,0.0094099,0.00308031,0,0,0,0
0,0,0,0.0376381,0.359843,0.61377,0.658496,0.190433,0.149627,0.0105923,0.00100993,0,0,0,0,0
0,0,0,0,0,0,0.00958134,0.229389,0.643936,0.512814,0.47706,0.198128,0.0527717,0.00554486,0,0
0,0,0,0,0,0.0059668,0.305385,0.906827,0.2642,0.116911,0.0299757,0,0,0,0,0
0.000360105,0.0968311,0.285539,0.202354,0.315763,0.524189,0.394812,0.477053,0.325225,0.0610937,0.0256544,0.00604729,0.00300502,0,0,0
0,0,0,0,0,0.0006231,0.00682443,0.0664245,0.254947,0.505582,0.703342,0.404916,0.127201,0.0101476,0,0
0,0,0.00628485,0.0200559,0.0380126,0.0316013,0.0875959,0.258299,0.293491,0.573907,0.590359,0.372792,0.137989,0.025582,0.00493178,0
0,0,0,0,0,0,0,2.23518e-005,0.489706,0.768601,0.374315,0.16119,0.0570531,0.00949953,0,0
0,0,0,0,0,0.0207833,0.374492,0.627194,0.58167,0.330636,0.135247,0,0,0,0,0
0,0,0,0,0,0,0,0.022653,0.213978,0.697603,0.577352,0.338531,0.13322,0.033771,0.0149369,0
0,0,0,0,0,0.00341325,0.605811,0.780802,0.152498,0.00860176,0.000851025,0,0,0,0,0
0,0,0,0,0,7.07446e-005,0.125454,0.682496,0.618024,0.198674,0.176602,0.245295,0.075343,0,0,0
0,0,0,0.0552021,0.384084,0.659183,0.612477,0.187648,0.0675819,0.00152612,0.000303705,0,0,0,0,0
0.240642,0.144669,0.172885,0.214241,0.365668,0.510317,0.48469,0.391642,0.235097,0.080418,0.0329664,0.0102854,7.13558e-005,0,0,0
0,0,0,0,0,0,5.82045e-005,0.0765583,0.365039,0.505351,0.470739,0.521901,0.318204,0.101373,0,0
0,0,0,0,0.00506319,0.230944,0.178696,0.270477,0.617874,0.649111,0.164265,0.106607,0.00938422,0,0,0
0,0,0.00398322,0.0137115,0.0184935,0.127364,0.436326,0.760958,0.378154,0.248852,0.0853546,0.0396571,0.00288893,0,0,0
0,0,0,0,0,0,0,0.400528,0.767226,0.455328,0.159323,0.118767,0.0615267,0.0183547,0.00257185,0
0,0,0,0.00127557,0.219732,0.837214,0.489473,0.103027,0.0229341,0.00793471,0.00138023,0,0,0,0,0
0,0,0,0.00802747,0.432073,0.832506,0.344635,0.0348893,0.0121588,0.0065832,0.000957251,3.35877e-005,0,0,0,0
0,0,0,0.00295865,0.182343,0.399817,0.7854,0.425207,0.0925491,0.0258819,0,0,0,0,0,0
0,0,0,0.10634,0.346245,0.506531,0.685434,0.296909,0.149325,0.124886,0.0911686,0.0896044,0.00461018,0,0,0
0,0,0,0,0.004857,0.00892255,0.269393,0.536519,0.605042,0.24724,0.373581,0.252781,0.0920247,0.0176618,0.00518191,0
0,0,0,0.00109436,0.0559913,0.884872,0.422961,0.174399,0.0559317,0.0243664,0.0213215,0.0134599,0.0131919,0.00477947,0,0
0,0,0,0,0,0.00858118,0.0858201,0.685736,0.625075,0.297356,0.197434,0.0636709,0.0105493,0.00588757,0.00271862,0.00100072
0,0,0.0343946,0.165276,0.551115,0.772846,0.251083,0.0764889,0.0397808,0.00245675,0.000222039,0,0,0,0,0
0.0519219,0.11815,0.167584,0.180672,0.142373,0.430343,0.510254,0.541882,0.399769,0.0577009,0.00355803,0,0,0,0,0
0,0,0,0,0,0.00648507,0.328499,0.637705,0.519233,0.393349,0.228392,0.0917683,0.0215931,0.0013133,0,0
0,0,0,0,0,0,0,0.0740976,0.566108,0.805106,0.15375,0.0384248,0.0217808,0.0143813,0.00619689,0.000489228
0,0,0,0,0,0.000457584,0.135085,0.240166,0.49656,0.658104,0.405109,0.235574,0.125705,0.0888693,0.0324231,0.00635715
0,0,0,0,0,0.0309145,0.258286,0.224883,0.418943,0.736237,0.331618,0.19419,0.0986666,0.0748133,0.0340976,0.00523804
0,0,0,0,0,0,0.0394452,0.239909,0.558943,0.741275,0.255326,0.0864867,0.0735164,0.030054,0.00175217,0
0,0,0,0,0,0,0.0776156,0.580254,0.503443,0.575129,0.266346,0.0459711,0,0,0,0
0,0,0,0,0,0,0.0165646,0.187044,0.529761,0.675288,0.426648,0.214441,0.0081581,0,0,0
0,0,0,0.00639203,0.063143,0.135485,0.366724,0.469797,0.474634,0.594575,0.196645,0.0514842,0.0413336,0.0178304,0.0164035,0.0030162
0,0,0.0179204,0.0580765,0.0837114,0.283002,0.773378,0.51768,0.20382,0.0394968,0,0,0,0,0,0
0,0,0,0.0195505,0.0708134,0.418853,0.668343,0.527873,0.281144,0.113696,0.0431841,0,0,0,0,0
0,0,0,0,0.00137835,0.34102,0.450697,0.588114,0.543564,0.197006,0.0205769,0,0,0,0,0
0,0,0,0,0,0,0,0.627346,0.523751,0.35905,0.364451,0.232342,0.107277,0.0699254,0,0
0,0,0,0.0529353,0.197446,0.306235,0.407596,0.744586,0.348559,0.149654,0,0,0,0,0,0
0,0,0,0,0,0.00995194,0.339075,0.907555,0.237887,0.0684246,0,0,0,0,0,0
0,0,0,0,0,0.00512512,0.539081,0.763144,0.348786,0.0670706,0.028586,0.00310838,0,0,0,0
0,0,0,0,0,0.00679023,0.0485347,0.31943,0.278303,0.791197,0.437314,0.0295722,0,0,0,0
0,0,0,0,0.0085075,0.168159,0.424002,0.600805,0.445859,0.468184,0.11366,0.000874885,0,0,0,0
0,0,0,0,0,0.0430756,0.565446,0.435048,0.579882,0.348221,0.163849,0.0690875,0.0028613,0,0,0
0,0,0,0,0.00134513,0.0142223,0.08973,0.409445,0.380606,0.398684,0.599649,0.39496,0.0685196,0.00470796,0.000311677,0
0,0,0,0,0.0170008,0.516607,0.488515,0.324561,0.515898,0.316452,0.126734,0.0786221,0.0174736,0,0,0
0,0,0,0,0,0,0.0101506,0.101362,0.41423,0.778763,0.442258,0.126042,0.00929869,0,0,0
0,0,0,0,0,0.0499517,0.585989,0.586303,0.531175,0.16762,0.0104904,0.00369614,0.00174512,0,0,0
0,0,0,0,0,0.0806442,0.59679,0.676557,0.271093,0.249398,0.206693,0.0345771,0.00119185,0,0,0
0,0,0,0.00180055,0.0322813,0.118746,0.294647,0.600908,0.571688,0.416763,0.146243,0.102413,0.0641382,0.020925,0,0
0,0,0,0,0,0.0816692,0.431882,0.66619,0.564048,0.211769,0.0016248,0,0,0,0,0
0.0158423,0.0287655,0.049673,0.0879218,0.320697,0.533432,0.563839,0.467933,0.243742,0.0693812,0.0149114,0.00184617,0.00146747,0,0,0
0,0,0,0,0,0,0.000199066,0.403507,0.606076,0.62881,0.270252,0.0375239,0.00288646,0,0,0
0,0,0,0,0.001366,0.500009,0.816124,0.257549,0.12891,0.0303414,0.00783412,0.000551826,0,0,0,0
0,0,0,0,0,0,0.00298371,0.382675,0.685124,0.528155,0.291162,0.141977,0.0165865,0.000871022,0,0
0,0,0,0,0.00986782,0.074507,0.271481,0.253224,0.51919,0.674218,0.356271,0.0739588,0,0,0,0
0,0,0,0,0,0.0186238,0.334637,0.528155,0.411849,0.491314,0.392745,0.201832,0.0497005,0.0161111,0.00036952,0
0,0,0,0,0,0,0.00711677,0.279895,0.669946,0.522905,0.435613,0.0962774,0.0110889,0.0103323,0.00964665,0
0,0,0,0,0,0,0.000674222,0.0514956,0.271487,0.546794,0.633874,0.418377,0.179223,0.0626128,0.107516,0.0149078
0,0,0,0,0,0,0.229102,0.915596,0.307485,0.120268,0.0135268,0.00114984,0.000426345,0,0,0
0,0,0,0,0,0.00130661,0.526308,0.661486,0.31353,0.263594,0.244535,0.17875,0.124128,0.0898153,0.0492535,0.00144863
0,0,0,0,0,0,0,0,0.0816416,0.372189,0.861626,0.288654,0.136082,0.100299,0.0226003,0.000176565
0,0,0,0,0.00106681,0.032924,0.023433,0.0451923,0.581301,0.701483,0.353463,0.203466,0,0,0,0
0,0,0,0,0,0,0.0547498,0.230892,0.494602,0.547675,0.58499,0.231957,0.0548681,0.0091907,0,0
0,0,0,0,0,0.293151,0.681595,0.603704,0.238297,0.164856,0.0326984,0,0,0,0,0
0,0,0,0,0,0.0150179,0.859548,0.38973,0.237081,0.186797,0.113108,0.0501034,0.0515547,0,0,0
0,0,0,0.0131215,0.0940788,0.15147,0.201542,0.155555,0.433629,0.507298,0.564658,0.363008,0.0849185,0.00253765,0,0
0,0,0,0,0,0,0.0031358,0.268041,0.540856,0.707864,0.362819,0.0534144,0.00398141,0.00204356,0.00613067,0
0,0,0,0,0.0030391,0.0290614,0.121113,0.481293,0.440479,0.429961,0.514106,0.303649,0.13042,0.0207039,0,0
0,0,0,0,0,0,0.105521,0.442698,0.474448,0.372713,0.196469,0.247595,0.379529,0.428734,0.0333021,0
0,0,0,0,0,0.0366165,0.857685,0.400409,0.167688,0.236948,0.135386,0.0107929,0,0,0,0
0,0,0,0,0,0.00874987,0.133552,0.693141,0.611298,0.254214,0.205678,0.111315,0.0675819,0.0544329,0.0328563,0.00526926
0,0,0,0.00720954,0.0107678,0.0321177,0.232192,0.604354,0.626328,0.332874,0.205213,0.163005,0.0823853,0.0328081,0.00244301,0
0,0,0,0,0,0,0.592575,0.568844,0.326028,0.276447,0.346482,0.14997,0.00354151,0,0,0
0,0,0,0,0,0,0,0.131744,0.168713,0.0903245,0.282581,0.648645,0.643321,0.177572,0.00599683,0
0,0,0,0,0,0.00108988,0.0827994,0.245767,0.325624,0.176466,0.31267,0.553984,0.553439,0.271877,0.102417,0.0144798
0,0,0,0,0.000424253,0.209168,0.970449,0.120201,0.00498784,0.00155942,0.000917303,0,0,0,0,0
0,0.00167088,0.0718268,0.64404,0.556402,0.306376,0.419766,0.0199252,0.000731009,0.000355061,0,0,0,0,0,0
0,0,0,0,0.0202057,0.546853,0.775738,0.240805,0.136563,0.119823,0.088033,0.00546364,0,0,0,0
0,0,0,0,0,1.24156e-005,0.0718116,0.140668,0.381977,0.639811,0.543466,0.347462,0.0608238,0.00228446,0,0
0,0.000169756,0.054005,0.0795589,0.127374,0.667333,0.593455,0.324664,0.222923,0.141497,0.0430162,0.00579434,0,0,0,0
0,0,0,0,0,0,0.0258037,0.405721,0.816021,0.267164,0.230464,0.204755,0.0491754,0,0,0
0,0,0,0,0.200828,0.420089,0.450437,0.255566,0.354288,0.526201,0.33158,0.0492367,0.0141773,0.00273998,0,0
0,0,0,0,0,0.00099765,0.134272,0.34717,0.59582,0.611207,0.351677,0.0957861,0.00390844,0,0,0
0,0,0,0,0,0,0.0288923,0.240007,0.737142,0.5984,0.194192,0.0488908,0,0,0,0
0,0,0,2.21458e-005,0.124005,0.48806,0.829293,0.219465,0.099058,0.0256005,0.00635584,0.00460632,0,0,0,0
0,0,0,0,0,3.32003e-005,0.100514,0.465394,0.670033,0.464531,0.318574,0.0841048,0.00304613,0,0,0
0,0,0,0,0,0,0.0435769,0.360379,0.734914,0.5563,0.1366,0.000312724,0,0,0,0
0,0,0,0,0,0,0.00320285,0.298522,0.444844,0.297529,0.259575,0.330822,0.467152,0.449856,0.164098,0.0106655
0,0,0,0,0,0.00415908,0.225892,0.424172,0.294788,0.381117,0.636231,0.310195,0.183578,0.0465998,0,0
0,0,9.12226e-005,0.0851107,0.614395,0.585599,0.47677,0.166015,0.0998786,0.0724105,0.0474662,0.002686,0,0,0,0
0,0,0,0,0,0,0.0447475,0.510029,0.780897,0.354528,0.0487686,0,0,0,0,0
0,0,0,0,0,0.476935,0.345981,0.420459,0.263836,0.167453,0.308557,0.441408,0.275745,0.109882,0.0153492,0
0,0,0,0,0,0,0.229988,0.664221,0.689778,0.162589,0.0607198,3.75277e-005,0,0,0,0
0,0,0,0,0,0.00511976,0.0807522,0.572846,0.621308,0.426691,0.288041,0.116609,0.025419,0,0,0
0,0,0,0,0,0,0,0.0196644,0.127267,0.239666,0.418961,0.476687,0.631539,0.332089,0.118519,0.00679983
0,0,0,0,0,0.116123,0.421406,0.398935,0.394932,0.682274,0.168158,0.00566622,0.00206422,0.000457177,0,0
0,0,0,0,0,0.0104367,0.159157,0.385726,0.69555,0.378312,0.43694,0.0866851,0.0208503,0,0,0
0,0,0,0,0,0,0.0740027,0.947897,0.292671,0.0954374,0.0349551,0.00525933,6.76441e-005,0,0,0
0,0,0,0,0,0.0185808,0.258208,0.611868,0.356099,0.242472,0.407627,0.399656,0.204518,0.0702184,0.0189377,0.000832864
0,0,0,0,0,0,0,0.333459,0.713352,0.519965,0.321685,0.0780215,0.00101817,0,0,0
0,0,0,0,0.025693,0.583571,0.739118,0.335305,0.00776284,0,0,0,0,0,0,0
0,0,0,0,0,0.0683765,0.296895,0.548144,0.588141,0.497487,0.114527,0.0138605,0.00233581,0,0,0
0,0,0,0,0,0,0.0232346,0.492924,0.766804,0.397953,0.0967718,0.0256466,0.00910039,0.00457933,0.0018294,0.000769047
0,0,0,0,0,0,0,0.000166296,0.266647,0.734013,0.492024,0.356022,0.144013,0.0233461,1.84774e-005,0
0,0,0,0,0.0137081,0.148652,0.174782,0.548882,0.654719,0.380316,0.237128,0.112708,0.0572427,0.0196298,0.00152676,0
0,0,0,0,0,0.00459809,0.0641086,0.228297,0.47828,0.500202,0.573213,0.352347,0.108933,0.0144119,0.000343141,0
0,0,0,0,0,0,0,0.0632517,0.193196,0.301793,0.604013,0.568105,0.375281,0.195391,0.0315736,0.00319347
0,0,0,0,0,0,0.058268,0.30835,0.551638,0.382422,0.500509,0.432345,0.113951,0.0236075,0,0
0,0,0,0,0,0,0.000145866,0.117195,0.309398,0.615474,0.562168,0.377631,0.215396,0.0817823,0.00280387,0
0,0,0,0,0,0,0,0,0.00373334,0.117243,0.595878,0.586029,0.474267,0.250293,0.0128152,0
0,0,0,0,0,0,0,0.0490562,0.0752427,0.197501,0.797216,0.513409,0.227027,0.0472007,0.00382708,0
0,0,0,0,0,0,0.0221401,0.281436,0.652101,0.595015,0.348497,0.126117,0.0601821,0.00685178,0.000567928,0
0,0,0,0,0,0,0.00543305,0.27805,0.668711,0.575955,0.356518,0.117122,0.0513963,0.0171805,0,0
0,0,0,0,0,0.0098513,0.657201,0.623083,0.3967,0.126179,0.0625732,0.0253091,0.0433213,0.00559712,0.000535295,0
0,0,0,0,0,0,0.00992755,0.228152,0.533312,0.706021,0.351623,0.197878,0.0464984,0.00214748,0,0
0,0,0,0,0,0.224702,0.801337,0.550777,0.063202,0.00418646,0,0,0,0,0,0
0,0,0,0,0.00791224,0.185944,0.172914,0.206203,0.44003,0.728349,0.405512,0.0627639,0.0210538,0.00154022,0,0
0,0,0,0,0,0,0,0.0202429,0.088597,0.300284,0.522496,0.667658,0.403753,0.137237,0.0294557,0.00914379
0,0,0,0,0,0,0.00314444,0.0624282,0.118668,0.465998,0.851442,0.191731,0.0437017,0.0286404,0.0201685,0.00220311
0,0,0,0,0,0,0.00970982,0.124949,0.448004,0.734893,0.446388,0.206062,0.0423682,0,0,0
0,0,0,0,0.00424077,0.0868859,0.24589,0.431748,0.731533,0.454411,0.0626886,0.0022077,0,0,0,0
0,0,0,0,0.00426897,0.251328,0.764,0.534142,0.260397,0.0024052,0,0,0,0,0,0
0,0,0,0,0.00582078,0.146687,0.837012,0.495297,0.175898,0.039996,0.00045592,0,0,0,0,0
0,0,0.0321248,0.076534,0.147834,0.126884,0.68327,0.409191,0.325354,0.226758,0.219623,0.278925,0.179757,0.0723943,0,0
0,0,0,0.0658155,0.190735,0.209843,0.189861,0.148215,0.45906,0.671644,0.407979,0.159703,0.0536885,0.0237326,0,0
0,0,0,0,0,0,0.0669631,0.476444,0.767921,0.41014,0.102956,0.000397227,0,0,0,0
0,0,0,0,0.000168793,0.300518,0.842028,0.40481,0.138883,0.103605,0.0817519,0.0100713,0,0,0,0
0,0,0,0,0,0.0166416,0.342965,0.583667,0.593997,0.420353,0.102892,0.0352625,0.00850789,0,0,0
0,0,0,0,0,0,0.108467,0.237815,0.523939,0.592372,0.392746,0.352662,0.162851,0.0334521,0.00181915,0
0,0,0,0,0,0,0.221661,0.804247,0.487331,0.185653,0.122961,0.12533,0.0355455,0.00204594,0,0
0,0,0,0,0,0,0.0317067,0.398906,0.814866,0.410216,0.0870944,0.000244221,0,0,0,0
0,0,0,0,0,0,0.103197,0.693608,0.680093,0.206672,0.0545466,0.00645306,0.000921866,0,0,0
0,0,0,0,0.0422326,0.505602,0.811986,0.284608,0.0475249,0.00106374,9.24994e-005,0,0,0,0,0
0,0,0,0,0,0,0,0.398274,0.883348,0.245745,0.0260299,0.00247202,3.2742e-005,0,0,0
0,0,0,0,0,0.0012452,0.035073,0.0417779,0.134321,0.347585,0.498573,0.581171,0.470141,0.215834,0.0645746,0.00660911
0,0,0,0,0,0,0,0.0406955,0.504179,0.516218,0.221423,0.423405,0.445108,0.217778,0.0607909,0.0110104
0,0,0,0,0,0,0.0611632,0.653907,0.705211,0.26612,0.00997413,0.0205501,0,0,0,0
0,0,0,0,0.00539515,0.090987,0.132912,0.301538,0.370917,0.331099,0.441925,0.559747,0.346751,0.083934,0,0
0,0,0,0,0,0.0152401,0.201395,0.306485,0.638471,0.582813,0.272293,0.195839,0.0738719,0.00223645,0,0
0,0,0,0,0,0.0140567,0.112787,0.378452,0.624961,0.501563,0.357025,0.258183,0.0464428,0.0672499,0.0301624,0
0,0,0,0,0,0.0230587,0.136155,0.223453,0.259549,0.481748,0.620216,0.451751,0.197127,0.0627442,0.00306069,0
0,0,0,0,0,0,0.0106518,0.12538,0.222803,0.482881,0.730974,0.371802,0.147511,0.0835864,0.00672228,0.000252612
0,0,0,0,0,0,0,0,0.0995152,0.757014,0.61339,0.198723,0.0358883,0,0,0
0,0,0,0,0,0,0.0525029,0.331962,0.429162,0.692855,0.461934,0.0970615,0.00353591,0,0,0
0,0,0,0.000639239,0.105155,0.447882,0.767418,0.440791,0.0710739,0.00804968,0,0,0,0,0,0
0,0,0,0,0,0.086691,0.507751,0.689366,0.402777,0.265235,0.163913,0.0011995,0,0,0,0
0,0,0,0,0,0,0,0.124685,0.497622,0.569606,0.432917,0.394541,0.26176,0.0278747,0,0
0,0,0,0,0,0,0,4.75365e-005,0.398593,0.653769,0.567276,0.298981,0.0501034,0.00266204,0,0
0,0,0,0,0,0,0,0.0300507,0.508286,0.787566,0.338094,0.0784895,0.00369671,0,0,0
0,0,0,0,0,0,0,0.0492385,0.921789,0.354628,0.137602,0.0564307,0,0,0,0
0,0,0,0,0,0,0,0.0496342,0.22421,0.773243,0.578322,0.118749,0.0281151,0.00371151,0,0
0,0,0,0,0,0.0171401,0.714524,0.629734,0.268214,0.10533,0.0894805,0.0369065,0.0131777,0.00452413,0.00106271,0
0,0,0,0,0,5.8762e-005,0.120815,0.718757,0.672335,0.129413,0.00332984,0,0,0,0,0
4.23664e-005,0.0068104,0.122142,0.512242,0.573556,0.559914,0.261909,0.106467,0.0154743,0.00111212,0,0,0,0,0,0
0,0,0.00600582,0.273213,0.609364,0.57821,0.441892,0.156203,0.00028894,0,0,0,0,0,0,0
0,0,0,0,0,0.0406223,0.409336,0.530243,0.435562,0.393149,0.393461,0.208326,0.0797401,0.0280413,0,0
0,0,0,0,0,0.075527,0.866909,0.395629,0.229566,0.181237,0.0216838,0.0129909,0.00754579,0,0,0
0,0,0,0,0,0,0.00668677,0.498913,0.826313,0.261048,0.010049,0,0,0,0,0
0,0,0,0,0,0,0,0.275755,0.887726,0.334931,0.14002,0.0602533,0.0203456,0.00850793,0,0
0,0,0,0,0,0,0,0,0,0.0538661,0.232587,0.634755,0.557612,0.398085,0.265857,0.00213271
0,0,0,0,0,0,0.00360911,0.692384,0.625354,0.28462,0.218829,0.0250681,0.000782698,0,0,0
0,0,0,0,0,0.339078,0.701674,0.566354,0.267792,0.014502,0,0,0,0,0,0
0,0,0.0318928,0.55155,0.781757,0.277586,0.0741929,0.0271204,0.012554,0.0133973,0,0,0,0,0,0
0,0,0,0.0911088,0.547589,0.648757,0.466809,0.229958,0.0113189,0.00635224,0.000683811,0.000197945,0,0,0,0
0,0,0,0,0.0453185,0.566403,0.748407,0.316938,0.123262,0.0307999,0.0180231,0.00944961,0.0037861,0,0,0
0,0,0,0,0,0,0,0,0.0219111,0.808606,0.502563,0.294309,0.0804813,0.00353301,0,0
0,0,0,0,0,0,0,0.172179,0.72421,0.578889,0.297637,0.144087,0.0375912,0,0,0
0,0,0,0,0,0.322434,0.748717,0.389292,0.354604,0.199257,0.133572,0.0249452,0,0,0,0
0,0,0,0,0,0,0,0,0.111029,0.636873,0.759154,0.0758312,5.43593e-005,0,0,0
0,0,0,0,0,0,0,0,0.095491,0.507504,0.765059,0.375934,0.081546,0.00431714,0.00335778,0
0,0,0,0,0.0215779,0.339996,0.563816,0.626499,0.300177,0.239354,0.161493,0.00847802,0,0,0,0
0,0,0,0,0.00502526,0.248192,0.371869,0.70585,0.447687,0.244762,0.203762,0.003749,0,0,0,0
0,0,0,0,0,0.214058,0.497486,0.569515,0.437448,0.349505,0.25295,0.0688676,0.0099628,0,0,0
0,0,0,0,0,0,0.557097,0.733851,0.290613,0.199897,0.163011,0.0108555,0,0,0,0
0,0,0,0,0,0.0667987,0.457545,0.533855,0.436474,0.189994,0.227169,0.355866,0.21082,0.208838,0.0909656,0.00142551
0,0,0,0,0,0,0.209316,0.5519,0.400075,0.245681,0.281747,0.567707,0.171307,0.0124603,0,0
0,0,0,0.000509477,0.48074,0.715829,0.234828,0.159866,0.388483,0.141951,0.0674437,0.012613,0,0,0,0
0,0,0,0,0,0,0,0.00718943,0.223596,0.544436,0.537317,0.5988,0.0791538,0.00238092,0,0
0,0,0,0,0,0,0,0.016952,0.182031,0.556366,0.694051,0.319004,0.261129,0.0730294,0.00654349,0
0,0,0,0,0,0,0,0.179885,0.393944,0.530937,0.591529,0.34966,0.239648,0.0309255,0,0
0,0,0,0,0,0,0,0.00839726,0.309476,0.843537,0.345323,0.26462,0.0576988,0,0,0
0,0,0,0,0,0,0.00487941,0.280628,0.87358,0.356507,0.150207,0.0892766,0.0211717,0.00217092,0,0
0,0,0,0,0.185438,0.428863,0.743378,0.380153,0.259953,0.116924,0.0558865,0.0138528,0,0,0,0
0,0,0,0,0,0,0,0.146599,0.754074,0.524053,0.331356,0.153369,0.0432449,0.00204582,0.00752378,0
0,0,0,0,0,0,0.0443596,0.465366,0.563547,0.604932,0.258183,0.176721,0.00712831,0,0,0
0,0,0,0,0,0.0685824,0.365958,0.71749,0.536439,0.213693,0.113863,0.0135678,0,0,0,0
0,0,0,0,0.0251278,0.518231,0.646457,0.36107,0.270958,0.268868,0.191594,0.0105487,0,0,0,0
0,0,0,0,0,0,0.322086,0.510904,0.582695,0.471164,0.268853,0.0377636,9.26334e-005,0,0,0
0,0,0,0,0,0,2.09355e-005,0.711305,0.551735,0.317508,0.213898,0.205629,0.0263788,0.00929537,0.00217729,0
0,0,0,0,0,0,0,0,0.025544,0.10857,0.366793,0.580506,0.569156,0.428007,0.094375,0.000275324
0,0,0,0,0,0,0.36981,0.903734,0.208381,0.0443531,0.033393,0,0,0,0,0
0,0,0,0,0,0.0332353,0.215979,0.695316,0.569376,0.329422,0.181604,0.0556432,0.000895501,0,0,0
0,0,0,0,0.024861,0.513896,0.782381,0.337256,0.0971146,0,0,0,0,0,0,0
0,0,0,0,0.00808363,0.218397,0.696367,0.62566,0.220329,0.15489,0.0574443,0.00497648,0,0,0,0
0,0,0,0,0,0.148643,0.673322,0.570262,0.308421,0.26455,0.143096,0.0962786,0.0662295,0.0100742,0,0
0,0,0,0,0,0,0.0011014,0.227968,0.845384,0.344043,0.275374,0.188745,0.0594534,0,0,0
0,0,0,0,0,0,0.130653,0.552405,0.636339,0.488719,0.179953,0.0402764,0,0,0,0
0,0,0,0,0,0.00468293,0.685346,0.482381,0.47049,0.12166,0.108266,0.193735,0.107785,0.023511,0,0
0,0,0,0,0.0295212,0.558294,0.702291,0.430361,0.0868244,0.0247169,0.0274995,0.0103694,0,0,0,0
0,0,0,0,0.0304119,0.614363,0.759308,0.212063,0.0107081,0,0,0,0,0,0,0
0,0,0,0,0.0397755,0.486581,0.830436,0.267979,0.0148172,0.000846696,0,0,0,0,0,0
0,0,0,0,0,0.0534906,0.773034,0.54163,0.325161,0.02156,0,0,0,0,0,0
0,0,0,0,0,0.173449,0.970967,0.164722,0.00210135,0,0,0,0,0,0,0
0,0,0,0,0.0195666,0.3186,0.403539,0.430492,0.708609,0.142156,0.0857861,0.123675,0.0697938,0.00913463,0,0
0,0,0,0,0.00943957,0.231845,0.749007,0.366474,0.39131,0.304743,0.0694729,0.00506514,0,0,0,0
0,0,0,0,0.0106123,0.252076,0.840069,0.44461,0.181363,0.00765666,0.000302543,0,0,0,0,0
0,0,0,0,0,0,0.225792,0.752786,0.618309,0.00502051,0,0,0,0,0,0
0,0,0,0,0,0.00197277,0.112384,0.97932,0.161831,0.0442635,0.0112402,0.00276188,0.00400059,0,0,0
0,0,0,0,0.0100541,0.327483,0.741926,0.584297,0.0282275,0,0,0,0,0,0,0
0,0,0,0,0.2019,0.640659,0.543545,0.433358,0.253852,0.0326903,0.00658308,0,0,0,0,0
0,0,0,0,0,0,0.0237537,0.480236,0.844812,0.185677,0.121303,0.0718364,0.0274225,0,0,0
0,0,0,0,0.0133557,0.197926,0.23214,0.478058,0.493992,0.553395,0.2997,0.148244,0.105958,0.062552,0.0314662,0.00431102
0,0,0,0,0,0.175671,0.514699,0.682495,0.412796,0.260605,0.010494,0,0,0,0,0
0,0,0,0,0,0,0,0.0835445,0.16436,0.624316,0.745826,0.131402,0.05073,0.0117796,0.000533568,0
0,0,0,0.125172,0.388442,0.313071,0.495655,0.681681,0.158327,0,0,0,0,0,0,0
0,0,0,0,0,0.00241306,0.109116,0.298943,0.390992,0.447121,0.394712,0.578959,0.231528,0.0364976,0,0
0,0,0,0,0,0,0,0.00128156,0.55779,0.741764,0.372363,0,0,0,0,0
0,0,0,0,0,0,0,0.000225514,0.0759981,0.372056,0.825707,0.409533,0.0792987,0.000615037,0,0
0,0,0,0,0,0,0,0,0,0.186748,0.676697,0.593693,0.388741,0.0601357,0,0
0,0,0.000232397,0.0102808,0.0932466,0.477111,0.839817,0.241206,0.00959468,0,0,0,0,0,0,0
0,0,0,0.00957913,0.0986794,0.222562,0.350984,0.795247,0.424944,0.0664261,0.00624258,0,0,0,0,0
0,0,0,0,0,0,0.0111233,0.122368,0.49436,0.739596,0.433321,0.0757689,0,0,0,0
0,0,0,0,0,0,0,0.57244,0.6914,0.434626,0.073343,0,0,0,0,0
0,0,0,0,0,0.113688,0.407078,0.579684,0.548642,0.415483,0.108107,0.00261979,0,0,0,0
0,0,0,0,0,0.0889606,0.462619,0.678695,0.532476,0.174204,0.0597142,0,0,0,0,0
0,0,0,0,0.0243441,0.329505,0.622271,0.565846,0.414538,0.107657,0,0,0,0,0,0
0,0,0.00117789,0.104298,0.236477,0.385875,0.786601,0.345025,0.21281,0.0349725,0.00199149,0,0,0,0,0
0,0,0,0,0,0,0,0.0377474,0.869059,0.489449,0.0612179,0.00221003,0,0,0,0
0,0,0,0,0.0495462,0.374287,0.493198,0.783716,0.000229684,0,0,0,0,0,0,0
0,0,0,0,0,0,0,0.0402531,0.624122,0.779914,0.0241955,0,0,0,0,0
0,0,0,0,0,0,0.483335,0.692614,0.416612,0.336315,0,0,0,0,0,0
0,0,0,0,0,0.0969072,0.705729,0.64073,0.279338,0.0621838,0.0110984,0.000652849,0,0,0,0
0,0,0,0,0,0.34733,0.931131,0.110839,0.00846147,0,0,0,0,0,0,0
0,0,0,0,0,0,0,0,0.666391,0.605903,0.433671,0.0270788,0,0,0,0
0,0,0,0,0,0,0.00650432,0.251568,0.637554,0.477901,0.353493,0.393345,0.148745,0.00233228,0,0
0,0,0,0,0,0,0.153078,0.524756,0.654998,0.468936,0.198142,0.0928794,0.0388814,0.0437237,0.0308943,0.00309122
0,0,0,0,0,0.0288091,0.0732642,0.0900022,0.400964,0.703908,0.540372,0.162593,0.0962547,0.0383822,0.0159452,0.0034553
0,0,0,0,0,0.229831,0.851393,0.468964,0.0483194,0.00652109,0.000969753,0.000989543,0.00034634,0,0,0
0,0,0,0,0,0,0.023574,0.286723,0.538839,0.550658,0.483613,0.264406,0.117399,0.070722,0.0187335,0.0271258
0,0,0,0,0,0,0,0.00561599,0.0242384,0.356533,0.69898,0.613771,0.0831789,0.0074636,0.00148174,0
0,0,0,0,0,0,0,0.00453015,0.0813213,0.27467,0.505554,0.774093,0.250827,0.0142546,0,0
0,0,0,0,0,0.0330893,0.21974,0.574319,0.47194,0.345194,0.252353,0.411032,0.190476,0.0987919,0.0148443,0
0,0,0.0335139,0.111707,0.0646753,0.131722,0.354239,0.47782,0.513164,0.405751,0.422387,0.0684468,0,0,0,0
0,0,0,0,0,0.0115153,0.34371,0.743638,0.493221,0.233672,0.152877,0.0761713,0.0393282,0.0119198,0.00131479,0
0,0,0,0,0.014015,0.201281,0.328315,0.361287,0.477837,0.551399,0.36362,0.233633,0.0411677,0.0101422,0,0
0,0,0,0,0,0,0,0,0.0234726,0.374584,0.464014,0.769504,0.224622,0.0349775,0.00349646,0
0.0037717,0.0375367,0.0856522,0.0642091,0.045576,0.0855921,0.470742,0.331459,0.572112,0.55704,0.0928801,0.00350122,0.00183326,0.00192342,0.000435774,0
0,0,0,0,0,0,0,0,0.113716,0.844434,0.449006,0.254221,0.0855722,0.0206437,0.00395064,0.000752503
0,0,0,0.00450481,0.267764,0.766722,0.546265,0.198079,0.0527156,0.000956774,0,0,0,0,0,0
0,0,0,0,0,0.0129663,0.222881,0.499812,0.561545,0.295682,0.268424,0.439422,0.178502,0.0240521,0,0
0,0,0,0,0.00232693,0.201966,0.779896,0.436748,0.327769,0.229636,0.00730896,0,0,0,0,0
0,0,0,1.48243e-005,0.324014,0.819737,0.387788,0.250189,0.09406,0.0349853,0,0,0,0,0,0
0,0,0,0,0,0.0110141,0.0568554,0.22984,0.436233,0.6296,0.452982,0.348754,0.17287,0.020433,0,0
0,0,0,0,0.045655,0.440562,0.645086,0.582908,0.213864,0.0312866,0.0186508,0.0249194,0.0127626,0.00738143,0,0
0,0,0,0,0.0306249,0.1568,0.433753,0.660984,0.576122,0.124127,0.0450693,0.00889721,0,0,0,0
0,0,0,0,0,0,0,0.16601,0.815585,0.477447,0.277766,0.0419842,0.0186577,0.00646511,0,0
0,0,0,0,0.10608,0.790922,0.595899,0.0814792,0.0358053,0.0119173,0.00550439,0.000409712,0,0,0,0
0,0,0,0,0,0.344625,0.930899,0.121053,0.00272945,0,0,0,0,0,0,0
0,0,0,0,0,0,0,0.228283,0.721117,0.595773,0.27005,0.00238922,0,0,0,0
0,0,0,0,0,0.00713932,0.0929352,0.391781,0.539983,0.4824,0.477673,0.291871,0.0129417,0.000206737,0,0
0,0,0,0,0,0.0378046,0.85652,0.5147,0.00533015,0,0,0,0,0,0,0
0,0,0,0,0,0,0.00104024,0.302736,0.636512,0.682283,0.193973,0.00811646,0,0,0,0
0,0,0,0,0,0,0.802583,0.594342,0.0511707,0,0,0,0,0,0,0
0,0,0,0,0,0,0,0.0823359,0.344398,0.609392,0.585519,0.380783,0.1224,0.0210456,0.000103291,0
0,0,0,0,0,0,0,0.0656757,0.611104,0.670906,0.414395,0.0200355,0,0,0,0
0,0,0,0,0,0,0.182265,0.508568,0.704806,0.283425,0.185283,0.163107,0.194404,0.179739,0.00494059,0
0,0,0,0,0.0221744,0.373439,0.78396,0.422906,0.257897,0.0098743,0.000993842,0,0,0,0,0
0,0,0,0,0.212812,0.584732,0.325138,0.535049,0.442384,0.12114,0.0879344,0.0406009,0.0320392,0.00471443,0,0
0,0,0,0,0.00991768,0.0916365,0.520323,0.841616,0.111588,0.000186466,0,0,0,0,0,0
0,0,0,0,0,0,0.171887,0.965611,0.194509,0.0139163,0.00469373,0.000120916,0,0,0,0
0,0,0,0,0.2732,0.824762,0.459006,0.169861,0.0741218,0.00980759,0,0,0,0,0,0
0,0,0,0,0.00154156,0.423158,0.377528,0.447453,0.436447,0.358937,0.376696,0.130231,0.00329894,0,0,0
0,0,0,0,0,0,0.0354755,0.532246,0.78571,0.300252,0.0880553,0.0133033,0.00570142,0,0,0
0,0,0,0,0.00828865,0.12324,0.332568,0.364519,0.480424,0.608205,0.283654,0.139113,0.147652,0.122468,0.0627213,0.0013171
0,0,0,0,0,0.0660666,0.418904,0.648535,0.538596,0.299678,0.113006,0.0588982,0.0541078,0.022005,0.00351528,0
0,0,0,0,0,0.32674,0.550139,0.556188,0.290497,0.266141,0.305586,0.177116,0.0343616,0.00947517,0,0
0,0,0,0,0,0.00191284,0.441702,0.639646,0.257738,0.558763,0.130569,0.00668315,0.00335338,0,0,0
0,0,0,0,0.114502,0.331508,0.427506,0.30902,0.391469,0.64083,0.186528,0.00576677,0,0,0,0
0,0,0,0,0.0952172,0.658919,0.595576,0.444457,0.0670292,0.00364227,0,0,0,0,0,0
0,0,0,0,0,0.192605,0.849175,0.475226,0.125135,0.0171538,0.00350711,0,0,0,0,0
0,0,0,0,0,0.0340577,0.505741,0.845732,0.166122,0.0124842,0.00717572,0,0,0,0,0
0,0,0,0,0,0,0,0.031735,0.215026,0.376674,0.722412,0.524445,0.118018,0.00482784,0,0
0,0,0,0,0,0,0,0,0.202225,0.687512,0.67114,0.189366,0.0119587,0,0,0
0,0,0,0,0.0989217,0.159233,0.137864,0.235821,0.413766,0.683515,0.489231,0.109456,0.022777,0,0,0
0,0,0,0,0,0.000905459,0.307288,0.931419,0.194731,0.0081106,0.00679094,0.000722441,0,0,0,0
0,0,0,0,0.0481437,0.106186,0.302777,0.405952,0.637581,0.554458,0.124926,0.0198843,0.000546673,0,0,0
0,0,0,0,0,0,0.000440828,0.287224,0.246374,0.422624,0.691709,0.427179,0.131334,0,0,0
0,0,0,0,0,0,0,0,0.108816,0.355363,0.745217,0.536005,0.138622,0.00327656,0,0
0,0,0,0,0.00182082,0.293456,0.26897,0.70278,0.452645,0.262521,0.241809,0.119131,0.0341025,0.00197256,0,0
0,0,0,0,0,0.0141582,0.381372,0.86114,0.335827,0.00351272,0,0,0,0,0,0
0,0,0,0.00264695,0.0187153,0.0815062,0.158092,0.176566,0.447708,0.491432,0.628194,0.313186,0.0465907,0,0,0
0,0,0,0,0.0259276,0.112381,0.379858,0.368095,0.388928,0.657482,0.328472,0.124378,0.000151866,0,0,0
0,0,0,0,0.129077,0.409117,0.366507,0.498637,0.349875,0.250308,0.380886,0.320058,0.0204354,0,0,0
0,0,0,0,0,0,0,0.0191312,0.123604,0.513932,0.669174,0.521668,0.0172474,0,0,0
0,0,0,0,0,0,0.00056886,0.482109,0.404033,0.302694,0.487554,0.51431,0.102374,0,0,0
0,0,0,0,0,0,0.038547,0.222003,0.629243,0.587909,0.438184,0.115606,0.0475267,0.00411051,0,0
0,0,0,0,0,0,0.0122966,0.0812332,0.444928,0.681534,0.567696,0.0923056,0.000468099,0,0,0
0.462741,0.26448,0.428589,0.487625,0.479886,0.244299,0.0668344,0.00396879,0,0,0,0,0,0,0,0
0,0,0,0,0,0,0,0.00428576,0.0959375,0.606209,0.662658,0.405963,0.138462,0.0139746,0,0
1.24794e-005,0.0214646,0.0966781,0.401313,0.789187,0.444368,0.0939576,0.00582789,0.000137274,0,0,0,0,0,0,0
0.217929,0.31175,0.476246,0.469402,0.47704,0.384261,0.180913,0.0143335,0.0032238,0.00109113,0,0,0,0,0,0
0,0,0,0,0,0,0,0.00266632,0.201254,0.542396,0.516447,0.534166,0.331799,0.0528225,0.0188112,0.00323317
0,0,0,0,0,0,0.00418215,0.0885297,0.23432,0.474487,0.581184,0.549046,0.265769,0.0473527,0,0
0,0,0,0,0,0,0,0.0726192,0.377162,0.592782,0.578593,0.315068,0.218054,0.137369,0.0250835,0
0,0,0,0,0,0,0.00815341,0.0490839,0.107066,0.141296,0.24867,0.482268,0.724074,0.379906,0.055367,0.000635567
0,0,0,0,0.159973,0.866117,0.471296,0.0435875,0.0148554,0.00303416,0.000195752,0,0,0,0,0
0.414152,0.445438,0.56332,0.467961,0.283504,0.0911748,0.036089,0.0612864,0.000587636,0,0,0,0,0,0,0
0,0,0,0,0,0.0142563,0.136917,0.294804,0.525717,0.39074,0.247153,0.262935,0.330576,0.403863,0.248831,0.0237169
0.0312421,0.111103,0.385859,0.609068,0.541762,0.327808,0.200024,0.144821,0.0574687,0.0397363,0,0,0,0,0,0
0,0,0,0.100401,0.937509,0.328877,0.0528685,0.00439735,0.00305093,0.00214138,0.00265703,0,0,0,0,0
0,0,0,0,0.0365301,0.319687,0.843219,0.428763,0.0401092,0.000355114,0,0,0,0,0,0
0,0,0,0,0,0,0,0.00768938,0.179981,0.44843,0.779006,0.39824,0.0318334,9.05965e-005,0,0
0,0,0,0,0,0,0.0227216,0.464181,0.420793,0.634908,0.399407,0.190263,0.0829615,0.0326503,0.0114315,0.00621666
0,0,0,0,0,0,0.0588968,0.480335,0.747645,0.431906,0.139549,0.0215304,0.0148341,0.0116342,0.00094055,0
0.135329,0.38188,0.786098,0.45623,0.0945884,0.0279953,0.00520791,0,0,0,0,0,0,0,0,0
0,0,0,0.000731026,0.2577,0.612606,0.536242,0.494201,0.140585,0.0671026,0.0473443,0.00224825,0,0,0,0
0,0,3.06855e-005,0.0789334,0.382065,0.89706,0.206401,0.0198024,0.00836692,0.00381523,0.000808052,0,0,0,0,0
0.0315924,0.129754,0.413652,0.688249,0.434797,0.36462,0.121657,0.0238167,0.0026292,0,0,0,0,0,0,0
0,0,0,0,0.00373338,0.0978792,0.415559,0.36079,0.583463,0.518481,0.266712,0.0811083,0.0241106,0,0,0
0,0,0,0,0,0.117433,0.729841,0.671781,0.0471985,0.00483403,0,0,0,0,0,0
0,0,0,0,0,0.0555255,0.337412,0.399971,0.487981,0.468684,0.373038,0.340128,0.0999194,0.0217638,0.000205596,0
0,0,0.000954829,0.0268368,0.127449,0.282447,0.934483,0.169563,0.0342012,0.00890835,9.14198e-005,0,0,0,0,0
0,0,0,0,0,1.6563e-005,0.274085,0.561487,0.624592,0.383533,0.259294,0.0704425,0.0142111,0.000248445,0,0
0,0,0,0,0.0100683,0.665616,0.731018,0.149882,0.00161189,0,0,0,0,0,0,0
0,0,0,0,0,0,0,0.0045195,0.0870639,0.69751,0.680596,0.20645,0.00684638,0,0,0
0,0,0,0,0,0.00548831,0.167382,0.71,0.602114,0.309354,0.0952163,0.0232844,0.00185668,0,0,0
