0.192673,0.337178,0.0481683,0.192673,0.0963366,0.0963366,0.0963366,0.144505,0.144505,0.0481683,0.0963366,0.192673,0.240842,0.240842,0.192673,0.144505,0.0963366,0.0963366,0.144505,0.144505,0.144505,0.144505,0.0481683,0.144505,0.192673,0.0963366,0.0481683,0.0963366,0,0.0481683,0.0481683,0.0963366,0,0.0481683,0.192673,0.144505,0.0481683,0.192673,0.0963366,0.0963366,0.0481683,0.28901,0.0963366,0,0,0,0.240842,0.0481683,0.0963366,0.192673
0.0873704,0.131056,0.0873704,0,0.174741,0.0436852,0.0873704,0.0873704,0.0873704,0.174741,0.218426,0.0436852,0.218426,0.131056,0.0873704,0.0873704,0.218426,0.262111,0.131056,0.131056,0.0436852,0.174741,0.0873704,0.131056,0.262111,0.0873704,0.131056,0.0873704,0.131056,0.0436852,0.0873704,0.174741,0.0436852,0.0436852,0.0873704,0.0873704,0.131056,0.174741,0.218426,0.131056,0.0436852,0.131056,0.174741,0.0873704,0.0873704,0.0436852,0.349482,0.131056,0.131056,0.174741
0,0.0623783,0.187135,0.124757,0,0,0.0623783,0,0.0623783,0.0623783,0.37427,0.124757,0.187135,0.311891,0.0623783,0.187135,0,0.187135,0.124757,0,0.0623783,0.124757,0.0623783,0.124757,0,0.124757,0.124757,0,0.249513,0,0.187135,0.187135,0.124757,0.124757,0.0623783,0,0.124757,0.124757,0.249513,0.124757,0,0.249513,0.0623783,0.0623783,0,0.249513,0.0623783,0.0623783,0.187135,0.187135
0.278844,0.0929479,0.0464739,0.0929479,0.0464739,0.139422,0.0929479,0.0464739,0.0464739,0.139422,0.278844,0,0.185896,0.139422,0,0.0929479,0.139422,0.0929479,0,0.23237,0.185896,0.185896,0.139422,0.139422,0.139422,0.0464739,0.139422,0.139422,0.0929479,0.139422,0.23237,0.185896,0.0929479,0.0464739,0.0464739,0.0929479,0.0929479,0.139422,0.0929479,0.139422,0,0.371792,0.185896,0.185896,0,0.0929479,0.0464739,0.0464739,0.185896,0.0929479
0.129099,0.129099,0,0.129099,0,0.258199,0.129099,0,0,0.129099,0.129099,0,0.387298,0,0,0.129099,0.258199,0,0,0.129099,0.129099,0.258199,0,0.129099,0.129099,0.129099,0.129099,0,0.258199,0,0.129099,0.129099,0,0,0,0.129099,0.129099,0.129099,0,0.129099,0,0.387298,0.258199,0.129099,0,0.129099,0,0,0,0.129099
0,0.0813788,0,0,0.162758,0.0813788,0,0.162758,0,0,0.162758,0,0.488273,0,0,0,0.0813788,0.0813788,0.162758,0.0813788,0.162758,0.162758,0,0.406894,0.0813788,0.0813788,0,0.0813788,0.162758,0.244137,0.0813788,0.162758,0.162758,0.0813788,0,0.162758,0,0.0813788,0,0.162758,0,0.244137,0,0.162758,0,0.162758,0.162758,0,0.162758,0.0813788
0,0,0.121268,0,0,0,0.121268,0,0,0,0.121268,0.242536,0.242536,0.121268,0,0.485071,0.363803,0.121268,0,0.242536,0.121268,0.121268,0.121268,0,0,0,0,0,0,0,0.121268,0.121268,0,0,0.121268,0,0.121268,0,0.121268,0,0,0.485071,0,0.121268,0,0.121268,0,0,0,0
0,0.1066,0,0,0,0.319801,0.213201,0.1066,0.213201,0,0.1066,0,0.1066,0.1066,0,0,0.213201,0,0.1066,0,0,0.1066,0,0.1066,0.1066,0.319801,0.1066,0,0,0.319801,0.1066,0.1066,0,0.213201,0,0,0.1066,0.213201,0.1066,0.213201,0,0.426401,0.1066,0.213201,0,0,0,0,0.1066,0.1066
0.0497519,0.0995037,0.398015,0.0497519,0.0497519,0.0995037,0,0.0497519,0.199007,0.149256,0.149256,0.149256,0.0497519,0.447767,0.149256,0,0,0.149256,0.0995037,0.0497519,0,0.149256,0.0497519,0.0497519,0.0995037,0.0995037,0.149256,0,0.149256,0.0497519,0.0995037,0.199007,0.149256,0,0.149256,0,0,0.199007,0.0497519,0.0995037,0.0497519,0.0497519,0.0497519,0.149256,0,0.149256,0.199007,0.0497519,0.298511,0.149256
0.160128,0,0,0,0.160128,0,0,0.160128,0,0,0.320256,0.160128,0.160128,0.160128,0.160128,0,0,0,0.160128,0.160128,0,0.160128,0,0,0.160128,0,0.160128,0,0.160128,0.320256,0,0.160128,0,0.320256,0.320256,0,0,0,0.320256,0,0,0.160128,0,0.160128,0,0.160128,0,0.160128,0,0.160128
0.0773823,0.154765,0,0.309529,0.154765,0.154765,0.154765,0.0773823,0.232147,0.0773823,0.232147,0.0773823,0.232147,0.0773823,0.154765,0.154765,0.0773823,0,0.0773823,0,0.232147,0.154765,0.154765,0.0773823,0.0773823,0,0.232147,0,0.154765,0.0773823,0.0773823,0.0773823,0.154765,0.309529,0,0,0,0.232147,0.154765,0.0773823,0.0773823,0,0.154765,0.0773823,0,0.154765,0.154765,0,0.0773823,0.232147
0.124035,0,0.248069,0,0,0,0,0.124035,0,0.124035,0,0,0.372104,0.372104,0,0.124035,0.248069,0.124035,0,0.248069,0.248069,0.124035,0,0,0.124035,0,0,0,0,0,0.124035,0.124035,0,0,0.124035,0,0,0,0.124035,0,0.248069,0.248069,0.124035,0,0,0.372104,0,0.124035,0,0.124035
0.189832,0,0.189832,0,0,0.0949158,0.0949158,0.0949158,0.0949158,0.0949158,0.189832,0.0949158,0.284747,0.0949158,0,0,0.0949158,0.0949158,0.189832,0,0,0,0,0.0949158,0.0949158,0.0949158,0.284747,0.0949158,0.189832,0.189832,0.189832,0,0.0949158,0.0949158,0.0949158,0.569495,0,0.0949158,0.0949158,0.0949158,0,0.0949158,0.189832,0,0,0.189832,0,0,0.0949158,0
0,0.147442,0,0,0.147442,0,0,0,0,0,0.442326,0,0.442326,0.294884,0,0,0.147442,0,0.147442,0.294884,0,0,0,0,0.147442,0.294884,0.147442,0.147442,0.294884,0,0,0.147442,0.147442,0.147442,0.147442,0,0,0,0,0,0,0.147442,0,0,0,0,0,0,0,0
0,0,0.154303,0.308607,0.154303,0,0.308607,0.154303,0,0,0.154303,0,0.154303,0.308607,0.308607,0,0.154303,0.308607,0,0,0,0,0,0,0.308607,0.154303,0.154303,0.154303,0.154303,0,0,0,0,0.154303,0,0,0,0,0,0,0,0.154303,0,0.308607,0,0,0,0.154303,0.154303,0
0.0816497,0.244949,0,0.326599,0.0816497,0,0.0816497,0.0816497,0.163299,0.408248,0.163299,0,0.163299,0.0816497,0,0.0816497,0.0816497,0,0,0,0.163299,0.326599,0.163299,0.244949,0,0.163299,0.0816497,0,0.0816497,0.244949,0,0,0.0816497,0,0,0.0816497,0.163299,0,0.0816497,0.0816497,0.0816497,0.244949,0.0816497,0.244949,0,0.0816497,0,0,0,0.163299
0.0769231,0.0769231,0.0769231,0.153846,0,0.153846,0.153846,0,0.0769231,0.0769231,0.153846,0.153846,0.153846,0.0769231,0.0769231,0.153846,0.0769231,0.230769,0,0,0.153846,0.153846,0,0.307692,0.0769231,0.0769231,0,0,0,0,0.0769231,0.153846,0,0.0769231,0,0.0769231,0.153846,0.0769231,0.230769,0.0769231,0.0769231,0.615385,0,0.153846,0,0.153846,0.0769231,0.0769231,0,0.0769231
0.0800641,0.160128,0.0800641,0.160128,0,0.0800641,0.240192,0,0.160128,0.0800641,0.160128,0,0.0800641,0.0800641,0,0.0800641,0.240192,0,0.0800641,0.0800641,0.0800641,0,0,0.0800641,0,0.160128,0,0,0.160128,0.160128,0.640513,0,0.160128,0,0,0.0800641,0,0.0800641,0,0.0800641,0,0.240192,0.0800641,0,0,0.160128,0,0.0800641,0.160128,0.240192
0.295599,0,0,0,0,0.0985329,0.0985329,0.0985329,0,0.197066,0.197066,0.0985329,0.0985329,0.295599,0.0985329,0.0985329,0,0.492665,0,0.0985329,0,0.0985329,0.0985329,0,0.197066,0.197066,0.197066,0,0.0985329,0,0.197066,0,0,0.0985329,0,0,0,0.0985329,0.197066,0,0,0.197066,0,0.197066,0,0.0985329,0.197066,0.0985329,0.197066,0.0985329
0.232147,0,0.0773823,0,0.0773823,0.0773823,0.0773823,0.309529,0.0773823,0,0.0773823,0,0.154765,0.0773823,0,0.154765,0.0773823,0,0.0773823,0.0773823,0.154765,0.232147,0,0.0773823,0.154765,0.232147,0.0773823,0.154765,0.0773823,0.154765,0.232147,0,0,0,0.154765,0.0773823,0.0773823,0.154765,0,0.232147,0,0.309529,0.154765,0.232147,0,0,0.0773823,0.154765,0,0.386912
0.104257,0.208514,0.208514,0,0,0,0.208514,0.417029,0.312772,0.104257,0.104257,0,0.417029,0.104257,0.104257,0,0,0,0.104257,0,0.104257,0.104257,0.104257,0.208514,0,0.104257,0,0,0,0,0.208514,0,0,0,0,0,0.104257,0,0.104257,0,0,0.104257,0.104257,0,0,0.417029,0.104257,0,0,0
0.3849,0.096225,0.19245,0.096225,0.096225,0.096225,0,0.096225,0.19245,0.19245,0,0,0,0.096225,0.288675,0.288675,0.19245,0,0,0,0,0,0,0,0.096225,0.19245,0.096225,0,0,0.096225,0,0,0,0,0,0,0.19245,0,0,0.096225,0.096225,0.3849,0.288675,0.096225,0.288675,0,0,0,0.19245,0
0,0.19245,0,0.19245,0,0.19245,0.19245,0,0,0.19245,0,0,0,0.3849,0,0.19245,0.19245,0,0,0.19245,0,0,0,0.19245,0.19245,0,0,0,0.19245,0,0.3849,0.19245,0,0,0.19245,0,0,0,0,0.19245,0,0.3849,0,0,0,0,0,0.19245,0,0
0,0.144338,0.288675,0,0,0.144338,0,0,0,0,0,0,0,0.288675,0,0,0,0.288675,0,0,0,0,0.144338,0,0,0.144338,0,0,0,0.144338,0.288675,0.144338,0.288675,0,0.144338,0,0,0.144338,0.144338,0,0,0,0.144338,0.288675,0,0,0.433013,0.144338,0,0.288675
0.163299,0.0816497,0,0,0.0816497,0,0,0.163299,0.163299,0,0.0816497,0,0.0816497,0.163299,0,0.244949,0,0.163299,0.0816497,0.163299,0.0816497,0.0816497,0.163299,0.0816497,0,0.0816497,0.163299,0.0816497,0.326599,0.0816497,0.163299,0.0816497,0,0,0,0,0.0816497,0.0816497,0,0,0.0816497,0.571548,0.163299,0,0.0816497,0.244949,0.244949,0,0.0816497,0.0816497
0,0.125988,0.125988,0,0,0.251976,0.125988,0,0.125988,0,0.125988,0.251976,0,0,0.125988,0.125988,0.251976,0.251976,0.125988,0.251976,0,0,0,0,0.125988,0.125988,0.125988,0.125988,0.125988,0.377964,0.125988,0.125988,0.125988,0.125988,0.125988,0,0.125988,0.125988,0,0.125988,0.125988,0.125988,0.251976,0.125988,0.251976,0,0,0,0.125988,0.125988
0,0,0.166667,0,0.333333,0.333333,0.166667,0,0.333333,0,0.333333,0,0.333333,0,0,0.166667,0,0,0,0.166667,0.166667,0.166667,0,0,0,0,0.166667,0.166667,0,0.166667,0.166667,0.166667,0,0,0,0,0,0,0,0,0,0.166667,0.166667,0.166667,0.166667,0,0,0,0,0.166667
0,0.272166,0,0,0.136083,0.272166,0,0,0,0.136083,0.136083,0,0,0,0,0,0,0.408248,0,0.136083,0,0.136083,0.136083,0.136083,0,0,0,0.136083,0.136083,0.136083,0.272166,0,0.272166,0,0,0,0.272166,0.272166,0,0.136083,0,0.136083,0.272166,0,0,0.272166,0,0,0,0.136083
0.158114,0,0.0790569,0.0790569,0,0,0.0790569,0,0,0.0790569,0.316228,0,0.158114,0.158114,0.0790569,0.158114,0.158114,0.158114,0,0.0790569,0,0.0790569,0.0790569,0.316228,0.0790569,0.0790569,0.0790569,0.0790569,0.0790569,0.158114,0.237171,0.0790569,0.0790569,0.237171,0.0790569,0,0.158114,0.237171,0,0.316228,0,0.316228,0,0.158114,0,0.158114,0.237171,0,0.158114,0
0,0,0,0.27735,0.27735,0.27735,0.27735,0,0,0,0.27735,0,0.27735,0,0,0.27735,0,0,0,0,0,0.27735,0,0,0,0.27735,0,0,0.27735,0.27735,0,0,0.27735,0,0,0,0,0,0,0,0,0,0,0,0,0,0,0,0,0.27735
0.0595491,0,0.178647,0.297746,0.0595491,0.119098,0,0.0595491,0.0595491,0.0595491,0.178647,0.119098,0.119098,0.178647,0.178647,0.238197,0.238197,0.119098,0.0595491,0.0595491,0.0595491,0.178647,0.178647,0.0595491,0.119098,0,0.119098,0.119098,0.0595491,0.178647,0.0595491,0.238197,0,0,0.119098,0.0595491,0,0.119098,0.0595491,0.0595491,0,0.357295,0.178647,0.238197,0.0595491,0.178647,0.238197,0.0595491,0.119098,0.119098
0,0,0.639602,0,0.213201,0,0,0,0,0,0,0,0,0,0,0.213201,0,0,0,0,0.213201,0,0,0,0,0.426401,0,0,0,0,0,0.213201,0,0,0.213201,0,0,0.213201,0,0,0,0,0,0,0.213201,0,0.213201,0,0.213201,0
0,0.255377,0.0851257,0.170251,0.170251,0.170251,0.170251,0.0851257,0.170251,0,0.0851257,0,0.0851257,0.0851257,0.340503,0.170251,0.170251,0.255377,0.0851257,0.0851257,0,0,0.0851257,0.170251,0.255377,0.170251,0,0,0.170251,0.170251,0.170251,0.0851257,0.0851257,0.255377,0.0851257,0,0,0.0851257,0.0851257,0.0851257,0.0851257,0.0851257,0.0851257,0.255377,0,0.0851257,0,0.0851257,0.255377,0.0851257
0,0,0.348155,0,0,0,0,0.174078,0,0.174078,0,0,0,0.522233,0,0.174078,0,0.174078,0,0,0,0,0,0.174078,0,0.348155,0,0,0.174078,0,0.174078,0,0.174078,0,0,0,0,0.348155,0.174078,0,0.174078,0,0.174078,0,0,0,0.174078,0,0,0
0.288675,0,0,0,0,0,0,0,0,0,0,0,0,0,0,0,0,0,0,0,0,0.288675,0,0,0.288675,0,0.288675,0,0,0.288675,0,0,0.288675,0.288675,0.288675,0,0.288675,0,0,0,0,0,0,0.288675,0,0,0.288675,0.288675,0,0
0,0.242536,0,0,0.242536,0,0,0,0,0,0,0,0,0,0,0.242536,0,0.485071,0,0,0,0,0,0,0,0,0,0,0,0.485071,0.242536,0.242536,0,0,0,0.242536,0.242536,0.242536,0,0,0,0,0.242536,0,0,0,0,0,0,0
0.185695,0,0.185695,0,0.371391,0,0,0.185695,0,0,0,0,0.185695,0,0,0.185695,0.185695,0.185695,0,0,0,0,0.185695,0,0,0.185695,0,0,0,0,0.371391,0,0,0,0.185695,0.371391,0.185695,0,0.185695,0,0,0.185695,0,0,0,0,0,0.371391,0,0
0,0.1,0.2,0,0.2,0.1,0.2,0,0,0,0,0,0,0.1,0,0.2,0,0.2,0.3,0.1,0.2,0,0.1,0,0,0,0.2,0,0.1,0.1,0.4,0,0.2,0.2,0.1,0.3,0.2,0.1,0.1,0.2,0,0,0.1,0.2,0,0.2,0.1,0.1,0.1,0
0,0,0.113961,0,0,0.341882,0.341882,0,0.113961,0.341882,0.113961,0,0.227921,0.113961,0,0.113961,0.113961,0.113961,0,0.113961,0.113961,0,0.113961,0.227921,0.113961,0.113961,0.113961,0,0.341882,0.113961,0,0,0,0,0.227921,0.227921,0.227921,0,0,0,0,0,0.113961,0,0,0.113961,0.113961,0,0,0.227921
0,0.262613,0,0.131306,0,0,0,0.131306,0,0,0,0,0.131306,0.131306,0,0,0,0,0,0.262613,0,0.131306,0,0.131306,0.131306,0.131306,0.131306,0,0,0.393919,0,0.131306,0.131306,0,0,0,0.262613,0,0,0,0,0,0.262613,0,0,0,0.393919,0.393919,0.262613,0
0,0,0,0,0.447214,0.298142,0.447214,0.149071,0,0,0.298142,0.149071,0.149071,0,0,0,0,0,0,0.298142,0,0.149071,0,0.149071,0,0,0.298142,0,0.149071,0.149071,0,0,0,0,0.149071,0,0,0,0.149071,0,0,0,0,0,0,0,0.149071,0,0,0.149071
0,0,0.229416,0,0,0,0,0,0,0,0,0,0,0,0,0,0,0,0,0,0.229416,0.229416,0,0.458831,0,0.229416,0,0,0,0,0,0.229416,0.229416,0.229416,0,0,0,0,0,0,0.229416,0,0.229416,0,0,0.229416,0,0.229416,0,0.458831
0.194717,0,0.0973585,0.0973585,0.0973585,0,0.0973585,0.0973585,0.0486792,0.0973585,0.146038,0.0486792,0.243396,0.194717,0.0973585,0.146038,0.194717,0.0973585,0.0486792,0,0,0.146038,0.0973585,0.0973585,0.0973585,0.0973585,0.0973585,0.146038,0.243396,0.0486792,0.146038,0.146038,0.0486792,0.0486792,0,0.243396,0.0973585,0.194717,0.0486792,0.0486792,0.146038,0.535472,0.0486792,0.0486792,0.0973585,0.0486792,0.146038,0.0486792,0.146038,0.146038
0.241402,0.144841,0.0965609,0.0965609,0.289683,0.0482805,0.0965609,0.144841,0.193122,0,0.0965609,0.0965609,0.0965609,0.0965609,0.289683,0.241402,0.144841,0.193122,0.0965609,0.144841,0.144841,0.0965609,0.0965609,0.0965609,0.0965609,0.0482805,0.0965609,0.0965609,0.144841,0,0.0965609,0.241402,0.0965609,0.144841,0.0482805,0.0965609,0.144841,0.0482805,0.144841,0.144841,0.0965609,0.193122,0.144841,0.144841,0.0482805,0.193122,0,0.0965609,0.0965609,0.241402
0,0.134298,0.0895323,0.134298,0.134298,0.134298,0.223831,0.223831,0.0447661,0.134298,0.134298,0.134298,0.134298,0.0447661,0.0895323,0.0895323,0,0.134298,0.0447661,0.358129,0,0.0895323,0.0895323,0.179065,0.223831,0.0895323,0.0895323,0.0447661,0.179065,0,0.134298,0.313363,0,0.0895323,0.0895323,0.0895323,0.0895323,0.179065,0.0895323,0.0447661,0,0.134298,0.179065,0.268597,0,0.0895323,0.223831,0.0895323,0.0447661,0.223831
0.0353775,0.14151,0.0707549,0.176887,0.247642,0,0.0353775,0.0353775,0,0,0.14151,0.0707549,0.176887,0.0353775,0.0353775,0.106132,0.0707549,0.0707549,0,0.176887,0.106132,0.424529,0.106132,0.14151,0.0707549,0.176887,0.176887,0.0707549,0.0707549,0.0353775,0.14151,0.0707549,0.0353775,0.0707549,0.212265,0.212265,0.389152,0.247642,0.0353775,0.106132,0,0.14151,0.14151,0.0707549,0,0.0353775,0.0707549,0.106132,0.212265,0.106132
0,0.0803219,0.240966,0.240966,0.0803219,0.0803219,0,0.0803219,0.0803219,0,0.0803219,0,0.40161,0.0803219,0,0.0803219,0,0,0.160644,0,0,0.0803219,0.0803219,0.240966,0,0.0803219,0.0803219,0.0803219,0.0803219,0.240966,0.0803219,0.321288,0.240966,0.0803219,0.0803219,0.240966,0.240966,0,0.0803219,0.0803219,0,0.240966,0,0,0,0.240966,0.0803219,0.160644,0.0803219,0.160644
0.148659,0,0.0743294,0.222988,0,0.148659,0.148659,0.148659,0,0,0.148659,0,0.222988,0.148659,0.0743294,0.148659,0,0.148659,0,0.148659,0,0.0743294,0.0743294,0.0743294,0.148659,0.297318,0.148659,0,0.148659,0.222988,0.0743294,0.148659,0.222988,0.222988,0.148659,0,0.0743294,0.0743294,0.0743294,0.148659,0,0.445976,0.0743294,0.0743294,0,0.148659,0.148659,0.148659,0,0.0743294
0,0,0.288675,0.288675,0,0,0.288675,0,0.288675,0,0,0,0,0.288675,0,0,0.288675,0,0,0,0,0,0,0,0,0,0,0,0,0,0.288675,0.288675,0,0,0.288675,0,0,0,0.288675,0,0,0,0.288675,0,0,0,0,0.288675,0,0
0.0836242,0.250873,0.167248,0.167248,0.250873,0.0836242,0,0.0836242,0,0.167248,0.167248,0,0.334497,0.167248,0.0836242,0.0836242,0.167248,0,0.250873,0.250873,0.167248,0,0,0.167248,0.0836242,0,0,0.167248,0.250873,0,0.0836242,0.167248,0.250873,0.167248,0,0,0.0836242,0.0836242,0.167248,0,0,0,0.167248,0.167248,0,0.0836242,0.167248,0.0836242,0.0836242,0.0836242
0,0,0.229416,0,0,0,0,0.229416,0.229416,0,0.229416,0,0,0.229416,0,0.229416,0,0,0,0.229416,0,0.229416,0,0,0,0.229416,0,0,0.229416,0.229416,0,0,0.229416,0,0,0,0.229416,0.229416,0,0,0.229416,0.229416,0.229416,0,0,0,0,0.229416,0,0.229416
0,0,0.0953463,0,0.0953463,0,0,0,0.0953463,0,0,0,0.381385,0.0953463,0.286039,0,0,0,0,0.0953463,0.190693,0,0.0953463,0,0,0.476731,0.190693,0,0,0.381385,0.0953463,0.286039,0,0.190693,0.0953463,0,0.190693,0.190693,0,0,0,0.190693,0.0953463,0,0,0.0953463,0,0,0.0953463,0
0.1,0.2,0.1,0,0.1,0,0.1,0,0,0.1,0,0,0.4,0.1,0,0,0.2,0,0.1,0.2,0.1,0.1,0.1,0,0.1,0.2,0,0.1,0,0,0.1,0.2,0.1,0,0.1,0.4,0.1,0.1,0,0,0.3,0.2,0.2,0,0,0.2,0.1,0,0,0.3
0.174078,0,0.348155,0,0,0.348155,0.174078,0,0,0.174078,0,0,0,0.174078,0,0.174078,0,0.174078,0,0,0.174078,0,0,0.174078,0,0.348155,0,0,0,0.174078,0.174078,0.348155,0,0,0,0,0,0,0.174078,0,0,0.348155,0,0,0,0.174078,0,0.174078,0,0
0,0,0,0.208514,0,0,0.208514,0.208514,0.208514,0.208514,0,0,0,0,0,0,0.208514,0,0,0,0,0.208514,0,0.417029,0,0.208514,0,0,0.208514,0.417029,0.208514,0.208514,0,0,0,0,0,0,0,0,0,0,0,0,0,0.417029,0,0,0,0
0,0.437595,0.145865,0.145865,0,0.145865,0.145865,0,0,0.145865,0,0,0.29173,0,0,0,0,0.145865,0,0,0,0.145865,0,0.145865,0,0.29173,0,0.145865,0.29173,0.29173,0,0,0,0,0.29173,0,0,0.145865,0,0.145865,0,0.29173,0.145865,0.145865,0,0,0.145865,0,0,0
0,0.174078,0,0,0,0,0,0.174078,0,0.174078,0.174078,0,0.174078,0,0,0,0,0.348155,0,0,0,0.348155,0,0.522233,0,0.174078,0.174078,0,0,0,0,0,0.174078,0.174078,0,0,0,0,0.348155,0,0,0,0.174078,0,0,0,0,0,0.174078,0.174078
0,0,0,0,0,0,0,0,0,0,0,0,0,0,0,0,0,0,0,0,0,0,0,0,0,0,0,0,0.447214,0,0.447214,0,0,0,0,0,0.447214,0,0,0,0,0,0,0.447214,0,0,0,0.447214,0,0
0,0,0,0,0.185695,0.185695,0,0,0,0.185695,0.371391,0,0,0.185695,0,0,0,0,0,0,0,0.371391,0,0,0.185695,0.185695,0.185695,0,0,0,0.557086,0,0.185695,0.185695,0,0.185695,0,0.185695,0.185695,0,0,0,0,0,0,0,0,0,0,0
0.114708,0.344124,0.114708,0.114708,0,0.229416,0.114708,0.114708,0.114708,0.229416,0.114708,0.344124,0.229416,0,0,0.229416,0.229416,0.114708,0.114708,0,0,0.114708,0,0,0.114708,0,0,0.114708,0.229416,0,0,0.114708,0.229416,0.229416,0.114708,0,0.114708,0.114708,0.229416,0.114708,0,0,0.229416,0,0,0.114708,0,0,0,0
0,0.125,0.25,0.25,0,0,0.375,0,0,0,0.25,0,0,0,0.375,0.25,0,0,0,0,0.125,0.125,0.125,0.25,0.125,0.25,0,0,0,0.125,0.125,0,0,0,0,0.125,0,0.125,0.125,0.125,0,0.125,0.25,0.125,0,0,0,0,0.25,0.125
0,0,0,0,0,0.189832,0.189832,0.0949158,0.284747,0.0949158,0,0,0.284747,0.0949158,0,0,0.189832,0.189832,0.0949158,0.0949158,0.0949158,0,0.0949158,0,0.0949158,0.474579,0.0949158,0.0949158,0,0.189832,0,0.0949158,0,0.0949158,0.379663,0,0.189832,0.189832,0.0949158,0,0,0,0.189832,0,0,0.189832,0.0949158,0.0949158,0.0949158,0
0,0,0,0,0,0.137361,0,0,0,0.137361,0.137361,0,0.137361,0,0,0,0,0,0.137361,0,0.274721,0,0,0.137361,0,0.137361,0,0.137361,0.137361,0,0,0,0.412082,0.274721,0,0.274721,0,0,0.549442,0,0,0.137361,0.274721,0,0,0.137361,0,0,0,0.137361
0,0,0,0.218218,0,0.218218,0,0,0,0,0,0,0.218218,0,0,0.654654,0,0.218218,0,0.218218,0,0,0,0,0,0.218218,0,0,0.218218,0,0.218218,0,0,0,0,0,0.218218,0,0,0.218218,0,0.218218,0,0,0,0.218218,0,0,0,0
0.196116,0.196116,0,0,0,0.196116,0,0,0,0,0,0,0.196116,0,0,0.196116,0,0.196116,0,0.196116,0.392232,0,0,0,0,0.196116,0,0.196116,0,0.392232,0,0,0,0,0,0,0,0,0,0,0,0,0,0,0,0.588348,0,0,0,0
0,0.156174,0.312348,0.312348,0,0,0,0,0.156174,0.156174,0.156174,0,0,0.312348,0,0.156174,0,0.156174,0,0,0,0,0,0.468521,0,0,0.156174,0,0,0,0,0.312348,0,0.156174,0,0,0.156174,0,0,0,0,0.156174,0,0,0,0,0.156174,0.312348,0,0.156174
0,0.2,0.4,0,0.2,0.4,0,0.2,0,0.2,0.2,0,0,0,0,0,0,0.2,0,0,0,0.2,0.2,0.2,0,0.2,0,0.2,0.2,0,0,0,0,0.2,0.2,0,0,0,0,0,0,0.2,0,0,0,0,0.2,0,0.2,0
0.164399,0,0,0,0.328798,0,0,0.164399,0,0,0,0,0.164399,0.164399,0,0.328798,0,0.164399,0,0,0.164399,0.164399,0.328798,0,0,0.164399,0.164399,0,0.164399,0,0.328798,0,0,0,0,0.328798,0,0,0,0.328798,0,0.164399,0.164399,0.164399,0,0,0,0,0,0
0,0.244339,0.122169,0.122169,0.244339,0,0.122169,0,0,0,0.122169,0.244339,0.122169,0.122169,0,0.122169,0.122169,0.122169,0,0.488678,0,0,0,0.366508,0.244339,0.122169,0,0,0,0,0.122169,0.244339,0.122169,0,0.122169,0,0.122169,0,0.122169,0.122169,0,0,0,0,0,0,0.122169,0.244339,0,0.122169
0,0.288675,0.216506,0.0721688,0.0721688,0,0.288675,0.144338,0.0721688,0.0721688,0.0721688,0.0721688,0.0721688,0,0.0721688,0.144338,0,0,0.144338,0.0721688,0,0,0.144338,0.216506,0,0.0721688,0,0,0.0721688,0,0.216506,0.360844,0.216506,0.216506,0.144338,0,0,0.216506,0,0.144338,0,0.0721688,0.288675,0.144338,0,0,0,0,0.288675,0.216506
0.163846,0.0819232,0,0.0819232,0.0819232,0.0819232,0,0,0,0,0.0819232,0,0.24577,0.0819232,0.0819232,0.0819232,0,0.24577,0,0.24577,0.327693,0.24577,0.0819232,0.163846,0,0.163846,0,0.0819232,0,0,0.0819232,0.24577,0.409616,0.163846,0.0819232,0.163846,0.163846,0,0.0819232,0.24577,0,0.0819232,0.0819232,0,0,0,0.163846,0.24577,0.0819232,0.0819232
0,0,0,0,0,0,0,0,0,0.755929,0,0,0,0,0,0,0,0,0,0,0,0,0,0,0,0,0,0,0,0.377964,0,0.377964,0,0,0,0,0,0,0,0,0,0,0,0.377964,0,0,0,0,0,0
0,0,0.408248,0,0,0.408248,0,0.408248,0.408248,0,0,0,0,0,0,0,0,0,0,0,0.408248,0.408248,0,0,0,0,0,0,0,0,0,0,0,0,0,0,0,0,0,0,0,0,0,0,0,0,0,0,0,0
0,0,0,0,0.242536,0,0,0,0,0,0.242536,0,0.242536,0,0.242536,0,0,0.242536,0,0,0.242536,0,0.485071,0.242536,0,0.485071,0,0,0.242536,0,0,0,0,0,0,0,0,0,0.242536,0,0,0,0,0,0,0,0,0,0,0
0,0,0,0,0,0.169031,0,0,0.338062,0,0,0,0.338062,0.169031,0,0,0,0,0,0.169031,0,0,0,0.169031,0,0.338062,0.169031,0,0.507093,0.169031,0.338062,0,0.169031,0,0,0,0.169031,0,0.169031,0,0,0,0,0,0,0,0,0,0,0.169031
0,0,0,0,0,0,0,0,0,0,0,0,0.8,0,0,0,0.2,0,0,0.2,0,0,0,0,0,0,0,0,0.2,0,0.2,0.2,0,0.2,0.2,0,0,0,0,0,0,0,0,0.2,0,0,0,0.2,0,0
0,0,0.125988,0.125988,0,0,0,0.251976,0,0.125988,0,0,0.251976,0.251976,0,0.125988,0.251976,0,0,0.251976,0,0,0,0.503953,0,0,0.251976,0,0.125988,0,0,0,0,0,0,0,0,0.125988,0.251976,0.125988,0,0.251976,0.125988,0.125988,0,0.125988,0,0.125988,0.251976,0
0,0,0,0.0985329,0,0,0,0.197066,0.0985329,0.0985329,0.0985329,0,0.197066,0.295599,0.0985329,0.0985329,0.0985329,0.0985329,0.0985329,0.295599,0,0.0985329,0,0.394132,0,0.295599,0,0,0.197066,0,0,0.197066,0,0.197066,0,0,0,0.0985329,0,0.0985329,0,0.394132,0,0,0,0,0.197066,0.197066,0.197066,0
0,0.267261,0,0,0,0,0,0,0,0,0,0,0.267261,0,0,0,0,0,0,0,0.267261,0,0,0.534522,0,0,0,0,0,0,0,0,0,0,0,0,0,0,0,0,0.267261,0.534522,0.267261,0,0,0,0,0.267261,0,0
0,0,0.27735,0.27735,0,0,0,0,0,0,0.27735,0,0,0.27735,0,0,0,0,0,0,0,0,0,0,0,0.27735,0,0,0,0.5547,0,0,0.27735,0,0,0,0,0,0,0,0,0,0,0,0,0,0.27735,0.27735,0.27735,0
0,0,0.213201,0,0.213201,0,0,0,0,0,0,0,0.213201,0.213201,0.213201,0,0.426401,0,0,0.213201,0,0,0,0.213201,0,0,0,0,0.213201,0.213201,0.213201,0,0,0,0.213201,0,0,0,0.213201,0.213201,0,0,0.213201,0,0,0,0,0,0.426401,0
0,0,0,0.11547,0.11547,0,0,0.23094,0,0,0,0.11547,0.23094,0.11547,0.11547,0.34641,0,0.11547,0.23094,0,0,0,0,0,0.11547,0.23094,0.23094,0,0.11547,0,0,0,0,0,0.11547,0,0.34641,0.34641,0,0,0,0,0.23094,0.34641,0,0,0.11547,0,0.11547,0.23094
0,0,0,0,0.158114,0.316228,0.158114,0,0,0,0,0.158114,0.316228,0.158114,0,0.158114,0,0,0,0,0.158114,0.474342,0,0.158114,0.158114,0.158114,0,0,0,0,0,0,0,0,0,0,0,0.158114,0.316228,0,0,0.158114,0,0.158114,0,0.158114,0.158114,0.158114,0.316228,0
0,0.122169,0.244339,0.366508,0,0,0,0,0.122169,0.366508,0.122169,0,0,0.244339,0,0.244339,0.122169,0,0,0.244339,0,0.244339,0,0,0,0.122169,0.122169,0.244339,0.122169,0.244339,0.122169,0.244339,0.122169,0,0,0,0,0,0.122169,0,0,0.122169,0,0,0,0,0,0.244339,0.122169,0.122169
0,0,0.185695,0,0,0,0.185695,0,0,0,0.371391,0,0,0.185695,0,0,0,0.185695,0,0.185695,0,0,0,0,0,0.185695,0.185695,0,0,0.185695,0,0,0,0.185695,0,0,0,0.185695,0.185695,0.185695,0,0,0,0,0,0.557086,0.371391,0,0,0
0.0910032,0.136505,0.0455016,0.182006,0.136505,0.182006,0.136505,0.182006,0.0910032,0.227508,0.273009,0.0910032,0.273009,0.0455016,0.0910032,0.136505,0.227508,0.136505,0.0910032,0.0910032,0.0910032,0.182006,0.182006,0.0455016,0.0910032,0.0910032,0.227508,0,0.0910032,0.136505,0.0455016,0.0455016,0.136505,0,0.0910032,0,0.0910032,0.0455016,0.0910032,0,0.0910032,0.182006,0.0910032,0.273009,0.227508,0.0455016,0.0910032,0.182006,0.0910032,0.227508
0,0.0508987,0,0.0508987,0,0.0508987,0,0.0508987,0.203595,0.101797,0.0508987,0.0508987,0.254493,0.101797,0.0508987,0.152696,0.0508987,0.0508987,0,0,0,0.101797,0.0508987,0.101797,0,0,0.101797,0.0508987,0.356291,0,0.152696,0.152696,0.0508987,0.0508987,0.152696,0,0.101797,0.0508987,0.203595,0,0.0508987,0.203595,0.407189,0.407189,0.152696,0,0.152696,0.152696,0.254493,0.152696
0.0569803,0.113961,0,0.113961,0.0569803,0.0569803,0.0569803,0.113961,0.0569803,0.170941,0.0569803,0.113961,0.0569803,0.0569803,0.170941,0.113961,0,0.0569803,0.0569803,0.170941,0.113961,0.170941,0.113961,0.113961,0.0569803,0.170941,0.170941,0,0.0569803,0.0569803,0.284901,0.113961,0.0569803,0,0.113961,0,0.0569803,0,0.398862,0.113961,0.227921,0.113961,0.227921,0.227921,0.341882,0,0.113961,0.113961,0.170941,0.227921
0,0.244339,0,0,0,0,0.122169,0.244339,0.122169,0,0.122169,0.122169,0,0,0.122169,0,0,0.122169,0,0.122169,0,0,0,0,0.244339,0.366508,0,0.122169,0.366508,0,0.122169,0.122169,0,0,0,0.122169,0.244339,0,0.122169,0,0,0.122169,0.122169,0.122169,0,0.488678,0.122169,0,0,0.122169
0,0,0.147442,0.147442,0,0,0,0.147442,0.147442,0.294884,0,0,0.442326,0,0,0.294884,0.147442,0,0,0,0,0.147442,0.147442,0,0,0,0.147442,0,0,0,0.147442,0,0,0,0,0,0.147442,0,0,0.147442,0,0.294884,0,0.294884,0,0,0,0,0.442326,0.147442
0,0,0,0.316228,0,0,0,0,0.316228,0,0,0,0,0.316228,0,0,0,0,0,0,0,0,0,0,0,0.316228,0,0,0.316228,0,0,0,0,0,0,0,0,0,0,0,0.316228,0.316228,0,0.316228,0.316228,0.316228,0,0,0,0
0,0,0,0,0,0,0,0,0,0,0,0,0,0,0,0,0,0,0,0,0,0,0,0,0,0,0,0,0,0,0,0,0,0.894427,0,0.447214,0,0,0,0,0,0,0,0,0,0,0,0,0,0
0,0,0,0,0,0,0,0,0,0,0,0,0,0,0,0,0,0,0,0,0,0,0,0,0,0,0,0,0,0.603023,0,0,0.301511,0,0,0,0,0,0,0.603023,0,0,0,0,0,0.301511,0,0,0,0.301511
0,0,0,0,0,0,0,0,0,0,0,0,0,0,0,0,0,0,0,0,0,0.258199,0,0.258199,0,0.516398,0.258199,0,0,0.258199,0,0,0,0,0.258199,0,0.258199,0,0,0,0,0,0.516398,0,0,0,0,0.258199,0,0
0,0,0,0,0,0,0,0.258199,0,0,0,0,0.258199,0.258199,0,0.258199,0,0,0,0,0.258199,0,0,0.774597,0,0,0,0,0,0,0,0,0,0,0,0,0,0,0,0,0,0,0,0,0,0,0,0,0.258199,0
0,0.179605,0,0,0,0,0,0.359211,0.179605,0.359211,0.179605,0,0.359211,0,0,0.179605,0,0,0,0,0.179605,0.179605,0,0.179605,0,0,0,0,0.538816,0,0,0,0,0.179605,0,0,0,0,0,0,0,0.179605,0,0,0,0,0,0.179605,0,0
0.185695,0.185695,0,0.185695,0.185695,0,0.185695,0.185695,0.185695,0.185695,0,0,0.185695,0,0,0.185695,0.185695,0,0,0,0,0,0,0,0.185695,0,0.371391,0,0.185695,0,0.371391,0.185695,0,0,0,0,0,0.371391,0,0,0,0.185695,0.185695,0,0,0,0.185695,0,0,0
0,0,0,0.208514,0,0,0.208514,0,0.208514,0,0,0,0.208514,0,0,0,0,0,0.208514,0,0.208514,0,0,0.208514,0,0.208514,0,0,0.417029,0.208514,0.208514,0.208514,0,0,0,0,0,0,0.208514,0,0,0.417029,0,0.208514,0,0.208514,0,0,0,0.208514
0,0.408248,0.204124,0,0,0,0,0,0.408248,0.204124,0,0,0,0,0,0,0,0,0.204124,0,0,0,0.204124,0,0,0,0,0,0,0.204124,0,0,0,0.204124,0,0,0,0,0,0.204124,0,0.408248,0.204124,0.204124,0,0,0,0.204124,0.204124,0.204124
0,0,0,0,0,0,0,0,0.171499,0.171499,0,0,0.171499,0.171499,0,0,0.171499,0,0.171499,0,0,0,0,0.171499,0,0.514496,0.342997,0,0,0.514496,0,0.171499,0,0,0,0,0,0,0,0.171499,0,0,0.171499,0,0,0,0,0,0.171499,0.171499
0,0.0714286,0.214286,0,0.0714286,0,0.214286,0,0.214286,0.0714286,0.0714286,0,0.357143,0.214286,0.0714286,0.285714,0,0.0714286,0,0.0714286,0,0.285714,0.0714286,0.0714286,0,0.214286,0.285714,0,0.0714286,0,0.142857,0.214286,0,0,0,0,0,0,0,0,0,0.142857,0.214286,0.142857,0,0.142857,0.142857,0.142857,0.357143,0.0714286
0.0827606,0.248282,0,0.0827606,0,0,0,0.248282,0.0827606,0.248282,0.0827606,0,0.0827606,0,0,0.331042,0.165521,0.0827606,0,0,0.0827606,0,0,0.248282,0.0827606,0,0.331042,0,0.0827606,0,0.0827606,0.248282,0.0827606,0.165521,0,0.0827606,0.165521,0.0827606,0.331042,0.0827606,0.0827606,0.165521,0.165521,0.0827606,0.0827606,0.0827606,0.0827606,0.165521,0.248282,0.0827606
0,0.147442,0.147442,0,0.147442,0.147442,0,0.147442,0,0,0,0,0.294884,0.147442,0,0.294884,0,0.294884,0,0.147442,0.147442,0.147442,0,0.147442,0,0.294884,0,0,0.294884,0.147442,0.147442,0.147442,0,0,0,0,0.147442,0.147442,0,0.147442,0,0.294884,0.147442,0,0,0,0.147442,0,0.294884,0
0.0430331,0.215166,0.0860663,0.0430331,0.0860663,0.215166,0.0860663,0.0430331,0.172133,0.129099,0.0430331,0.0430331,0.215166,0.129099,0.0430331,0.258199,0.215166,0.0430331,0.0860663,0.258199,0.0860663,0.0430331,0,0.0860663,0,0.172133,0.129099,0,0.215166,0.172133,0.301232,0.172133,0,0.0430331,0.0430331,0,0.0860663,0.0430331,0.129099,0.0860663,0.0430331,0.258199,0.0430331,0.215166,0.0430331,0.172133,0.0430331,0.258199,0.129099,0.215166
0.039841,0.278887,0.119523,0.119523,0.0796819,0.159364,0.0796819,0,0.0796819,0.199205,0.0796819,0.039841,0.159364,0.0796819,0,0.278887,0.0796819,0.159364,0.039841,0.039841,0.159364,0.119523,0.119523,0.239046,0.0796819,0.159364,0.159364,0.199205,0.159364,0.0796819,0.159364,0.119523,0.199205,0.039841,0.0796819,0.0796819,0.119523,0.0796819,0.0796819,0.119523,0.039841,0.358569,0.199205,0.039841,0.239046,0,0.0796819,0.0796819,0.159364,0.119523
0.0492665,0.0492665,0.0492665,0.0985329,0.0985329,0.147799,0.147799,0,0,0.0985329,0.0492665,0.0492665,0.197066,0.246332,0.0985329,0.197066,0.0492665,0.147799,0,0.0985329,0.147799,0.0492665,0,0.246332,0.0985329,0.246332,0,0.0492665,0.344865,0.0492665,0.147799,0.147799,0,0.147799,0,0.0985329,0.0492665,0.0985329,0.0985329,0.0985329,0,0.394132,0.147799,0.197066,0.197066,0.0492665,0.197066,0.0492665,0.197066,0.0985329
0,0,0,0.199007,0.199007,0.199007,0.199007,0,0.0995037,0.199007,0.0995037,0,0,0.0995037,0.0995037,0.0995037,0,0.497519,0,0.0995037,0.0995037,0.0995037,0,0.199007,0,0,0.0995037,0,0.0995037,0,0.0995037,0.0995037,0,0.0995037,0,0,0.199007,0.0995037,0.199007,0,0.0995037,0.398015,0,0,0,0,0.199007,0.199007,0.199007,0.0995037
0,0.480384,0,0,0,0.480384,0,0,0,0,0,0,0.160128,0,0,0.160128,0,0.320256,0,0,0,0.320256,0,0,0,0.160128,0,0,0.160128,0,0.160128,0,0,0,0,0,0.160128,0.160128,0,0,0,0,0,0.320256,0,0,0,0.160128,0,0.160128
0.494872,0.0824786,0.164957,0.0824786,0.0824786,0.0824786,0,0.0824786,0,0,0,0,0.164957,0.0824786,0,0,0,0,0.0824786,0.0824786,0.164957,0,0,0,0.164957,0,0.0824786,0.0824786,0.0824786,0,0.0824786,0.0824786,0.329914,0.412393,0.0824786,0.494872,0,0,0,0.164957,0,0,0,0,0,0,0,0,0,0
0.1,0,0.1,0,0.2,0,0,0,0.1,0,0,0.2,0.1,0.2,0.1,0,0.1,0.1,0,0.2,0.1,0,0,0.2,0.1,0,0,0.3,0,0.1,0,0.3,0,0.1,0.4,0.2,0.2,0,0.2,0.3,0.2,0,0.3,0,0,0,0.1,0,0,0
0,0,0,0,0,0.242536,0.242536,0.242536,0.242536,0,0,0,0,0,0,0,0,0,0.242536,0,0,0,0,0,0,0,0,0,0.485071,0,0.485071,0,0,0,0,0,0,0,0,0,0,0,0,0,0,0,0,0,0.485071,0
0,0,0,0,0,0,0,0.5547,0.27735,0.27735,0,0,0.27735,0,0,0,0,0,0,0,0,0,0,0.27735,0,0,0.27735,0,0,0,0,0,0,0,0,0,0,0,0,0,0,0.27735,0,0,0,0.27735,0,0.27735,0,0.27735
0,0,0,0.169031,0,0.169031,0,0,0,0.169031,0,0.169031,0,0.169031,0,0,0,0,0,0,0,0,0,0.169031,0.169031,0.507093,0.169031,0.169031,0.507093,0,0,0.169031,0,0,0.169031,0,0,0,0,0,0,0,0.338062,0,0,0,0,0.169031,0.169031,0
0,0.188982,0.188982,0,0,0,0,0.188982,0.188982,0.377964,0.188982,0,0.188982,0.188982,0.188982,0,0,0.188982,0.188982,0,0,0,0,0.188982,0,0,0,0,0.188982,0,0.188982,0,0,0.188982,0.377964,0,0,0,0.188982,0,0,0,0,0.377964,0,0,0,0,0.188982,0
0.125988,0.125988,0,0.188982,0,0,0,0.0629941,0.0629941,0.0629941,0.125988,0.251976,0,0.0629941,0.0629941,0,0.125988,0,0.251976,0,0.125988,0.0629941,0,0.188982,0.188982,0.0629941,0.0629941,0.251976,0,0.0629941,0.125988,0,0.251976,0.188982,0.31497,0.377964,0.188982,0.0629941,0,0.0629941,0.188982,0.188982,0.125988,0.0629941,0.125988,0,0.188982,0.0629941,0.0629941,0.188982
0.319801,0.0533002,0.159901,0,0.213201,0.1066,0.1066,0.1066,0,0,0.266501,0.213201,0,0.1066,0.1066,0,0,0.1066,0.213201,0.0533002,0.373101,0.1066,0,0.1066,0.213201,0.0533002,0.159901,0,0,0,0.0533002,0.0533002,0.213201,0.1066,0.0533002,0.159901,0,0.0533002,0.0533002,0.213201,0.319801,0,0.1066,0.1066,0.1066,0.1066,0.159901,0.159901,0.1066,0.0533002
0,0.25,0,0,0,0,0.25,0,0.25,0,0,0.25,0.25,0.5,0,0,0.25,0,0,0,0,0,0,0,0,0.5,0,0,0,0,0,0,0,0,0,0,0,0,0,0,0,0.25,0,0,0,0,0,0.25,0,0
0,0,0,0,0,0,0,0,0,0,0,0,0,0,0,0,0,0,0,0.13484,0,0,0,0.13484,0,0,0,0.13484,0,0,0.13484,0,0,0,0,0,0.13484,0,0.13484,0,0,0,0,0,0.94388,0,0,0,0,0
0,0,0,0,0,0,0,0,0,0,0,0,0,0,0,0,0,0,0,0,0,0,0,0,0,0,0,0,0,0,0,0,0,0,0,0,0,0,0,0,0,0,0,0,1,0,0,0,0,0
0,0,0,0,0,0,0,0,0,0.816497,0,0,0,0,0,0,0,0,0,0,0,0,0,0.408248,0,0,0,0,0,0,0,0,0,0,0,0,0,0,0.408248,0,0,0,0,0,0,0,0,0,0,0
0.194257,0,0,0,0.194257,0.0971286,0,0.388514,0,0.194257,0.0971286,0,0.0971286,0,0.194257,0,0,0.0971286,0,0,0.0971286,0,0,0.0971286,0,0,0.0971286,0.0971286,0.194257,0.0971286,0.0971286,0.0971286,0.0971286,0.194257,0.291386,0.0971286,0.291386,0,0,0.194257,0.0971286,0.0971286,0.0971286,0.291386,0,0,0.291386,0.0971286,0.291386,0
0,0.417029,0.208514,0.208514,0,0,0.208514,0,0.208514,0.208514,0,0.208514,0,0.208514,0,0,0,0,0.208514,0.208514,0,0,0,0,0,0,0,0,0.208514,0,0,0.208514,0,0,0.208514,0,0.208514,0.208514,0.208514,0,0,0,0.208514,0,0,0.208514,0.208514,0,0.208514,0
0,0.258199,0,0.258199,0,0.258199,0.258199,0,0,0,0,0,0,0.258199,0,0,0,0.258199,0,0,0,0,0,0,0.258199,0.258199,0,0,0,0,0,0,0,0,0,0,0,0.258199,0,0,0,0,0.516398,0,0,0,0.258199,0,0.258199,0
0,0.164399,0,0,0,0,0,0,0.164399,0.164399,0,0,0.164399,0.164399,0,0.328798,0.328798,0,0.164399,0.164399,0,0,0.328798,0.164399,0.164399,0,0,0,0.164399,0,0.164399,0,0,0,0,0,0.164399,0,0.164399,0,0.164399,0,0.164399,0,0,0.328798,0.164399,0.328798,0,0.164399
0,0.3849,0,0.19245,0.3849,0.19245,0.19245,0,0.3849,0.19245,0,0,0,0,0,0,0.3849,0,0.19245,0,0,0,0,0,0,0,0,0,0,0,0.19245,0,0,0,0,0,0.3849,0,0,0,0,0,0,0,0,0,0.19245,0,0,0
0,0,0,0,0,0,0.371391,0,0,0,0,0,0.185695,0,0,0,0,0,0,0.185695,0,0,0,0,0,0.557086,0,0.185695,0.185695,0.185695,0.371391,0,0,0,0,0,0.185695,0,0.185695,0,0,0,0,0.185695,0,0.185695,0.185695,0.185695,0,0.185695
0.210819,0.158114,0.210819,0.0527046,0.105409,0.0527046,0,0,0,0.0527046,0.105409,0.0527046,0,0.0527046,0.0527046,0,0.158114,0.0527046,0.210819,0.0527046,0.263523,0.210819,0.0527046,0.105409,0.105409,0,0.158114,0.158114,0,0.105409,0,0,0.316228,0.158114,0.105409,0.421637,0.105409,0,0,0.0527046,0.421637,0,0.105409,0.158114,0,0.0527046,0.158114,0.0527046,0,0
0,0.0940721,0.0940721,0,0,0.282216,0,0,0,0,0.0940721,0.0940721,0.0940721,0,0,0,0,0,0,0,0.282216,0,0.188144,0,0,0,0,0.282216,0.282216,0,0,0.0940721,0.188144,0.188144,0.188144,0.564433,0.188144,0,0,0.0940721,0.188144,0.0940721,0,0.0940721,0.188144,0,0,0,0,0.188144
0,0.09245,0.1849,0,0.1849,0.09245,0,0.09245,0,0,0.09245,0,0,0.09245,0.3698,0.09245,0,0.09245,0,0.1849,0,0.09245,0,0,0,0,0.1849,0,0,0,0,0.1849,0.1849,0,0.27735,0.1849,0.09245,0.09245,0,0.1849,0.5547,0.09245,0.1849,0.1849,0,0.1849,0.09245,0,0,0
0,0.140028,0,0,0.280056,0,0.140028,0.140028,0,0.280056,0.140028,0,0,0.140028,0,0,0,0.140028,0,0,0,0,0.140028,0.140028,0,0,0,0,0.140028,0.280056,0.140028,0,0,0.140028,0.140028,0,0,0,0,0.420084,0.420084,0.140028,0.140028,0.140028,0,0,0.280056,0,0.140028,0.140028
0,0.0751646,0,0.150329,0.0751646,0,0.0751646,0.225494,0.0751646,0.225494,0,0,0.150329,0.0751646,0.0751646,0,0.0751646,0,0,0,0.0751646,0.150329,0,0,0,0.0751646,0.300658,0.0751646,0.300658,0.0751646,0.225494,0.150329,0.150329,0.0751646,0.375823,0.300658,0.0751646,0.0751646,0.225494,0.150329,0.225494,0,0.225494,0.0751646,0.0751646,0.150329,0.0751646,0.0751646,0,0.150329
0.0854358,0,0,0,0.341743,0.170872,0.0854358,0.0854358,0.170872,0.0854358,0.170872,0.0854358,0.0854358,0.170872,0.170872,0.0854358,0,0.170872,0,0.170872,0.0854358,0.170872,0.170872,0,0,0.256307,0.0854358,0.170872,0.0854358,0.256307,0,0.256307,0,0.0854358,0,0.341743,0.170872,0.170872,0.170872,0,0,0,0,0.170872,0,0,0,0.0854358,0.256307,0.0854358
0.374766,0.22486,0.0749532,0.149906,0.149906,0,0.0749532,0.149906,0.22486,0.149906,0.149906,0,0.0749532,0.149906,0,0,0.22486,0,0.149906,0.149906,0,0.149906,0,0.149906,0.0749532,0,0,0,0.149906,0.0749532,0.299813,0.22486,0.22486,0.0749532,0.0749532,0.149906,0,0,0.149906,0,0.0749532,0.0749532,0,0.0749532,0,0,0.299813,0.22486,0.0749532,0.149906
0,0.0898027,0,0.179605,0,0,0.179605,0,0.0898027,0,0.179605,0.0898027,0,0,0,0,0,0.0898027,0.0898027,0,0,0.0898027,0,0.179605,0.269408,0.0898027,0.269408,0.179605,0,0,0.179605,0.359211,0.179605,0,0.179605,0.269408,0,0,0.269408,0.0898027,0,0.0898027,0.0898027,0.359211,0,0.0898027,0.179605,0.179605,0.179605,0.0898027
0.127,0.127,0.508001,0.127,0,0,0.127,0.254,0.127,0.254,0,0,0.127,0,0,0,0,0.127,0,0,0,0.127,0,0.381,0,0,0.127,0,0,0.127,0,0.254,0,0.127,0.127,0,0.127,0,0,0,0,0.254,0.127,0.127,0,0.127,0.254,0.127,0,0
0,0,0,0.111803,0,0.111803,0.111803,0.223607,0.111803,0.223607,0.111803,0.111803,0.223607,0,0,0,0.111803,0,0,0.111803,0,0.111803,0,0,0.111803,0,0,0.111803,0.447214,0,0,0.111803,0.111803,0,0,0.223607,0.111803,0,0.223607,0,0,0.223607,0.447214,0.223607,0,0,0,0.223607,0.111803,0.111803
0,0.280056,0,0,0,0,0.140028,0,0,0.140028,0.140028,0.140028,0,0,0,0,0,0,0.140028,0,0,0.140028,0,0,0,0,0,0,0,0,0,0,0,0,0,0,0,0,0.140028,0,0,0.280056,0,0,0.840168,0,0,0,0,0
0,0,0.160128,0.160128,0.160128,0,0,0,0,0,0.320256,0,0,0,0,0,0,0,0.160128,0,0.160128,0.160128,0.160128,0,0.320256,0.320256,0,0,0,0.160128,0,0,0.160128,0.160128,0,0,0,0.160128,0.320256,0,0.160128,0,0.320256,0.160128,0.160128,0.160128,0.320256,0,0,0
0,0,0,0,0,0,0,0,0,0.229416,0,0,0,0.229416,0,0,0,0,0,0,0,0,0,0.229416,0,0,0,0,0.229416,0,0,0,0,0,0,0,0,0,0.458831,0,0,0,0,0,0.688247,0.229416,0.229416,0,0,0
0,0,0,0,0,0,0,0,0,0,0,0,0,0,0,0,0,0,0,0,0,0,0,0,0,0,0,0,0,0,0,0,0,0,0,0,0,0,0,0,0.242536,0,0,0,0.970143,0,0,0,0,0
0,0,0,0,0,0,0,0,0,0,0,0,0.244339,0,0,0,0,0,0,0,0.244339,0,0,0,0,0,0,0,0.122169,0,0,0,0.122169,0,0,0,0,0,0.122169,0,0.244339,0.122169,0,0,0.855186,0,0,0.122169,0.122169,0
0.117851,0,0,0,0,0,0,0,0,0.117851,0,0,0,0,0,0.117851,0,0,0,0,0,0,0,0,0,0,0,0,0.117851,0,0,0,0.235702,0,0.117851,0,0,0,0.117851,0,0.707107,0,0,0,0.589256,0,0.117851,0,0,0
0.317999,0,0.212,0.106,0.106,0.106,0.106,0,0,0.106,0.317999,0.106,0,0.317999,0,0,0.106,0.106,0,0,0,0.212,0,0.212,0,0.106,0.106,0.317999,0,0.106,0.317999,0.106,0.106,0.212,0.106,0.106,0.106,0.106,0.106,0.106,0.106,0.106,0.106,0.106,0,0.212,0,0,0,0.106
0,0.0953463,0.0953463,0.381385,0.0953463,0.0953463,0.190693,0,0.190693,0.0953463,0,0,0.286039,0.381385,0,0.0953463,0.286039,0,0.0953463,0.0953463,0.0953463,0.190693,0,0.0953463,0.286039,0.0953463,0,0.0953463,0.286039,0,0,0,0,0.0953463,0,0,0,0.0953463,0,0,0.0953463,0.190693,0.190693,0.0953463,0.0953463,0,0.190693,0,0.0953463,0
0,0,0,0,0,0,0,0.0990148,0,0,0,0,0,0,0,0,0.0990148,0,0,0,0,0.0990148,0,0,0,0,0,0,0,0,0.0990148,0,0,0,0,0,0.0990148,0,0,0,0.396059,0,0,0,0.891133,0,0,0,0,0
0.0731272,0.146254,0,0.365636,0.0731272,0.0731272,0.219382,0.219382,0.219382,0,0.146254,0.146254,0.146254,0.0731272,0.219382,0.146254,0.146254,0.0731272,0.0731272,0.0731272,0.0731272,0.219382,0.146254,0.219382,0,0,0.219382,0.219382,0.0731272,0.146254,0,0.219382,0.0731272,0.0731272,0.0731272,0.146254,0.0731272,0.219382,0,0.0731272,0.0731272,0.0731272,0.0731272,0.0731272,0,0,0.0731272,0.219382,0.146254,0.146254
0,0.377964,0.125988,0.125988,0.251976,0.125988,0,0.125988,0,0.125988,0,0.125988,0.125988,0.251976,0.251976,0.125988,0,0,0.125988,0.251976,0,0.251976,0,0,0.125988,0,0.125988,0,0,0,0,0.125988,0.125988,0,0,0,0.251976,0.125988,0.377964,0,0,0.125988,0,0.125988,0.125988,0,0.125988,0.125988,0.125988,0.125988
0.420471,0.157676,0.262794,0.157676,0.157676,0,0.210235,0.105118,0.105118,0.0525588,0.0525588,0.157676,0.0525588,0.0525588,0,0.105118,0.315353,0.0525588,0.0525588,0,0.105118,0,0.105118,0,0.210235,0,0,0.157676,0,0.0525588,0.157676,0.0525588,0.262794,0.157676,0.0525588,0.210235,0.210235,0,0.105118,0.157676,0.210235,0,0.0525588,0.105118,0,0.157676,0,0,0.105118,0.157676
0.120824,0,0.0604122,0.0604122,0.0604122,0.302061,0,0.241649,0,0.241649,0.0604122,0.120824,0.0604122,0.181237,0,0.120824,0.181237,0.181237,0.0604122,0.0604122,0.241649,0.0604122,0.120824,0.120824,0.181237,0.0604122,0,0,0.241649,0.0604122,0,0.302061,0.0604122,0.120824,0.181237,0.362473,0.0604122,0.0604122,0.120824,0.181237,0.120824,0.181237,0.241649,0,0,0,0,0,0,0
0.223258,0,0.223258,0,0.111629,0,0.167444,0.0558146,0.0558146,0.111629,0.111629,0.223258,0,0,0.0558146,0,0.446516,0.0558146,0.111629,0.111629,0.0558146,0.0558146,0,0.0558146,0.446516,0,0.167444,0.167444,0.0558146,0,0.111629,0.167444,0.111629,0.111629,0.111629,0.111629,0.167444,0.111629,0.167444,0.111629,0.279073,0,0.0558146,0,0.0558146,0.111629,0,0.111629,0,0
0,0.188982,0,0.377964,0,0.188982,0,0,0.188982,0,0.188982,0.188982,0.188982,0,0,0.188982,0,0,0,0,0,0,0.377964,0,0,0.188982,0,0.188982,0,0,0,0,0,0.188982,0,0,0,0,0,0,0,0.188982,0.188982,0.377964,0.188982,0,0.188982,0.188982,0,0.188982
0,0.11547,0.11547,0.11547,0,0,0.11547,0.23094,0,0.34641,0.11547,0,0.11547,0.23094,0.11547,0.11547,0.11547,0,0,0,0,0.11547,0,0.34641,0.23094,0.23094,0,0,0,0.23094,0,0.23094,0.34641,0.11547,0.11547,0,0.11547,0,0.11547,0.23094,0,0.11547,0,0.11547,0,0,0,0.23094,0,0
0,0.166667,0,0.333333,0,0.166667,0,0.166667,0.5,0.166667,0,0,0.333333,0.166667,0,0,0,0,0,0,0,0,0,0.333333,0,0,0.166667,0,0.166667,0,0,0,0,0,0,0,0,0,0,0,0,0.166667,0.333333,0.166667,0,0,0.166667,0.166667,0,0
0,0,0,0,0,0,0,0.267261,0,0.267261,0,0,0,0,0,0,0,0,0,0,0,0,0,0,0,0,0,0,0.267261,0,0.267261,0,0,0,0,0,0,0,0.267261,0,0,0.534522,0.534522,0,0,0,0.267261,0,0,0
0,0,0,0,0,0,0.316228,0,0.316228,0,0.316228,0.316228,0.316228,0,0,0,0.316228,0,0.316228,0,0,0.316228,0,0,0,0,0,0,0,0,0,0,0,0,0,0,0,0,0,0,0,0,0,0,0,0,0,0.316228,0,0.316228
0,0,0,0.174078,0,0.348155,0.174078,0.174078,0.348155,0,0,0,0,0,0,0,0.174078,0.174078,0,0.174078,0.174078,0,0,0.174078,0,0.174078,0.174078,0.174078,0.174078,0.174078,0,0,0,0,0,0,0,0.174078,0,0.174078,0,0,0,0.522233,0,0,0,0,0,0.174078
0,0,0,0,0,0,0.433013,0.288675,0.288675,0,0,0.144338,0,0.144338,0.144338,0.144338,0.144338,0.144338,0,0.288675,0,0.144338,0,0.288675,0,0,0,0,0.144338,0,0,0.144338,0,0.144338,0,0.144338,0,0,0,0,0,0.288675,0,0.288675,0,0,0.144338,0.144338,0.144338,0.144338
0,0.25,0,0,0,0,0.125,0.125,0.75,0.125,0,0,0,0,0.375,0,0,0.125,0.125,0,0,0,0,0,0.125,0.125,0,0,0,0,0,0,0,0.125,0,0,0.125,0,0,0.125,0,0,0.125,0,0.125,0,0.125,0.125,0,0.125
0,0,0,0,0,0.160128,0.320256,0,0,0,0,0,0.160128,0,0,0,0.160128,0,0,0,0,0,0.160128,0.160128,0,0.160128,0,0.160128,0.480384,0.160128,0.320256,0,0,0.160128,0,0,0,0,0,0,0,0.320256,0.480384,0,0,0,0,0,0,0
0,0.129099,0.129099,0,0.129099,0.129099,0,0.258199,0.258199,0,0.129099,0.129099,0.258199,0,0,0.129099,0,0,0.129099,0,0,0,0,0.129099,0.129099,0.129099,0.258199,0,0,0,0.258199,0,0.129099,0,0,0,0,0.129099,0,0,0,0.645497,0,0.129099,0,0,0,0.129099,0,0
0,0,0,0,0.164399,0,0,0,0.164399,0.164399,0.164399,0,0,0,0.328798,0.164399,0,0,0.164399,0,0,0,0,0,0,0,0.164399,0.164399,0.164399,0.328798,0,0.328798,0,0,0,0,0,0,0,0,0,0.164399,0.164399,0,0,0,0.164399,0,0.328798,0.493197
0,0,0.547723,0,0,0,0.182574,0,0,0.182574,0,0,0.182574,0,0,0,0,0,0,0.182574,0,0,0,0,0,0,0,0,0.182574,0,0,0,0,0.365148,0,0,0,0.182574,0.365148,0,0,0.182574,0.182574,0.182574,0,0,0,0,0.365148,0
0,0,0.226455,0.113228,0,0.113228,0.113228,0.226455,0.226455,0,0,0,0.226455,0,0.226455,0,0.339683,0,0.113228,0.113228,0.113228,0,0.113228,0.113228,0.113228,0,0.339683,0,0.113228,0.113228,0,0,0.113228,0,0,0.113228,0.226455,0,0,0.113228,0,0.339683,0.113228,0.226455,0.113228,0.113228,0.113228,0.226455,0,0.113228
0.167836,0.0839181,0,0,0.167836,0.0839181,0,0,0.0839181,0,0,0.167836,0,0,0,0.167836,0,0.0839181,0,0,0.251754,0.0839181,0.167836,0.419591,0.167836,0,0,0,0,0,0.0839181,0.0839181,0,0.167836,0,0,0,0,0,0.251754,0.587427,0.167836,0,0,0,0.0839181,0,0.251754,0,0.0839181
0,0.298142,0,0.149071,0,0,0.149071,0.149071,0.298142,0.149071,0.149071,0.149071,0,0,0.447214,0.149071,0.149071,0,0.149071,0,0,0.149071,0.149071,0.149071,0,0,0.149071,0,0.149071,0,0,0.149071,0,0.149071,0.149071,0,0,0,0,0,0,0.149071,0.298142,0.149071,0,0,0,0.298142,0.149071,0
0,0,0,0.298142,0,0,0,0.149071,0,0.298142,0.447214,0,0.298142,0,0,0.149071,0.149071,0,0.149071,0.149071,0,0,0,0.298142,0,0,0,0,0.149071,0,0.149071,0.149071,0.149071,0,0,0,0,0,0,0,0,0,0,0.298142,0,0.149071,0.149071,0,0.149071,0.298142
0,0,0,0,0.109764,0,0.109764,0.219529,0.329293,0,0,0,0,0,0.109764,0.219529,0,0,0.109764,0.109764,0,0,0,0.219529,0,0.329293,0.219529,0.109764,0,0,0,0.109764,0,0.109764,0,0,0.109764,0.109764,0.219529,0.109764,0,0,0.219529,0.329293,0.109764,0,0,0.439057,0,0.219529
0,0.174908,0.0437269,0.262362,0,0,0.0874539,0.174908,0.174908,0.262362,0.218635,0.131181,0.174908,0.0874539,0.131181,0.0874539,0.218635,0.0437269,0.131181,0.0437269,0,0.0874539,0.174908,0.0874539,0.0437269,0.0874539,0.174908,0.0437269,0.0874539,0,0.131181,0.0874539,0.0437269,0.131181,0.131181,0.131181,0.0874539,0.174908,0.0437269,0.0874539,0.0437269,0.306089,0.306089,0.0874539,0.0874539,0.0874539,0.349816,0,0,0.0874539
0.0949158,0.0949158,0.0949158,0,0.189832,0.0949158,0.189832,0.189832,0.189832,0.189832,0,0.0949158,0,0.0949158,0.379663,0.0949158,0.284747,0.0949158,0,0.189832,0,0.0949158,0.0949158,0.0949158,0.0949158,0.0949158,0,0,0,0.0949158,0,0.0949158,0,0,0.189832,0,0,0.0949158,0.0949158,0.0949158,0,0,0.189832,0.0949158,0,0.0949158,0.474579,0.189832,0.189832,0.0949158
0,0,0,0.2,0.2,0.4,0,0.2,0,0,0,0,0.2,0,0.2,0,0,0,0,0.2,0,0.2,0,0.2,0,0,0.2,0,0.2,0,0.4,0.4,0,0,0.2,0,0,0.2,0,0,0,0,0,0,0,0,0,0.2,0,0
0,0,0,0,0,0,0,0.359211,0.179605,0.179605,0,0,0.359211,0.179605,0,0.179605,0.179605,0,0,0.179605,0,0,0,0.179605,0,0,0.179605,0,0.179605,0,0,0,0,0,0,0,0,0,0.359211,0,0,0.359211,0,0.359211,0,0,0.179605,0,0.179605,0
0.244796,0.061199,0.061199,0.061199,0,0.061199,0.183597,0,0.183597,0,0.122398,0.122398,0,0.061199,0,0.122398,0.061199,0.061199,0.122398,0,0.061199,0.061199,0,0.183597,0.183597,0.061199,0.061199,0.061199,0.183597,0,0.122398,0.122398,0.428393,0.305995,0.061199,0.305995,0.061199,0.061199,0,0.122398,0.428393,0.122398,0.122398,0.061199,0,0.061199,0.122398,0,0.061199,0
0.176777,0.176777,0.176777,0,0,0,0,0,0.176777,0.353553,0,0,0,0,0,0,0,0,0,0.176777,0,0,0,0.353553,0.176777,0.353553,0.176777,0,0,0,0,0,0,0,0,0.176777,0,0.176777,0.353553,0,0,0,0.176777,0.353553,0,0,0.176777,0.176777,0,0
0,0.235702,0.235702,0.235702,0,0,0,0,0,0.235702,0,0,0.471405,0,0,0,0,0,0,0,0.235702,0,0,0,0,0,0,0,0,0,0,0,0,0.235702,0,0,0.235702,0,0,0,0,0.235702,0.471405,0,0,0.235702,0,0,0.235702,0
0,0,0,0.452679,0.0905357,0.0905357,0,0.181071,0.181071,0.452679,0.0905357,0,0.0905357,0.181071,0.0905357,0.181071,0,0,0.0905357,0,0,0.0905357,0,0.181071,0.0905357,0,0,0,0.0905357,0,0.181071,0.0905357,0.0905357,0.0905357,0.0905357,0.0905357,0,0.0905357,0.181071,0,0,0.0905357,0.181071,0.181071,0.0905357,0.0905357,0,0.0905357,0.0905357,0.362143
0,0.4,0,0.4,0,0,0,0,0.2,0.4,0,0,0.2,0,0,0.4,0,0,0,0,0,0.2,0,0.2,0,0,0,0,0.2,0,0,0,0,0.2,0,0,0,0,0,0,0,0.2,0.2,0,0,0,0.2,0,0,0
0,0.131306,0.131306,0.262613,0.131306,0.131306,0,0,0.131306,0.131306,0,0,0.262613,0.262613,0,0.131306,0.131306,0,0,0,0,0.131306,0,0,0,0.262613,0.131306,0.131306,0.131306,0,0,0,0,0,0,0,0,0,0.131306,0,0,0.393919,0.525226,0,0,0,0.131306,0.131306,0.131306,0.131306
0,0.223607,0,0,0,0,0.33541,0.33541,0,0.111803,0.111803,0,0.111803,0.111803,0,0,0.111803,0.111803,0,0,0,0.111803,0,0.111803,0,0,0.33541,0,0,0.111803,0,0.223607,0.111803,0.111803,0,0,0,0.223607,0,0.111803,0,0.223607,0.111803,0.111803,0,0.111803,0.223607,0.111803,0.447214,0.111803
0.188144,0,0.0940721,0,0,0.0940721,0.0940721,0.0940721,0,0,0.0940721,0,0,0,0,0,0.0940721,0.0940721,0,0.376288,0.188144,0.188144,0,0,0.188144,0,0,0.188144,0,0,0.188144,0,0.376288,0.0940721,0,0.376288,0.188144,0.0940721,0,0.0940721,0.47036,0,0.0940721,0,0,0.0940721,0,0,0,0
0.242091,0.0605228,0.121046,0,0,0.242091,0.0605228,0,0,0,0.0605228,0.121046,0.0605228,0.0605228,0,0.302614,0.0605228,0.181568,0.181568,0.0605228,0.242091,0.0605228,0.242091,0.121046,0.121046,0.0605228,0,0.121046,0.0605228,0,0.121046,0.0605228,0.181568,0.0605228,0.121046,0.363137,0.181568,0.0605228,0.0605228,0.181568,0.363137,0.242091,0.0605228,0.0605228,0.121046,0.0605228,0.0605228,0.0605228,0,0
0.260378,0.130189,0.260378,0.130189,0.130189,0,0.260378,0.130189,0.130189,0,0.130189,0.260378,0.130189,0,0,0.390567,0,0.130189,0,0,0,0,0,0,0,0,0,0,0.130189,0,0,0,0.260378,0.130189,0,0,0.260378,0.130189,0,0.130189,0.260378,0.260378,0.130189,0,0,0,0,0.130189,0,0.260378
0,0,0,0.174078,0,0,0.348155,0.174078,0.348155,0.174078,0,0,0.174078,0.174078,0,0.174078,0,0,0,0,0,0.174078,0,0.174078,0,0.174078,0.174078,0,0.174078,0,0.174078,0.174078,0,0.174078,0.174078,0.174078,0,0,0,0,0,0.174078,0.174078,0,0,0.174078,0.174078,0.348155,0,0.174078
0.176777,0.0883883,0,0,0.176777,0.0883883,0,0,0.265165,0.0883883,0.0883883,0.176777,0.176777,0.0883883,0.0883883,0.265165,0.265165,0.0883883,0,0.0883883,0,0.0883883,0.0883883,0.0883883,0.0883883,0.0883883,0.0883883,0,0.0883883,0.176777,0.176777,0.176777,0.176777,0,0.265165,0.0883883,0.0883883,0,0,0.0883883,0.0883883,0,0.0883883,0,0,0.176777,0,0.353553,0.176777,0.353553
0,0.116248,0,0.232495,0.116248,0.116248,0.116248,0.232495,0.232495,0.232495,0.116248,0,0,0,0,0.348743,0.116248,0,0,0.232495,0.116248,0.116248,0,0.348743,0,0.116248,0.116248,0,0.116248,0.116248,0.348743,0.116248,0,0,0.116248,0,0,0,0.116248,0,0,0.232495,0.116248,0.116248,0,0.232495,0.116248,0.116248,0,0
0.0985329,0.197066,0,0.0985329,0,0.197066,0.197066,0,0,0,0,0.0985329,0.197066,0,0,0.197066,0.197066,0.0985329,0,0,0.295599,0.0985329,0,0.0985329,0,0,0.0985329,0,0.492665,0.197066,0.0985329,0,0.197066,0.0985329,0.197066,0,0.0985329,0,0.0985329,0.197066,0,0,0,0,0,0.197066,0.295599,0.197066,0,0.0985329
0,0,0,0.262613,0,0,0,0.262613,0.262613,0.262613,0,0,0.131306,0.262613,0,0.262613,0.131306,0,0,0,0,0.131306,0.131306,0,0,0,0.131306,0,0.131306,0,0,0,0.131306,0,0,0,0.262613,0,0.393919,0,0,0,0.131306,0.131306,0,0.131306,0.393919,0,0.131306,0.131306
0.337526,0.112509,0,0.112509,0,0,0,0,0,0.112509,0,0.112509,0,0.112509,0.112509,0.112509,0.112509,0,0,0,0.450035,0,0.112509,0.225018,0.225018,0,0,0,0,0,0.225018,0,0.337526,0.112509,0,0.337526,0.112509,0,0,0.337526,0,0,0,0,0.112509,0.112509,0.112509,0,0,0.112509
0.208514,0.208514,0,0.208514,0.104257,0.104257,0.417029,0.208514,0,0.104257,0.104257,0.104257,0.208514,0.208514,0.104257,0,0.104257,0.104257,0.208514,0.104257,0,0.104257,0,0.104257,0,0,0,0.208514,0.104257,0,0,0.208514,0,0.104257,0.104257,0.104257,0,0,0.208514,0,0,0,0.104257,0,0,0.104257,0.312772,0.104257,0.312772,0
0,0.125988,0,0,0,0.251976,0.251976,0,0,0,0.251976,0,0,0,0,0.125988,0,0.125988,0.125988,0,0,0.125988,0,0.125988,0,0.125988,0.503953,0,0,0,0,0,0,0,0.125988,0,0.251976,0,0,0,0,0,0.377964,0.125988,0,0.125988,0.251976,0.251976,0.251976,0
0,0.149071,0,0,0,0,0,0.149071,0.149071,0.149071,0.149071,0.149071,0.298142,0.298142,0.149071,0,0.149071,0.149071,0,0,0,0.298142,0,0,0,0,0.149071,0,0,0,0,0,0,0.447214,0,0.149071,0,0,0,0,0,0.149071,0.149071,0,0,0,0.149071,0.447214,0,0.149071
0,0,0.160128,0,0,0,0.160128,0.160128,0,0.160128,0.320256,0.160128,0.160128,0.160128,0,0,0,0,0.160128,0,0,0.160128,0,0.480384,0,0.160128,0.320256,0,0,0.160128,0,0.160128,0,0,0,0,0,0,0,0.320256,0,0.320256,0,0,0,0.160128,0,0,0.160128,0
0,0,0.124035,0,0,0.124035,0,0,0,0.124035,0.248069,0.124035,0.124035,0,0,0,0,0.248069,0,0,0.248069,0,0,0.124035,0,0,0,0.124035,0,0,0.124035,0,0.124035,0,0,0.248069,0.124035,0,0.496139,0.124035,0.372104,0.248069,0,0,0.372104,0,0,0,0,0
0,0,0,0.141421,0,0,0,0,0,0,0,0,0,0,0,0,0,0,0,0,0,0,0,0,0,0,0,0,0,0,0,0,0,0,0,0,0,0,0,0,0,0,0,0,0.989949,0,0,0,0,0
0,0.248069,0.124035,0,0.248069,0,0.372104,0,0.248069,0.124035,0,0.124035,0,0,0.124035,0.124035,0.248069,0,0,0,0.124035,0,0,0.372104,0.124035,0.124035,0.248069,0,0.248069,0,0.124035,0,0,0.124035,0,0,0.124035,0,0,0,0.248069,0.124035,0,0.124035,0,0.124035,0,0,0.248069,0.124035
0,0,0,0,0,0.213201,0.213201,0,0,0.213201,0,0,0,0,0,0,0,0,0,0,0,0.213201,0,0.213201,0,0,0.639602,0,0,0,0,0,0,0,0,0,0,0,0,0.213201,0,0.426401,0.213201,0,0,0.213201,0.213201,0,0,0
0.125,0,0,0.125,0.125,0.375,0.25,0,0.125,0.125,0,0.25,0.125,0.125,0,0,0,0.25,0.125,0,0.125,0,0.125,0.375,0,0,0.125,0,0.125,0,0.25,0.125,0,0,0.25,0.25,0.125,0,0.125,0,0,0.125,0.25,0.125,0,0,0.125,0,0,0
0.175412,0.0877058,0.0877058,0.0877058,0,0.350823,0,0,0.0877058,0,0.263117,0.175412,0,0,0,0,0.0877058,0.0877058,0.263117,0,0.0877058,0.263117,0.0877058,0.175412,0.175412,0,0,0,0.175412,0,0.0877058,0,0.263117,0.0877058,0.175412,0.350823,0.0877058,0,0,0.0877058,0.438529,0.0877058,0,0,0,0,0,0,0,0
0,0.176777,0,0.176777,0,0,0.353553,0.176777,0.176777,0.176777,0,0.353553,0,0.176777,0,0.176777,0,0,0,0.176777,0,0.176777,0,0,0.176777,0,0.176777,0,0.176777,0,0.53033,0,0,0,0,0,0,0,0,0,0,0,0.176777,0,0,0,0,0,0.176777,0.176777
0,0,0,0.33541,0,0,0,0,0,0,0.223607,0.111803,0.111803,0,0,0.223607,0.223607,0.111803,0.223607,0.111803,0.111803,0.223607,0.111803,0.223607,0,0,0.223607,0.111803,0.33541,0,0.223607,0,0.111803,0.111803,0,0.223607,0.223607,0.111803,0.111803,0.111803,0.223607,0,0,0,0.111803,0.223607,0,0,0,0.111803
0,0,0.204124,0,0,0.408248,0,0.408248,0.408248,0,0,0,0.408248,0,0,0,0,0.204124,0.204124,0,0,0,0,0,0,0,0,0,0,0.204124,0,0.204124,0,0,0,0,0.204124,0.204124,0,0,0,0,0,0,0.204124,0,0,0,0,0
0,0.150756,0,0.150756,0,0,0.301511,0.150756,0.452267,0.301511,0,0,0,0,0,0.301511,0.150756,0,0.150756,0.150756,0,0.150756,0,0.301511,0,0.150756,0.150756,0,0,0.150756,0,0.150756,0,0,0.150756,0,0,0,0,0,0,0,0,0.301511,0.150756,0.150756,0,0,0.150756,0
0,0.256074,0.128037,0.128037,0.128037,0.128037,0.128037,0.128037,0.256074,0.384111,0.128037,0,0,0,0,0,0,0,0.128037,0,0,0,0,0.128037,0,0.128037,0,0.128037,0,0,0.128037,0,0,0,0.128037,0,0,0,0.640184,0.128037,0.128037,0.128037,0,0,0.128037,0,0,0.128037,0,0.128037
0,0.27735,0,0,0,0,0,0,0.27735,0.27735,0.27735,0,0,0,0,0,0.27735,0,0,0,0,0,0,0,0,0,0,0,0.27735,0,0.5547,0,0.27735,0,0,0,0.27735,0,0,0,0,0.27735,0,0,0,0,0,0,0,0
0,0,0,0.229416,0,0.229416,0,0,0.229416,0.229416,0,0,0,0,0,0,0.229416,0,0.229416,0,0,0,0.229416,0.229416,0,0,0,0,0.229416,0,0.458831,0,0,0.229416,0.229416,0,0,0,0.458831,0,0,0,0,0,0,0,0,0,0,0
0,0.457496,0,0.152499,0,0,0.304997,0,0.152499,0.152499,0,0,0.152499,0.152499,0,0,0,0,0,0,0,0.304997,0,0,0.152499,0,0,0,0,0,0.457496,0,0.152499,0,0,0,0,0.152499,0.152499,0.304997,0.152499,0,0,0,0.152499,0.152499,0,0.152499,0,0
0,0,0,0.417029,0,0,0,0.208514,0,0.208514,0,0,0.208514,0,0,0.208514,0,0,0.208514,0,0,0.208514,0.417029,0,0,0,0,0,0,0.208514,0,0,0,0,0,0,0,0,0.208514,0.208514,0,0.208514,0.208514,0.208514,0,0,0,0.208514,0.208514,0.208514
0.162221,0,0.162221,0,0.162221,0,0.324443,0.162221,0.162221,0,0,0,0.162221,0.162221,0.162221,0.162221,0.162221,0,0.162221,0.162221,0,0.162221,0.162221,0.162221,0,0,0.324443,0,0.162221,0,0,0,0.162221,0,0,0,0,0.162221,0.324443,0,0,0.162221,0.162221,0,0,0,0.162221,0.324443,0,0.162221
0,0.131306,0,0,0,0.131306,0,0,0.131306,0,0,0,0.393919,0,0,0,0.131306,0,0,0,0,0.131306,0,0,0,0,0.262613,0.393919,0.131306,0,0.262613,0.131306,0.131306,0.131306,0,0.262613,0.131306,0,0.131306,0.131306,0,0.131306,0.131306,0.131306,0,0,0.393919,0.262613,0,0
0,0.179605,0,0.359211,0,0,0.179605,0.179605,0.359211,0,0,0,0.179605,0,0,0.179605,0.179605,0,0,0,0.179605,0,0,0,0.179605,0,0,0,0.359211,0,0,0,0,0,0,0,0,0.179605,0.538816,0,0,0,0,0.179605,0,0,0,0,0,0
0.284747,0.0949158,0.284747,0.0949158,0.0949158,0,0.0949158,0,0.189832,0.0949158,0.0949158,0.189832,0,0,0.0949158,0.0949158,0.0949158,0.284747,0.284747,0.189832,0,0.0949158,0,0.0949158,0.189832,0.0949158,0,0.0949158,0,0,0,0.189832,0.189832,0.0949158,0.0949158,0.0949158,0.0949158,0.0949158,0.284747,0.0949158,0.189832,0.0949158,0.0949158,0,0,0.379663,0,0,0.0949158,0
0.158114,0,0,0,0,0,0.316228,0,0.316228,0.158114,0.158114,0,0,0,0,0.158114,0.158114,0,0,0.316228,0,0.316228,0.158114,0,0.316228,0,0.158114,0,0,0,0.316228,0,0,0.158114,0.158114,0,0,0,0.316228,0,0,0.158114,0,0,0,0,0,0.158114,0,0.158114
0,0.288675,0,0,0.144338,0,0.144338,0.144338,0,0.144338,0,0,0.288675,0.144338,0.288675,0.288675,0,0,0,0.288675,0,0,0,0.433013,0,0,0.144338,0,0.288675,0,0,0.288675,0,0,0.144338,0,0,0,0.144338,0,0,0.144338,0.144338,0.144338,0,0,0,0,0,0
0,0.150756,0,0.150756,0.301511,0,0.301511,0.150756,0.150756,0.150756,0.150756,0,0.301511,0,0.301511,0,0.150756,0.150756,0,0,0,0,0,0.301511,0,0.150756,0.150756,0,0.301511,0.150756,0,0,0,0.150756,0,0,0,0,0.301511,0,0,0.150756,0,0.150756,0,0,0,0.150756,0,0.150756
0,0.213201,0,0.213201,0.213201,0,0,0.213201,0.213201,0,0,0,0.213201,0.213201,0,0,0.213201,0,0.213201,0,0,0,0,0.426401,0.213201,0,0.213201,0,0,0.213201,0,0,0,0,0,0,0,0,0.213201,0.213201,0,0.213201,0.213201,0,0,0,0,0,0.213201,0.213201
0,0,0,0,0.123091,0,0.123091,0.123091,0.123091,0,0.123091,0,0.246183,0,0,0,0,0,0,0.246183,0,0.123091,0,0.123091,0,0.123091,0,0,0.246183,0,0,0,0,0,0.123091,0,0,0.123091,0,0.123091,0.123091,0.492366,0.123091,0.615457,0,0,0,0,0,0
0.125988,0.251976,0,0.251976,0,0.125988,0,0.125988,0.125988,0,0.251976,0,0,0,0.125988,0.125988,0.125988,0.125988,0,0.125988,0.125988,0,0,0,0,0,0,0.251976,0.125988,0.251976,0.125988,0,0.125988,0,0.251976,0,0.125988,0,0.125988,0.377964,0.125988,0.251976,0.251976,0.251976,0,0,0.125988,0.125988,0,0
0,0.117041,0.117041,0,0,0.117041,0,0.117041,0,0,0.351123,0,0.234082,0,0,0.117041,0,0.117041,0,0,0.117041,0.117041,0,0.117041,0.117041,0,0,0,0.234082,0,0,0,0,0,0.117041,0,0,0.234082,0,0,0,0.702247,0.117041,0,0,0,0,0,0,0.234082
0,0.222222,0,0.111111,0.111111,0.222222,0,0,0.333333,0.222222,0,0,0.111111,0,0,0.111111,0,0.111111,0,0.222222,0,0.222222,0,0.333333,0,0.111111,0.111111,0,0.111111,0,0,0.333333,0.111111,0.111111,0.222222,0,0.111111,0,0.222222,0,0,0.111111,0,0.222222,0,0,0,0.333333,0.111111,0
0,0,0,0,0,0.142857,0.285714,0.142857,0,0,0,0,0.142857,0,0,0.571429,0,0.142857,0,0,0,0.142857,0,0,0,0,0.142857,0,0.142857,0.142857,0,0.142857,0,0.142857,0.142857,0.142857,0,0,0.285714,0.142857,0,0.142857,0.285714,0.142857,0.285714,0,0,0.142857,0.142857,0
0,0,0,0,0,0,0.196116,0,0,0,0,0,0,0.196116,0,0.392232,0,0.392232,0,0,0,0.392232,0,0,0,0,0.196116,0,0.392232,0,0,0.196116,0,0,0,0,0,0,0.392232,0,0,0.196116,0,0,0,0,0,0.196116,0,0
0.1,0.1,0.1,0,0,0,0,0.2,0.1,0,0.2,0.2,0.3,0,0,0.2,0,0.1,0.1,0,0.1,0.1,0.1,0.1,0,0,0.1,0.3,0.4,0,0,0,0.1,0.1,0.2,0.2,0.1,0,0.1,0.3,0.3,0.1,0.2,0,0,0.2,0,0,0,0
0,0,0,0,0,0.258199,0,0,0.258199,0,0,0,0,0.258199,0,0,0.258199,0.258199,0,0,0,0,0,0.258199,0,0,0,0,0,0,0,0,0,0,0,0.258199,0,0,0.258199,0.258199,0,0.516398,0,0,0,0,0.258199,0.258199,0,0
0,0,0,0,0,0,0.301511,0,0.301511,0,0,0,0,0,0,0,0,0,0,0,0,0,0.301511,0.603023,0,0,0.301511,0,0.301511,0,0,0,0,0,0,0,0,0,0,0,0,0,0.301511,0,0,0,0,0,0.301511,0
0,0.124035,0.124035,0,0,0,0,0,0.124035,0.248069,0.124035,0.124035,0,0,0,0,0,0,0,0.124035,0.124035,0,0.124035,0.124035,0,0.248069,0.124035,0.124035,0.124035,0,0.124035,0.124035,0.248069,0.248069,0.248069,0.124035,0,0.372104,0.124035,0,0.372104,0.124035,0,0,0,0.372104,0.124035,0,0,0
0.0932505,0.186501,0,0.0932505,0.0932505,0.279751,0.0932505,0.279751,0.186501,0.373002,0,0.186501,0.0932505,0,0,0,0.0932505,0.0932505,0.186501,0.0932505,0.0932505,0.0932505,0,0.186501,0,0,0.0932505,0.0932505,0.186501,0,0.0932505,0.0932505,0.0932505,0,0,0,0,0.186501,0.0932505,0.0932505,0.0932505,0,0.0932505,0.279751,0,0.0932505,0.373002,0.186501,0,0.186501
0,0,0,0,0,0,0.171499,0.171499,0.342997,0,0,0.171499,0,0,0,0,0.342997,0,0,0.171499,0,0.171499,0,0,0,0,0,0,0,0,0.171499,0,0,0,0,0,0,0,0.171499,0,0,0,0.685994,0,0,0,0.171499,0,0.171499,0.171499
0,0,0,0,0,0,0,0,0,0,0,0,0,0,0.5,0,0,0,0,0,0,0,0,0.5,0,0.5,0,0,0.5,0,0,0,0,0,0,0,0,0,0,0,0,0,0,0,0,0,0,0,0,0
0,0,0,0,0,0,0,0,0,0,0,0,0,0,0,0,0,0,0,0,0,0,0,0,0,0,0,0,0,0,0,0,0,0,0.288675,0,0.288675,0,0,0,0,0,0.288675,0,0.866025,0,0,0,0,0
0,0,0,0,0,0,0,0,0,0.27735,0,0.27735,0,0,0.27735,0,0.27735,0,0,0,0,0,0,0,0,0,0,0,0,0,0,0,0.27735,0,0,0,0,0,0.27735,0.27735,0.27735,0,0,0,0.5547,0,0.27735,0,0,0
0,0,0,0,0,0,0,0,0,0,0,0,0,0,0,0,0,0,0,0,0,0,0,0.176777,0,0,0,0,0,0,0,0,0,0,0,0,0,0,0,0,0.176777,0.353553,0,0,0.883883,0.176777,0,0,0,0
0.105409,0.105409,0.105409,0,0,0,0.421637,0.210819,0.210819,0.316228,0.105409,0,0.105409,0.105409,0.105409,0.210819,0.210819,0.105409,0,0.210819,0,0.105409,0.210819,0.316228,0.105409,0,0.105409,0.105409,0,0.105409,0,0,0,0,0.105409,0,0,0.105409,0.210819,0.105409,0,0.105409,0,0.316228,0.105409,0,0,0,0.105409,0
0.0851257,0.170251,0.170251,0.0851257,0.340503,0.340503,0.170251,0,0,0.0851257,0.170251,0.170251,0.0851257,0,0,0.170251,0,0,0.255377,0,0.0851257,0.170251,0,0.170251,0.0851257,0,0,0.0851257,0,0,0.0851257,0,0,0.255377,0.0851257,0.170251,0,0.0851257,0.170251,0,0.340503,0,0,0.255377,0,0.0851257,0.170251,0.170251,0.170251,0
0,0,0.100504,0,0,0,0.100504,0,0.402015,0,0.100504,0.100504,0.201008,0,0.100504,0.100504,0.201008,0,0,0,0,0.100504,0.100504,0,0.100504,0,0,0.201008,0.201008,0,0.100504,0.100504,0.100504,0.100504,0.100504,0.402015,0,0.201008,0.100504,0.402015,0.100504,0.301511,0,0.100504,0,0.201008,0,0,0.100504,0
