0,0,0.25,0.125,0.125,0.125,0.125,0,0.125,0,0.375,0.25,0,0,0.5,0,0,0,0,0.125,0.25,0.125,0.125,0.125,0,0.125,0,0,0,0.125,0,0,0.125,0.25,0.125,0,0.125,0,0,0.125,0,0.25,0,0,0.125,0.125,0.125,0,0,0.125
0,0,0,0.232845,0,0.0776151,0.232845,0.232845,0.31046,0.232845,0.31046,0,0.388075,0,0.31046,0,0,0,0,0.31046,0,0,0.0776151,0.0776151,0.232845,0.0776151,0.0776151,0.15523,0,0,0.0776151,0.0776151,0,0.0776151,0,0.232845,0,0.0776151,0.0776151,0,0,0,0,0,0,0,0,0.15523,0.15523,0.0776151
0.111111,0,0,0.222222,0.222222,0,0,0.333333,0,0,0.111111,0,0.111111,0,0,0,0,0.222222,0.111111,0,0.222222,0.111111,0,0,0.111111,0,0,0,0.111111,0,0.222222,0,0.222222,0,0,0,0,0,0,0,0.222222,0,0,0.444444,0,0,0,0.111111,0.222222,0.444444
0.141421,0.141421,0,0,0.141421,0,0.282843,0.141421,0.141421,0,0.282843,0,0,0,0.141421,0,0.141421,0,0,0,0,0,0.141421,0,0,0.282843,0.141421,0.141421,0.282843,0.282843,0.141421,0.282843,0.141421,0,0.141421,0,0.141421,0.141421,0,0,0,0,0,0,0,0.141421,0,0,0.424264,0.141421
0.242536,0.242536,0,0,0,0,0,0,0,0.242536,0,0,0.242536,0,0,0,0.485071,0,0,0.242536,0,0,0,0,0.242536,0,0.242536,0,0.242536,0.242536,0,0,0,0,0,0,0,0,0,0.242536,0.242536,0,0.242536,0,0,0,0,0,0,0.242536
0,0.636364,0,0.0909091,0.0909091,0.0909091,0.181818,0,0,0.272727,0,0.181818,0.272727,0,0,0.0909091,0,0.0909091,0,0,0.0909091,0.0909091,0.363636,0,0,0.0909091,0,0,0,0.0909091,0,0,0.181818,0,0,0.0909091,0,0,0,0,0.0909091,0.181818,0,0.0909091,0,0,0,0,0.272727,0.0909091
0,0.5547,0,0,0,0,0,0.27735,0,0,0,0,0.27735,0,0,0,0.27735,0,0,0.27735,0,0,0,0,0,0,0,0,0,0,0,0,0.27735,0.27735,0,0.27735,0.27735,0,0,0,0,0,0,0,0,0,0,0,0.27735,0
0.208514,0.417029,0,0,0,0,0,0,0,0,0,0,0.417029,0,0,0,0,0,0,0,0,0.208514,0,0,0,0,0,0.208514,0.208514,0,0,0,0,0.208514,0.208514,0.208514,0.208514,0,0.208514,0,0,0.417029,0,0,0,0,0,0.208514,0.208514,0
0,0,0,0,0.166091,0,0.249136,0.249136,0,0.0830455,0.0830455,0,0.332182,0,0,0.0830455,0.0830455,0,0.0830455,0.332182,0,0.249136,0.249136,0,0.166091,0.0830455,0,0.0830455,0.249136,0,0,0,0,0.0830455,0,0.166091,0.0830455,0,0,0,0,0,0,0.166091,0.166091,0.249136,0.0830455,0.166091,0.415227,0
0,0.6,0.2,0,0.2,0,0.2,0,0,0,0,0,0,0,0,0,0.2,0.2,0,0.2,0,0,0.2,0.2,0,0,0,0,0,0,0,0,0,0,0,0,0.2,0.2,0,0,0,0,0,0,0.2,0,0,0.2,0.4,0
0,0,0,0,0.129099,0.258199,0.129099,0.258199,0,0.258199,0,0,0,0,0,0,0,0,0,0,0,0.258199,0,0,0,0.258199,0,0.258199,0.129099,0,0.129099,0,0,0,0.258199,0.129099,0,0.129099,0.258199,0,0,0,0,0,0,0.129099,0.129099,0,0.516398,0.258199
0,0,0,0.316228,0,0,0,0,0.316228,0,0,0,0.316228,0,0,0.316228,0,0,0,0,0,0.316228,0,0.316228,0,0,0,0,0,0,0,0,0,0,0,0.316228,0,0,0,0.316228,0,0,0,0,0,0,0.316228,0.316228,0,0
0.141421,0.141421,0,0.141421,0,0,0,0.424264,0,0,0,0,0,0.141421,0.141421,0.282843,0,0.141421,0.141421,0.141421,0.141421,0.141421,0.141421,0,0.141421,0.424264,0,0,0,0.141421,0.141421,0,0,0,0,0.141421,0.141421,0,0.141421,0,0,0.141421,0,0,0,0,0.282843,0.282843,0.141421,0.141421
0,0,0,0,0,0,0,0,0,0,0,0,0,0,0,0,0,0,0.301511,0,0.301511,0.301511,0,0.603023,0,0,0,0,0,0,0,0,0,0,0,0,0,0.301511,0,0,0.301511,0,0,0,0,0,0,0,0.301511,0.301511
0,0,0,0,0.3849,0,0,0,0,0.19245,0,0,0.19245,0,0,0,0.19245,0.19245,0,0.19245,0,0,0.19245,0,0.19245,0,0,0,0,0,0,0,0,0.57735,0,0.3849,0.19245,0,0,0.19245,0,0,0.19245,0,0,0,0,0,0,0
0.138675,0.693375,0,0,0,0,0,0,0.138675,0,0.27735,0.138675,0.138675,0,0,0.27735,0.138675,0.138675,0,0.138675,0,0,0,0,0,0.138675,0.138675,0,0.138675,0,0,0,0,0,0,0,0.138675,0.138675,0,0.138675,0,0.138675,0,0.138675,0,0,0,0,0.27735,0
0.0966736,0.9184,0,0,0.0483368,0,0.0966736,0,0.0483368,0,0,0.0483368,0.0483368,0.0966736,0.0483368,0,0,0.14501,0,0,0,0,0,0.0483368,0,0,0.0966736,0,0.0966736,0.0483368,0,0,0,0.0483368,0.0483368,0,0,0.193347,0,0.0483368,0.0483368,0.0483368,0,0,0.0483368,0,0.14501,0,0,0
0,0.328798,0,0,0.164399,0,0,0,0.164399,0,0,0,0.164399,0,0.328798,0,0.164399,0.328798,0,0.493197,0,0.328798,0,0.164399,0,0,0.164399,0.164399,0,0,0.164399,0,0,0,0,0,0,0,0,0,0,0.164399,0.164399,0,0.164399,0,0,0,0.164399,0
0.131306,0.525226,0,0.131306,0,0,0,0,0,0,0,0.131306,0.262613,0.262613,0.131306,0.131306,0,0.262613,0.131306,0.131306,0.131306,0.131306,0,0,0.131306,0,0,0.131306,0,0,0,0,0.262613,0,0,0,0,0.131306,0,0.131306,0.262613,0.131306,0,0,0.131306,0.131306,0.131306,0,0.131306,0.262613
0.162221,0.324443,0,0,0.162221,0.162221,0,0,0,0,0,0,0,0,0,0,0.162221,0.324443,0,0.162221,0.486664,0,0,0,0.162221,0,0,0,0.162221,0,0.162221,0,0.486664,0,0,0,0.162221,0.162221,0,0,0.162221,0,0,0,0,0,0,0,0.162221,0
0,0.288675,0,0,0.288675,0,0,0,0,0,0.288675,0,0,0,0,0,0,0,0.288675,0.288675,0,0,0,0.288675,0,0,0,0.288675,0,0.288675,0,0,0,0,0,0,0,0,0,0.57735,0,0,0,0,0,0,0,0,0,0
0,0,0,0.3849,0.57735,0,0,0,0,0,0,0,0,0.19245,0,0,0,0,0,0.3849,0.19245,0,0.19245,0,0,0,0,0,0,0,0,0,0.19245,0.19245,0,0,0,0,0.19245,0.19245,0,0,0,0,0,0.19245,0.19245,0.19245,0,0
0,0.353553,0,0,0,0,0,0,0,0,0.707107,0,0,0,0,0,0,0,0,0,0.353553,0,0,0,0,0,0,0,0.353553,0,0,0,0.353553,0,0,0,0,0,0,0,0,0,0,0,0,0,0,0,0,0
0,0,0,0.333333,0,0,0,0,0.333333,0,0,0,0,0.333333,0,0,0,0,0,0.333333,0,0.333333,0,0,0,0,0,0,0.333333,0,0,0,0,0,0,0,0.333333,0,0,0,0,0,0,0,0,0.333333,0,0,0.333333,0
0.154303,0,0.154303,0,0.308607,0,0,0,0,0.154303,0.154303,0,0,0,0,0.308607,0,0.154303,0,0,0.46291,0.154303,0.154303,0,0,0,0,0,0,0.154303,0.154303,0,0,0,0,0,0.46291,0,0,0,0.308607,0,0,0.154303,0,0,0.154303,0,0.154303,0
0,0,0,0,0.3849,0,0,0,0.19245,0,0,0.19245,0,0,0,0,0,0,0,0,0,0.19245,0,0,0.19245,0,0,0,0,0,0,0,0,0.19245,0,0.19245,0.19245,0.19245,0,0,0.19245,0,0.3849,0,0,0,0,0.19245,0,0.57735
0,0.267261,0,0.267261,0,0,0,0,0,0,0.267261,0,0.267261,0,0.267261,0,0,0.267261,0,0.267261,0.267261,0,0,0,0,0,0,0,0,0,0,0,0,0,0.534522,0,0,0.267261,0,0,0,0,0,0,0,0,0.267261,0,0,0
0,0,0,0,0,0,0,0,0.242536,0,0.242536,0,0,0.242536,0.242536,0,0.242536,0,0.242536,0,0,0,0,0,0,0,0,0.242536,0,0.242536,0,0,0,0,0,0,0.242536,0.242536,0,0,0.242536,0,0.242536,0,0.242536,0.485071,0,0,0,0
0,0.635001,0,0,0,0,0,0.254,0.127,0,0,0,0,0.127,0.127,0,0.127,0,0,0.127,0,0,0,0,0,0,0.127,0,0.254,0.127,0.127,0,0.127,0,0.127,0,0,0.127,0,0.254,0.381,0,0,0,0,0,0.254,0,0,0.127
0,0,0,0,0,0,0,0,0,0,0,0.353553,0,0,0.353553,0,0,0,0,0,0,0,0,0,0,0,0,0,0,0,0,0,0,0,0,0,0,0,0,0,0,0,0,0.353553,0,0,0,0,0.707107,0.353553
0,0.13484,0.26968,0,0,0,0,0.26968,0,0,0.26968,0,0,0.26968,0.13484,0,0,0,0,0.13484,0,0.40452,0,0.26968,0.26968,0.13484,0.13484,0,0,0.13484,0,0,0.13484,0,0,0.26968,0,0.26968,0.13484,0,0,0.13484,0,0,0,0.13484,0,0,0,0.26968
0,0,0,0,0,0,0,0,0,0,0,0,0,0,0,0,0,0,0,0,0,0,0,0,0,0,0,0,0,0.377964,0,0,0,0,0,0.377964,0.377964,0,0,0,0,0,0,0,0.377964,0.377964,0.377964,0,0,0.377964
0.288675,0.57735,0,0.144338,0,0,0,0.144338,0,0.144338,0,0,0.288675,0.144338,0,0,0,0,0,0.144338,0.288675,0,0,0,0.144338,0.144338,0,0.144338,0,0,0,0,0.288675,0,0,0.144338,0,0,0.144338,0.144338,0.144338,0.144338,0.144338,0.144338,0,0,0,0,0,0.144338
0,0,0,0.267261,0,0.267261,0,0,0.267261,0,0,0,0,0,0,0,0,0,0.267261,0,0,0.267261,0,0,0,0,0,0,0,0,0,0,0,0.267261,0,0.267261,0.267261,0,0,0.267261,0,0,0,0.534522,0,0,0,0.267261,0,0
0.316228,0,0,0,0.316228,0,0,0.316228,0,0,0,0,0,0,0,0.316228,0,0,0.316228,0,0,0,0,0.316228,0,0,0,0,0,0.316228,0,0,0,0,0,0,0,0,0,0.316228,0,0.316228,0,0,0,0.316228,0,0,0,0
0,0,0.353553,0,0.707107,0,0,0,0,0,0,0,0,0,0,0,0,0,0,0,0,0.353553,0,0,0,0,0,0,0,0,0.353553,0,0,0,0,0,0,0,0,0,0,0,0,0,0,0,0,0,0,0.353553
0,0,0,0,0,0,0,0,0,0,0,0,0.447214,0,0.447214,0,0,0,0,0,0,0,0,0,0,0,0,0,0,0.447214,0,0,0,0,0,0,0,0,0,0,0,0,0,0,0,0,0.447214,0,0.447214,0
0,0,0.204124,0.204124,0,0.204124,0,0.204124,0,0,0,0.204124,0.408248,0,0,0.204124,0.204124,0,0,0,0,0,0,0,0.408248,0.204124,0,0.204124,0.204124,0,0,0,0,0,0.204124,0,0,0,0,0,0,0,0,0,0.204124,0,0.408248,0,0,0
0.25,0,0,0,0.5,0,0,0,0,0,0,0,0,0,0.25,0,0.25,0,0,0,0,0.25,0,0,0,0,0,0,0,0.25,0,0,0.25,0,0,0,0.25,0,0.25,0,0,0,0.5,0,0,0,0,0,0,0
0,0,0,0,0,0,0,0,0,0,0.603023,0,0,0.301511,0.301511,0,0,0,0,0,0,0,0,0,0,0,0.603023,0,0,0,0,0,0,0,0,0,0,0,0,0.301511,0,0,0,0,0,0,0,0,0,0
0.213201,0,0,0,0,0,0,0,0,0,0,0,0.213201,0,0,0,0,0.213201,0,0.426401,0,0,0,0,0,0.213201,0.426401,0,0.426401,0,0,0,0,0,0,0,0,0.213201,0,0.213201,0,0.213201,0,0,0,0,0.213201,0.213201,0,0.213201
0,0,0,0,0,0,0,0,0,0,0,0,0,0,0,0,0,0,0,0,0,0,0.707107,0,0,0,0,0,0,0,0,0,0,0.707107,0,0,0,0,0,0,0,0,0,0,0,0,0,0,0,0
0.246183,0,0,0,0,0,0,0.369274,0.123091,0,0.123091,0,0.369274,0,0,0,0,0.123091,0.123091,0,0.123091,0,0,0,0,0.246183,0,0.123091,0.246183,0.246183,0,0,0.369274,0,0,0,0.123091,0,0.123091,0.369274,0,0,0,0.246183,0,0,0,0,0.123091,0.123091
0.169638,0,0.169638,0.0848189,0.254457,0,0.0848189,0.339276,0,0,0.169638,0,0.254457,0,0.339276,0,0.169638,0.0848189,0,0,0.169638,0.254457,0,0,0.169638,0.254457,0.254457,0,0.254457,0.0848189,0.0848189,0,0.0848189,0.0848189,0,0,0.0848189,0,0,0.254457,0.0848189,0.0848189,0.0848189,0.169638,0,0.169638,0,0,0.0848189,0
0,0.375,0,0.125,0,0,0,0.125,0.25,0,0,0,0.125,0,0.125,0.25,0,0.125,0.125,0.125,0,0.125,0,0.25,0,0.125,0.125,0.125,0.125,0,0.375,0.125,0,0,0.125,0,0.125,0,0.25,0,0.125,0,0,0.125,0.25,0.125,0.25,0,0.25,0
0.291386,0,0.0971286,0.194257,0.194257,0.0971286,0.0971286,0.388514,0.194257,0.0971286,0,0.0971286,0.0971286,0,0.194257,0.0971286,0.0971286,0,0,0,0.194257,0,0,0.0971286,0,0,0.194257,0.291386,0.0971286,0,0,0.0971286,0,0.194257,0.0971286,0.0971286,0.194257,0,0,0.194257,0.194257,0.0971286,0.291386,0.194257,0,0.194257,0,0,0,0.0971286
0.25,0.25,0.125,0,0.25,0.125,0.125,0.25,0,0,0,0.125,0,0.125,0.125,0.125,0,0,0.125,0,0,0,0,0,0,0.375,0.125,0.125,0.25,0,0.125,0,0,0,0.125,0,0.125,0.125,0.125,0.25,0,0,0.375,0,0.125,0,0,0.125,0.125,0.25
0.0953463,0.190693,0.0953463,0,0,0,0.0953463,0.286039,0.190693,0.0953463,0.286039,0,0.286039,0,0.0953463,0,0.0953463,0,0.0953463,0.286039,0,0.0953463,0.0953463,0,0.190693,0,0,0.0953463,0,0.0953463,0.0953463,0,0,0.0953463,0.0953463,0,0.0953463,0.286039,0.0953463,0.0953463,0,0.190693,0,0,0.0953463,0.190693,0.0953463,0,0.0953463,0.476731
0,0,0,0,0,0,0,0,0,0.377964,0,0,0.377964,0,0,0,0,0,0,0,0,0.377964,0,0,0,0,0,0,0,0,0,0,0,0,0,0,0.377964,0,0.377964,0,0.377964,0,0,0,0,0,0,0,0,0.377964
0,0,0.147442,0.147442,0,0.147442,0,0,0.294884,0,0.294884,0.147442,0.294884,0,0.294884,0.147442,0,0.147442,0,0,0.294884,0,0.147442,0,0.147442,0,0.442326,0.147442,0,0.147442,0,0,0,0.147442,0,0,0,0,0,0,0,0,0,0,0,0,0.147442,0.147442,0,0.294884
0,0,0,0,0.408248,0,0,0,0,0,0,0,0.408248,0,0.408248,0,0,0,0,0.408248,0,0,0,0,0,0,0,0,0,0,0,0,0,0,0,0,0,0.408248,0,0,0,0,0,0,0,0,0,0,0.408248,0
0,0.632456,0.158114,0,0,0,0.158114,0,0,0.158114,0,0.158114,0,0,0,0,0,0,0,0,0,0,0,0,0,0,0,0,0.316228,0,0.474342,0,0,0,0,0,0,0,0.158114,0.158114,0,0,0,0,0,0,0.316228,0,0.158114,0
0,0.119523,0,0.119523,0.119523,0,0.239046,0.358569,0,0.597614,0,0.119523,0,0,0,0.239046,0,0.358569,0,0.119523,0,0.239046,0,0,0,0.239046,0,0,0,0,0.119523,0.119523,0.119523,0,0,0.119523,0,0.119523,0,0,0,0,0,0,0,0,0,0.119523,0,0
0.27735,0.27735,0,0,0,0,0.5547,0,0,0,0,0,0,0,0,0,0,0.27735,0,0.27735,0,0,0.27735,0.27735,0,0,0,0,0,0,0,0,0,0,0,0,0.27735,0,0,0,0,0,0,0,0,0,0.27735,0,0.27735,0
0,0.57735,0,0,0,0,0,0,0,0,0,0,0.288675,0,0,0,0,0,0,0,0,0,0,0,0,0,0,0,0,0,0,0,0.288675,0.288675,0,0,0,0,0.57735,0,0,0,0,0,0,0,0.288675,0,0,0
0,0,0,0.267261,0,0.267261,0,0,0.267261,0,0,0,0,0,0,0,0,0,0,0.267261,0,0.267261,0,0.267261,0,0,0.267261,0,0,0.267261,0,0,0,0,0,0,0,0.534522,0.267261,0,0,0,0,0,0,0.267261,0,0,0,0
0,0,0,0,0,0,0,0,0,0,0,0,0,0,0,0,0,0,0,0.603023,0,0.301511,0,0,0,0,0,0,0,0,0,0,0.301511,0,0.301511,0.301511,0,0,0.301511,0,0,0,0,0,0,0,0,0.301511,0,0.301511
0,0,0,0,0,0,0,0,0,0,0,0,0,0,0,0,0,0,0,0,0,0,0,0,1,0,0,0,0,0,0,0,0,0,0,0,0,0,0,0,0,0,0,0,0,0,0,0,0,0
0,0,0,0.288675,0,0,0,0.288675,0,0,0,0,0,0,0,0,0,0,0,0.288675,0,0.288675,0,0,0,0.288675,0,0.57735,0.288675,0,0,0,0,0,0,0,0,0,0,0,0,0.288675,0,0,0,0,0,0,0.288675,0
0,0,0,0,0.185695,0,0.185695,0,0.185695,0,0,0.371391,0,0.185695,0.185695,0.185695,0,0,0.371391,0.185695,0,0,0,0.185695,0,0,0.185695,0.185695,0,0,0,0,0,0,0,0,0,0,0,0,0.371391,0,0.185695,0.185695,0,0.371391,0,0.185695,0,0
0,0.176777,0,0,0,0,0.353553,0.353553,0,0,0.176777,0,0.176777,0,0.353553,0,0,0,0,0.176777,0,0.353553,0,0,0,0,0.176777,0,0.176777,0,0,0,0,0.176777,0.176777,0,0,0,0,0.176777,0.176777,0,0,0.176777,0,0,0.176777,0,0.353553,0
0.179605,0.359211,0,0,0,0,0.179605,0,0,0,0.179605,0,0,0.359211,0,0,0.359211,0,0.179605,0,0,0,0,0.179605,0.179605,0.179605,0.179605,0,0,0,0,0,0,0,0,0,0.179605,0.179605,0,0,0.179605,0,0.359211,0,0,0,0,0,0.359211,0
0.145865,0.29173,0,0.145865,0,0,0,0.145865,0.29173,0,0.145865,0.145865,0.145865,0.145865,0,0,0,0.145865,0.145865,0,0,0,0,0,0,0,0.29173,0,0,0.58346,0,0,0,0.145865,0,0,0,0.145865,0.145865,0.145865,0.145865,0.145865,0,0,0.145865,0.145865,0,0.145865,0.145865,0
0,0,0,0,0,0,0,0,0,0,0,0,0,0,0,0,0,0,0,0,0,0,0,0,0,0,0,0,0,0,0,0,0,0,0,0,0,0,0,0,0,0,0,0,0,0,0,0,0,0
0.5,0,0,0,0,0,0,0,0,0,0,0,0.5,0,0,0,0,0,0,0,0,0,0.5,0,0,0,0,0,0,0,0,0,0,0,0,0,0,0,0,0,0.5,0,0,0,0,0,0,0,0,0
0.57735,0,0,0,0.288675,0,0,0,0,0,0,0,0,0,0,0,0,0,0,0.288675,0,0.288675,0.288675,0.288675,0,0,0,0,0,0,0,0,0,0,0,0,0.288675,0,0,0,0,0,0,0,0,0,0.288675,0,0,0.288675
0,0,0.377964,0,0,0,0,0,0,0,0,0,0,0,0,0,0,0,0,0,0,0,0.377964,0,0.377964,0,0,0,0.377964,0,0,0,0,0.377964,0,0,0.377964,0,0,0,0,0,0,0,0,0,0.377964,0,0,0
0,0,0.534522,0.267261,0.267261,0,0,0,0.267261,0,0,0,0,0,0,0,0,0,0,0.267261,0,0,0,0,0,0,0,0,0.534522,0,0,0,0,0,0,0,0,0.267261,0,0.267261,0,0,0,0,0,0,0,0,0,0
0,0,0,0,0.333333,0,0,0,0,0,0,0,0,0,0,0,0,0,0,0,0.333333,0,0,0.666667,0,0,0,0,0,0,0,0,0,0,0,0,0,0,0,0.333333,0,0,0,0,0,0,0,0.333333,0.333333,0
0,0,0,0,0.158114,0,0,0.316228,0.158114,0.158114,0,0,0.158114,0,0,0,0,0,0.158114,0.158114,0,0.316228,0.158114,0,0.316228,0,0,0,0.316228,0,0,0,0,0.158114,0,0.158114,0.158114,0,0,0,0,0.316228,0,0.158114,0,0.316228,0,0.158114,0.316228,0
0,0,0,0,0,0,0,0,0,0,0,0,0.57735,0.19245,0,0,0,0,0.19245,0.19245,0.19245,0,0,0.19245,0,0.19245,0,0,0,0,0,0,0.19245,0,0.3849,0.19245,0,0,0,0,0,0,0.3849,0,0,0.19245,0,0,0.19245,0
0,0,0,0,0,0,0,0,0,0,0,0,0,0,0,0,0,0.707107,0,0,0,0,0,0,0,0,0,0,0,0,0,0,0,0,0,0,0,0,0,0,0,0,0,0,0,0,0,0,0,0.707107
0,0,0,0,0.707107,0,0.707107,0,0,0,0,0,0,0,0,0,0,0,0,0,0,0,0,0,0,0,0,0,0,0,0,0,0,0,0,0,0,0,0,0,0,0,0,0,0,0,0,0,0,0
0,0,0,0,0,0,0,0,0,0,0,0.333333,0,0,0,0.333333,0.333333,0,0.333333,0,0,0.333333,0,0,0.333333,0,0.333333,0,0,0,0,0,0,0,0,0.333333,0,0,0,0,0,0,0.333333,0,0,0,0,0,0,0
0,0.666667,0,0,0,0,0,0,0,0,0,0,0,0,0,0,0,0,0,0,0,0.333333,0,0.333333,0,0,0,0,0,0,0,0,0.333333,0,0,0,0,0,0,0.333333,0.333333,0,0,0,0,0,0,0,0,0
0,0,0,0,0.267261,0,0,0,0,0,0,0,0,0,0,0,0,0,0,0,0.267261,0.267261,0,0.534522,0,0,0,0,0.267261,0,0,0,0,0,0,0,0,0,0,0.534522,0.267261,0,0,0,0,0.267261,0,0,0,0
0.124035,0.496139,0,0.372104,0.248069,0,0,0.248069,0,0,0,0.124035,0,0,0.124035,0,0,0,0,0,0,0.248069,0,0.124035,0.124035,0,0,0,0,0,0,0,0.248069,0.372104,0,0,0.124035,0,0,0.248069,0.248069,0,0,0,0,0,0,0.124035,0,0
0.219529,0.329293,0,0.109764,0.109764,0,0,0.109764,0,0,0.219529,0.109764,0,0,0,0.109764,0.109764,0.109764,0,0.109764,0,0.109764,0,0.219529,0,0.109764,0.219529,0,0.219529,0,0,0,0.219529,0.109764,0.109764,0.109764,0,0.109764,0,0.329293,0.329293,0.329293,0,0,0,0.219529,0,0.219529,0,0.109764
0,0.27735,0,0,0,0.27735,0,0,0,0,0,0,0,0,0,0,0,0,0,0,0.27735,0.27735,0,0.27735,0,0,0,0,0,0,0,0.27735,0,0.27735,0,0,0,0,0,0.27735,0.5547,0,0,0.27735,0,0,0,0,0,0
0,0,0,0,0,0,0.816497,0,0,0,0,0,0,0,0,0.408248,0,0,0,0,0,0,0,0,0,0,0,0.408248,0,0,0,0,0,0,0,0,0,0,0,0,0,0,0,0,0,0,0,0,0,0
0,0.436436,0.218218,0,0,0,0,0,0,0,0,0,0.218218,0,0,0,0.218218,0,0.218218,0,0,0.218218,0,0,0,0,0.218218,0,0,0,0,0,0,0,0,0,0,0,0.218218,0.218218,0,0,0,0,0,0.654654,0,0,0,0
0.169031,0.338062,0,0,0,0,0,0,0,0,0.169031,0.169031,0,0.169031,0,0.169031,0.169031,0,0,0,0.169031,0.507093,0,0.169031,0,0,0.338062,0,0,0,0,0,0.169031,0,0.169031,0.169031,0,0.169031,0,0,0,0,0.169031,0,0,0.169031,0,0.338062,0,0
0.258199,0.516398,0,0,0,0,0,0,0,0,0,0.258199,0,0,0,0,0.258199,0,0,0,0,0.258199,0,0.258199,0,0,0,0,0,0,0,0,0,0,0,0,0.258199,0.258199,0,0,0.258199,0,0,0.258199,0.258199,0,0,0,0,0.258199
0.2,0.2,0,0,0,0,0,0,0.2,0,0,0,0.2,0.2,0,0,0.2,0,0,0,0.2,0,0,0.2,0,0,0,0,0,0,0,0,0.2,0,0,0,0,0.2,0,0.2,0.6,0,0,0,0.2,0,0,0.4,0,0
0,0.301511,0,0.603023,0.301511,0,0,0,0,0,0,0,0,0,0,0,0,0,0,0,0,0,0,0.301511,0,0,0,0.301511,0,0,0,0,0.301511,0.301511,0,0,0.301511,0,0,0,0,0,0,0,0,0,0,0,0,0
0.271163,0.325396,0.0542326,0.108465,0.108465,0.0542326,0,0,0.108465,0,0.325396,0.108465,0.108465,0.0542326,0.325396,0,0.162698,0,0.108465,0.0542326,0.162698,0.108465,0,0.21693,0,0,0.271163,0,0,0.0542326,0,0.325396,0.0542326,0.0542326,0.0542326,0.0542326,0.108465,0.108465,0,0.271163,0.108465,0,0.21693,0,0.108465,0.162698,0,0.108465,0.0542326,0.108465
0.194054,0.129369,0,0,0.0646846,0,0,0.0646846,0,0,0.129369,0.0646846,0.0646846,0.0646846,0.194054,0.129369,0.0646846,0,0.194054,0.258738,0.194054,0.0646846,0,0.194054,0.258738,0.0646846,0.129369,0,0,0.129369,0,0.194054,0.258738,0.129369,0.129369,0,0,0.194054,0,0.258738,0.194054,0.0646846,0.452792,0.0646846,0.129369,0.194054,0.0646846,0,0.0646846,0.0646846
0.143592,0.215387,0,0.143592,0,0,0.143592,0.287183,0.143592,0,0.215387,0.143592,0,0.215387,0.287183,0.0717958,0.0717958,0,0.215387,0.0717958,0.287183,0.143592,0.0717958,0.0717958,0.215387,0,0.0717958,0,0,0.215387,0.0717958,0.215387,0.215387,0.0717958,0,0.0717958,0,0.143592,0.0717958,0,0.215387,0,0.215387,0,0,0.143592,0,0.215387,0.0717958,0.143592
0.130189,0.130189,0,0.130189,0.130189,0,0,0,0.130189,0,0.260378,0.130189,0,0,0.260378,0,0.130189,0,0.130189,0.260378,0.130189,0.520756,0,0.130189,0,0,0,0,0,0,0,0,0.390567,0.260378,0.130189,0,0.260378,0.130189,0,0,0,0,0,0,0.130189,0.130189,0,0,0,0
0,0,0,0.447214,0.223607,0,0,0,0,0,0,0,0,0,0,0,0.223607,0,0,0,0.223607,0.223607,0,0.223607,0,0,0,0,0,0,0,0,0,0.447214,0,0.223607,0,0.223607,0,0.447214,0,0,0.223607,0,0,0,0,0,0,0
0,0.5,0,0.5,0,0,0,0.25,0,0,0,0,0,0,0,0,0.25,0,0,0,0.5,0,0,0,0,0,0,0,0,0,0,0,0,0,0,0,0,0,0,0,0,0,0,0,0,0.25,0,0.25,0,0
0,0,0,0,0,0,0,0,0,0,0,0,0,0,0,0,0,1,0,0,0,0,0,0,0,0,0,0,0,0,0,0,0,0,0,0,0,0,0,0,0,0,0,0,0,0,0,0,0,0
0,0,0,0,0,0,0,0,0.408248,0,0,0,0,0,0,0,0,0.408248,0,0,0,0,0,0,0,0,0,0,0,0,0,0,0,0,0,0,0,0,0.408248,0,0,0.408248,0,0,0,0,0,0,0.408248,0.408248
0,0,0,0,0,0,0,0,0,0,0,0,0,0,0,0,0,0.57735,0,0,0,0,0,0.57735,0,0,0,0,0,0,0,0,0,0,0,0,0,0.57735,0,0,0,0,0,0,0,0,0,0,0,0
0,0,0,0.447214,0,0,0,0,0,0,0,0,0,0,0.447214,0,0,0,0,0,0,0.447214,0,0,0,0,0,0,0,0,0,0,0.447214,0,0,0,0,0,0,0,0,0,0,0,0,0.447214,0,0,0,0
0.188982,0.188982,0.188982,0.188982,0.188982,0,0,0,0,0,0,0,0.188982,0.188982,0.188982,0,0,0,0.377964,0,0.377964,0,0,0,0,0,0,0,0,0,0,0,0.377964,0,0,0,0,0.377964,0,0,0.188982,0.188982,0.188982,0,0,0,0,0.188982,0,0
0.258199,0,0,0,0,0,0,0,0,0,0,0,0,0.258199,0,0.258199,0,0,0.516398,0.258199,0,0,0,0,0.258199,0,0,0,0,0,0,0,0,0.258199,0,0,0,0,0,0.516398,0.258199,0,0,0,0,0,0,0,0,0
0,0,0,0,0.316228,0,0,0,0.316228,0,0.316228,0,0,0,0,0,0,0,0,0,0,0,0,0,0,0,0.316228,0,0,0.316228,0,0,0,0,0,0,0,0,0,0,0,0,0,0,0,0.316228,0,0.632456,0,0
0,0,0,0,0.316228,0,0,0.316228,0,0,0.632456,0,0,0,0.316228,0,0,0,0,0,0.316228,0,0,0,0,0,0,0,0,0.316228,0,0,0,0,0,0,0,0,0,0,0.316228,0,0,0,0,0,0,0,0,0
0.242536,0,0,0.242536,0,0,0,0,0.242536,0,0,0,0,0.242536,0.242536,0,0,0,0,0,0.242536,0,0,0,0,0,0,0,0,0,0,0,0.242536,0.242536,0,0,0.242536,0,0,0,0.485071,0,0,0,0.485071,0,0,0,0,0
0.156174,0.468521,0,0.156174,0,0,0,0.156174,0,0,0,0,0.156174,0,0.156174,0.156174,0,0,0,0.156174,0.312348,0.156174,0,0.312348,0.312348,0,0,0,0,0,0,0,0,0,0,0.312348,0.156174,0,0,0,0.312348,0,0.156174,0,0,0,0,0.156174,0.156174,0
0.138675,0.27735,0,0,0,0,0,0,0.416025,0,0,0,0,0.27735,0.27735,0,0,0,0,0,0.138675,0,0.138675,0,0,0,0.27735,0,0,0.138675,0,0.138675,0.138675,0.27735,0.138675,0,0,0,0,0,0.138675,0.138675,0.27735,0,0.138675,0,0,0.416025,0,0
0,0.612372,0,0.204124,0.204124,0,0,0,0,0,0.204124,0,0,0.204124,0.204124,0,0,0,0.204124,0,0.408248,0,0,0,0,0,0,0,0,0,0,0,0.204124,0,0,0,0,0,0,0.204124,0.204124,0,0.204124,0,0,0.204124,0,0,0,0
0.177084,0.472225,0,0.118056,0.236113,0,0,0,0.0590281,0,0.118056,0,0.118056,0.295141,0.118056,0.0590281,0.354169,0,0.0590281,0.177084,0.177084,0,0.0590281,0,0.0590281,0,0.236113,0,0.118056,0.0590281,0,0,0.0590281,0.118056,0,0,0.0590281,0.118056,0,0.295141,0.118056,0,0.177084,0,0.177084,0.177084,0.0590281,0.0590281,0,0.177084
0.0454545,0.5,0.0454545,0.0909091,0.272727,0.0454545,0.0909091,0.227273,0.136364,0.0909091,0.227273,0.0454545,0,0.136364,0.0909091,0.136364,0.136364,0,0.0454545,0.0909091,0.136364,0.0909091,0.0454545,0.0454545,0.0454545,0,0.363636,0.0454545,0,0.0454545,0.136364,0.136364,0.181818,0.0454545,0.0454545,0,0.0909091,0.0454545,0,0.0909091,0.227273,0,0.181818,0,0.181818,0.227273,0.0909091,0.0454545,0.0454545,0.0454545
0.0515711,0.670424,0,0.0515711,0.257855,0,0.0515711,0.0515711,0.0515711,0.0515711,0.0515711,0.0515711,0,0.154713,0.0515711,0.0515711,0.0515711,0,0.103142,0,0.257855,0,0,0,0.0515711,0.0515711,0.103142,0,0,0.103142,0.103142,0.103142,0.412568,0.103142,0.0515711,0,0.103142,0.103142,0,0.154713,0,0,0.103142,0,0.206284,0.103142,0.103142,0,0,0.0515711
0.124035,0.248069,0,0,0.124035,0,0,0,0.124035,0,0,0,0,0.124035,0.124035,0,0,0,0,0,0.496139,0.248069,0,0,0,0,0.124035,0,0,0,0,0.372104,0.496139,0,0.124035,0,0.124035,0.248069,0,0,0.124035,0,0,0,0,0.124035,0.124035,0,0.124035,0
0,0,0,0,0.185695,0,0,0,0,0,0.185695,0,0.185695,0.371391,0.185695,0.185695,0,0,0,0,0,0,0,0.185695,0,0,0.185695,0,0,0.557086,0,0,0.371391,0.185695,0,0,0,0.185695,0,0,0,0,0,0,0,0,0.185695,0,0.185695,0.185695
0.159111,0.159111,0,0.159111,0.238667,0,0,0.159111,0,0,0,0.159111,0.159111,0,0.0795557,0.0795557,0,0,0.0795557,0.238667,0,0.159111,0.238667,0.159111,0,0.318223,0,0.238667,0.397779,0,0.318223,0.0795557,0,0.238667,0.159111,0.0795557,0.159111,0.0795557,0,0.159111,0.0795557,0,0.0795557,0,0,0.159111,0,0,0,0
0,0,0.359211,0,0.179605,0,0.179605,0,0,0,0,0,0,0,0,0,0,0,0,0.179605,0,0,0.179605,0,0,0.359211,0,0.179605,0.538816,0.179605,0,0.179605,0,0.179605,0,0,0,0.359211,0,0,0,0,0,0.179605,0,0,0,0,0.179605,0
0,0,0,0,0,0,0,0,0,0,0.27735,0,0,0.27735,0.27735,0,0.5547,0,0.27735,0,0,0,0,0,0,0,0.27735,0,0,0.27735,0,0,0,0,0,0.27735,0,0,0,0.27735,0.27735,0,0,0,0,0,0,0,0,0
0,0,0,0,0,0,0,0,0,0,0,0,0,0,0,0,0,0,0,0,0,0,0,0,0,0,0,0,0,0,0,0,0,0,0,0,0,0,0,0.707107,0,0,0,0,0,0,0,0.707107,0,0
0.447214,0,0,0,0,0,0,0,0,0,0,0,0,0,0,0,0.447214,0,0,0,0.447214,0,0,0,0,0,0,0,0,0,0,0,0,0,0,0,0.447214,0,0,0.447214,0,0,0,0,0,0,0,0,0,0
0,0,0,0,0,0,0,0,0,0,0,0,0,0,0,0,0,0,0,0,0,0,0,0,0,0,0,0,0,0,0,0,0,0,0,0,0,0,0,0,0,0,0,0,0,0,0,0,0,0
0,0,0,0.133631,0.400892,0.133631,0.400892,0,0,0.133631,0.133631,0,0.133631,0,0,0,0,0,0,0,0.133631,0.133631,0,0,0,0.267261,0.267261,0.133631,0.267261,0.133631,0.400892,0.133631,0.133631,0.133631,0,0,0,0,0,0,0,0,0,0.133631,0,0,0,0,0.267261,0
0,0,0.149071,0,0,0,0.298142,0.149071,0.149071,0.447214,0,0.298142,0.149071,0,0,0,0,0,0,0,0,0.149071,0.447214,0,0.149071,0.149071,0,0,0,0,0.149071,0.298142,0,0,0,0.298142,0,0,0,0,0,0,0,0.149071,0,0.149071,0,0,0.149071,0
0,0,0,0.5,0,0,0,0,0,0,0,0,0,0,0,0,0,0,0.5,0,0,0,0,0,0,0,0,0,0,0,0,0,0,0,0,0,0,0,0,0.5,0,0,0,0,0,0,0,0.5,0,0
0,0,0,0,0,0,0,0,0,0,0,0,0,0,0,0,0,0,0,0,0,0,0,0,0,0,0,0,0,0,0,0,0,0,0,0,0,0,0,0,0,0,0,0,0.707107,0,0,0.707107,0,0
0,0,0,0,0,0,0,0,0,0,0,0,0,0,0,0,1,0,0,0,0,0,0,0,0,0,0,0,0,0,0,0,0,0,0,0,0,0,0,0,0,0,0,0,0,0,0,0,0,0
0,0,0,0,0,0,0,0,0,0,0,0,0,0,0,0,0,0,0,0,0,0,0,0,0,0,1,0,0,0,0,0,0,0,0,0,0,0,0,0,0,0,0,0,0,0,0,0,0,0
0.258199,0,0,0,0,0,0.516398,0,0,0.258199,0,0,0,0,0,0,0,0,0,0.258199,0,0,0,0,0,0.258199,0,0,0.516398,0,0.258199,0,0,0,0.258199,0.258199,0,0,0,0,0,0,0,0,0,0,0,0,0,0
0.447214,0.447214,0,0,0.447214,0,0,0,0,0,0,0,0,0,0,0,0,0,0,0,0,0,0,0,0,0,0,0,0,0,0,0,0,0,0,0,0,0,0,0.447214,0.447214,0,0,0,0,0,0,0,0,0
0,0,0,1,0,0,0,0,0,0,0,0,0,0,0,0,0,0,0,0,0,0,0,0,0,0,0,0,0,0,0,0,0,0,0,0,0,0,0,0,0,0,0,0,0,0,0,0,0,0
0,0,0,0,0,0,0,0,0,0,0,0,0,0,0.408248,0,0,0,0,0,0,0,0,0,0,0,0,0,0,0,0,0,0.408248,0,0,0,0,0,0,0.816497,0,0,0,0,0,0,0,0,0,0
0,0,0,0,0,0,0,0,0,0,0.816497,0,0,0,0,0,0,0,0,0,0,0,0,0,0,0,0.408248,0,0,0,0,0,0,0,0,0,0,0,0,0,0,0,0,0,0,0,0,0.408248,0,0
0,0,0,0,0,0,0,0,0,0,0,0,0,0,0,0,0,0,0.5,0.5,0,0,0,0.5,0,0,0,0,0,0,0,0,0,0,0,0,0,0.5,0,0,0,0,0,0,0,0,0,0,0,0
0,0,0,0.090167,0,0.180334,0.180334,0.090167,0,0,0.090167,0,0.090167,0,0,0,0,0,0,0.090167,0,0.090167,0.270501,0,0.180334,0.721336,0.090167,0.090167,0.180334,0,0.180334,0.180334,0,0.090167,0.090167,0,0,0.090167,0,0,0,0.180334,0.090167,0.180334,0,0.090167,0,0,0.180334,0.090167
0,0.436436,0,0,0,0.218218,0.654654,0,0,0,0,0,0,0,0,0,0,0,0,0,0,0,0,0,0,0.436436,0,0,0,0,0,0,0,0,0.218218,0,0,0,0,0.218218,0.218218,0,0,0,0,0,0,0,0,0
0,0,0,0,0,0,0,0,0,0,0,0,0,0,0.156174,0,0,0,0,0,0,0,0,0,0.156174,0.312348,0,0,0,0,0.468521,0.780869,0,0,0.156174,0,0,0,0,0,0,0,0,0,0,0,0,0,0,0
0,0.377964,0,0,0,0,0,0,0.377964,0,0,0.377964,0.377964,0,0,0,0.377964,0,0,0.377964,0,0,0,0,0,0,0,0,0,0,0,0,0,0,0,0,0,0,0,0.377964,0,0,0,0,0,0,0,0,0,0
0,0,0,0,0,0,0.235702,0,0,0,0,0.235702,0.235702,0,0,0.235702,0,0,0.235702,0,0.471405,0,0,0,0,0.235702,0,0,0,0.471405,0.235702,0,0.235702,0,0,0,0,0,0,0.235702,0,0,0,0.235702,0,0,0,0,0,0
0,0,0,0.242536,0,0,0,0.242536,0,0,0,0.242536,0,0,0,0,0,0,0,0,0,0,0,0.242536,0,0.727607,0,0,0,0.242536,0,0,0,0,0,0.242536,0,0,0,0.242536,0.242536,0,0,0,0,0,0,0,0,0
0,0,0,0,0,0,0,0,0,0,0,0,0.377964,0.377964,0,0,0.377964,0,0,0,0,0,0,0.377964,0.377964,0,0,0,0,0,0,0,0,0,0,0,0,0,0,0,0,0,0.377964,0,0,0,0,0,0,0.377964
0,0,0,0,0,0.5,0,0,0.25,0,0,0,0,0,0,0,0,0,0,0.25,0,0.25,0,0,0.25,0,0,0.5,0,0,0,0,0,0,0.5,0,0,0,0,0,0,0,0,0,0,0,0,0,0,0
0.471405,0,0.235702,0.235702,0,0,0,0,0,0,0,0,0,0,0.235702,0,0,0,0,0,0,0,0,0,0,0,0,0,0,0,0,0,0.235702,0.235702,0,0,0,0.235702,0,0.471405,0.235702,0,0,0,0,0.235702,0.235702,0,0.235702,0
0,0,0,0,0,0,0,0.316228,0,0,0,0,0,0.316228,0,0,0.316228,0,0,0,0.316228,0,0,0,0,0,0,0.316228,0,0,0,0,0,0,0.316228,0.316228,0,0,0,0.316228,0,0,0.316228,0,0,0,0,0.316228,0,0
0,0,0,0,0,0,0,0,0,0,0,0,0,0,0,0,0,0,0,0,0,0,0,0.5,0,0,0,0,0,0,0,0.5,0.5,0,0,0,0,0,0,0,0,0,0,0,0.5,0,0,0,0,0
0.353553,0,0,0,0,0,0,0,0,0,0,0,0,0,0,0,0,0,0,0,0,0,0,0,0,0.707107,0,0,0,0,0,0,0.353553,0,0,0,0,0.353553,0,0.353553,0,0,0,0,0,0,0,0,0,0
0,0,0,0,0,0,0,0,0,0,0,0,0,0,0,0.377964,0,0,0,0,0,0,0,0,0,0.377964,0,0,0,0,0,0,0,0,0,0.755929,0,0,0,0,0,0,0.377964,0,0,0,0,0,0,0
0,0,0,0,0,0,0,0,0,0,0,0,0,0,0,0,0,0,0,0,0,0,0,0,0,0,0,0,0,0,0,0,0,0,0,0,0,0,0,0,0,0,0,0,0.707107,0,0.707107,0,0,0
0.25,0,0,0,0,0,0,0,0,0,0,0,0,0,0,0,0.5,0,0,0,0,0,0,0,0,0,0,0,0,0,0.25,0,0,0,0,0,0,0,0,0,0,0,0,0,0.75,0,0,0.25,0,0
0,0,0,0,0,0,0,0,0,0,0,0,0,0.103695,0,0,0,0,0,0.103695,0,0.103695,0.103695,0,0,0,0,0,0,0,0,0.933257,0,0,0.103695,0,0,0.103695,0,0.103695,0,0,0.103695,0,0.20739,0,0,0,0,0
0,0,0.267261,0,0,0,0,0,0.267261,0.267261,0.267261,0,0.267261,0,0.267261,0,0,0,0,0.267261,0,0.534522,0,0,0,0,0,0,0.267261,0,0,0,0,0,0,0,0,0.267261,0,0,0,0,0,0,0,0,0,0.267261,0,0
0,0,0,0,0,0,0,0,0,0,0,0,0,0,0.333333,0,0.333333,0,0,0,0,0,0,0.333333,0,0,0.333333,0,0,0,0,0,0,0,0.333333,0,0,0,0,0.333333,0.333333,0,0,0,0.333333,0,0.333333,0,0,0
0,0,0,0.242536,0.242536,0,0,0,0,0,0,0,0,0,0,0,0,0,0,0,0,0,0,0,0,0.242536,0,0,0,0,0,0.727607,0,0,0,0,0,0,0,0,0,0,0,0,0.242536,0,0.485071,0,0,0
0.176777,0,0,0,0,0,0,0,0,0,0,0,0.176777,0.176777,0.176777,0,0.176777,0,0.176777,0.176777,0,0.353553,0,0,0,0,0,0,0,0,0,0.176777,0.353553,0,0,0,0,0.176777,0,0,0.176777,0,0.353553,0,0,0.53033,0,0.176777,0,0
0.242536,0,0,0.242536,0,0,0,0,0.242536,0,0.242536,0,0,0,0.242536,0,0,0.242536,0,0,0.242536,0,0.242536,0,0,0,0.242536,0,0,0,0,0,0.242536,0,0,0,0,0.242536,0,0.242536,0.242536,0,0.485071,0,0,0,0,0,0,0
0,0,0,0,0,0.208514,0,0,0,0,0,0,0,0,0,0.417029,0,0,0.208514,0,0,0,0,0,0,0.208514,0,0.208514,0,0.208514,0.417029,0.208514,0,0,0.417029,0,0.208514,0,0,0,0,0,0.208514,0.208514,0,0,0.208514,0,0.208514,0
0,0.133631,0,0,0,0,0,0.133631,0,0,0,0,0.267261,0,0,0.133631,0.133631,0,0,0,0,0,0,0.133631,0,0.534522,0,0.267261,0.534522,0.133631,0,0.133631,0.133631,0.133631,0,0,0.133631,0,0,0.133631,0.267261,0,0.133631,0,0,0,0,0,0,0
0,0,0,0,0,0.436436,0,0,0,0,0,0,0,0,0,0.218218,0.218218,0,0,0,0,0,0,0,0,0.436436,0,0.218218,0.218218,0,0.218218,0.218218,0,0,0.218218,0,0,0,0,0,0,0.218218,0.218218,0.436436,0,0,0,0,0,0
0,0,0,0,0,0,0,0,0,0,0,0,0,0,0,0,0,0,0,0,0,0,0,0,0,0,0,0,0,0,0,0,0,0,0,0,0,0,0,0,0,0,0,0,0,0,0,0,0,0
0,0,0,0.235702,0,0,0,0.235702,0,0,0,0,0.235702,0,0.235702,0,0.235702,0,0,0.235702,0.471405,0,0,0,0,0,0.235702,0,0,0,0,0,0.471405,0,0,0,0,0,0,0.235702,0.235702,0,0,0,0,0,0,0,0.235702,0
0,0.204124,0,0,0,0,0,0,0.204124,0,0,0,0,0,0.204124,0,0.408248,0,0,0,0.408248,0,0,0,0.204124,0,0.204124,0,0,0,0,0,0.204124,0,0,0.204124,0,0,0,0.204124,0.408248,0,0.408248,0,0,0,0,0,0,0
0,0,0,0,0,0,0,0,0,0,0,0,0,0,0,0,0,0,0,0,0,0,0,0.707107,0,0,0,0,0,0,0,0,0.707107,0,0,0,0,0,0,0,0,0,0,0,0,0,0,0,0,0
0,0,0,0.57735,0,0,0,0,0,0.57735,0,0,0,0,0,0,0,0,0,0,0,0,0,0,0,0,0,0,0,0,0,0,0,0,0,0.57735,0,0,0,0,0,0,0,0,0,0,0,0,0,0
0,0,0,0,0,0,0,0,0,0,0,0,0,0,0,0,0,0,0,0,0,0,0,0,0,0,0,0,0,0,0,0,0,0,0,0,0,0,0,0,0,0,0,0,0,0,0,0,0,0
0,0,0,0,0,0,0,0.27735,0,0,0,0,0,0,0.27735,0,0.27735,0,0,0.27735,0,0,0,0,0,0,0.27735,0,0,0,0,0,0.27735,0,0,0.27735,0,0,0,0,0.27735,0,0.5547,0,0,0,0,0.27735,0,0
0.27735,0,0,0,0,0,0,0,0,0,0,0.27735,0,0.27735,0,0,0.27735,0,0.27735,0,0.5547,0,0.27735,0,0,0,0,0,0,0,0,0,0.27735,0,0,0,0,0,0,0,0,0,0.27735,0,0.27735,0,0,0,0,0
0.447214,0.447214,0,0,0,0,0,0,0,0,0,0,0,0,0.447214,0,0,0,0,0,0,0,0,0,0,0,0,0,0,0,0,0,0,0,0,0,0,0,0,0,0.447214,0,0,0,0,0,0,0.447214,0,0
0.316228,0,0,0.316228,0,0,0,0,0.316228,0,0,0.316228,0,0,0.316228,0,0.316228,0,0,0,0,0,0,0,0.316228,0,0.316228,0,0,0,0,0,0,0,0,0,0,0,0,0.316228,0.316228,0,0,0,0,0,0,0,0,0
0,0,0,0,0,0,0,0,0,0,0,0,0,0,0,0,0,0,0,0,0,0,0,0,0,0,0,0,0,0,0,0,0,0,0,0,1,0,0,0,0,0,0,0,0,0,0,0,0,0
0.316228,0,0,0,0,0,0,0,0,0,0,0,0,0,0,0,0,0,0.632456,0,0,0,0,0,0,0,0,0,0,0,0,0,0,0.316228,0,0,0,0.316228,0,0,0.316228,0,0,0,0.316228,0,0,0,0,0.316228
0,0.894427,0.223607,0,0,0,0,0,0,0,0,0,0,0,0,0,0,0.223607,0,0,0,0,0,0.223607,0,0,0,0,0,0,0,0,0,0,0,0,0,0,0,0.223607,0,0,0,0,0,0,0,0,0,0
0,0,0,0,0,0,0,0,0,0,0,0,0,0,0,0,0,0,0,0,0,0,0,0,0,0,0,0.57735,0,0.57735,0,0.57735,0,0,0,0,0,0,0,0,0,0,0,0,0,0,0,0,0,0
0,0.208514,0,0,0,0,0,0.208514,0,0,0.417029,0,0,0,0,0,0.208514,0,0.208514,0.208514,0.208514,0,0,0.208514,0,0.208514,0.208514,0.208514,0.208514,0,0,0,0.208514,0,0,0,0,0,0,0,0.208514,0,0.208514,0,0.417029,0,0,0,0,0.208514
0,0.57735,0,0,0,0,0,0,0,0,0,0,0,0,0,0,0,0,0,0,0,0,0,0,0,0,0,0,0,0,0,0,0,0,0,0,0,0,0,0.57735,0,0,0,0,0,0,0,0.57735,0,0
0,0,0.316228,0,0,0,0,0,0.316228,0,0.316228,0,0,0.316228,0,0,0,0,0,0,0,0.316228,0,0,0,0,0.316228,0,0,0.316228,0,0,0,0,0,0.316228,0.316228,0,0,0,0,0,0,0,0,0,0,0,0,0.316228
0.359211,0,0,0,0,0,0.179605,0.179605,0,0,0,0.179605,0,0,0,0,0,0,0,0.179605,0.359211,0,0,0.179605,0,0,0.538816,0,0,0,0,0,0.359211,0,0,0,0,0.179605,0,0.179605,0.179605,0,0,0,0,0.179605,0,0.179605,0,0
0,0,0,0.333333,0,0,0,0,0.333333,0,0,0.333333,0,0.333333,0,0.333333,0.333333,0,0,0.333333,0,0,0,0,0.333333,0,0.333333,0,0,0,0,0,0,0,0,0,0,0,0,0,0,0,0,0,0,0,0,0,0,0
0,0.866025,0,0,0,0,0,0,0,0,0,0,0,0,0,0,0,0,0,0,0,0,0,0.288675,0,0,0,0,0,0,0.288675,0,0,0,0.288675,0,0,0,0,0,0,0,0,0,0,0,0,0,0,0
0.176777,0.176777,0,0.176777,0,0,0,0,0,0,0,0,0,0.176777,0,0,0,0,0,0.176777,0.176777,0.176777,0,0,0,0,0,0.176777,0,0,0,0,0.176777,0,0,0,0,0,0,0.53033,0.353553,0,0.53033,0,0,0.176777,0,0,0,0
0,0,0,0,0,0,0.557086,0,0,0,0,0.185695,0.557086,0,0,0,0,0,0,0.185695,0,0,0,0.185695,0,0.185695,0,0.371391,0.185695,0,0.185695,0.185695,0,0,0,0,0,0,0,0,0,0,0,0,0,0,0,0,0,0
0,0.57735,0,0,0,0,0,0,0,0,0,0,0,0,0,0,0,0,0,0,0,0,0,0,0,0,0.57735,0,0,0,0,0,0.57735,0,0,0,0,0,0,0,0,0,0,0,0,0,0,0,0,0
0,0,0,0,0,0,0,0,0,0,0,0,0,0,0,0,0,0,0,0,0,0,0,0,0,0,0,0,0,0,0,0,0,0.57735,0,0,0,0,0,0.57735,0,0,0,0,0.57735,0,0,0,0,0
0,0,0,0,0.166667,0,0,0,0.166667,0,0,0.166667,0,0,0,0,0.166667,0,0,0,0.666667,0,0,0.166667,0,0,0.333333,0,0,0,0,0,0.166667,0.166667,0,0.166667,0,0.333333,0,0.166667,0,0,0.166667,0,0,0,0,0.166667,0,0.166667
0,0,0,0,0,0,0,0.27735,0,0,0,0,0,0,0,0,0,0,0,0,0.5547,0,0,0,0,0,0,0,0,0,0,0,0.5547,0.27735,0,0,0,0,0,0,0.27735,0,0.27735,0,0,0,0,0,0.27735,0
0.188982,0,0.188982,0,0,0,0,0,0.188982,0,0.188982,0,0,0.188982,0,0,0,0,0,0,0.566947,0,0,0.188982,0,0,0,0,0.188982,0,0,0,0.188982,0,0,0,0,0.188982,0,0.188982,0.566947,0,0,0,0,0,0,0,0,0
0,0.707107,0,0,0,0,0,0,0,0,0,0,0,0,0,0,0,0,0,0,0.707107,0,0,0,0,0,0,0,0,0,0,0,0,0,0,0,0,0,0,0,0,0,0,0,0,0,0,0,0,0
0,0,0,0.188982,0,0,0.566947,0.188982,0,0,0,0,0,0,0,0,0,0,0.188982,0,0,0,0,0,0.188982,0.566947,0,0,0.188982,0,0,0.188982,0,0,0,0,0,0.188982,0,0,0,0,0,0.188982,0,0,0,0.188982,0,0.188982
0.13484,0,0,0,0,0.26968,0.13484,0.40452,0,0,0.26968,0,0.13484,0.13484,0,0,0,0.13484,0,0,0.13484,0.13484,0.26968,0,0.26968,0.26968,0.13484,0.13484,0.26968,0.13484,0,0,0.13484,0,0.13484,0.13484,0,0,0,0,0,0.26968,0.13484,0.13484,0,0.13484,0.13484,0,0.13484,0
0.707107,0,0,0,0,0,0,0,0,0,0,0.707107,0,0,0,0,0,0,0,0,0,0,0,0,0,0,0,0,0,0,0,0,0,0,0,0,0,0,0,0,0,0,0,0,0,0,0,0,0,0
0,0.666667,0,0,0,0,0,0.333333,0,0,0,0,0.333333,0.333333,0,0,0,0,0,0,0,0,0,0,0,0,0,0,0,0,0,0,0,0,0,0,0,0,0,0,0,0,0,0,0,0,0.333333,0.333333,0,0
0,0,0,0,0,0,0,0,0,0,0,0.447214,0.447214,0,0,0,0,0,0,0,0,0,0.447214,0,0,0,0,0,0,0,0,0,0,0,0,0.447214,0,0,0.447214,0,0,0,0,0,0,0,0,0,0,0
0,0,0,0,0,0,0,0,0,0,0,0,0,0,0,0,0,0,0,0.447214,0,0.447214,0,0.447214,0,0,0,0,0,0,0,0,0,0,0.447214,0,0,0,0.447214,0,0,0,0,0,0,0,0,0,0,0
0.447214,0,0,0,0,0,0,0,0,0,0,0.447214,0,0,0,0,0,0,0,0.447214,0,0,0,0,0,0,0,0,0,0,0,0,0,0,0,0.447214,0,0,0.447214,0,0,0,0,0,0,0,0,0,0,0
0,0,0,0,0.436436,0,0,0,0.218218,0,0,0,0,0.218218,0,0,0,0,0,0.218218,0.436436,0,0,0,0,0,0,0,0,0.436436,0,0,0.218218,0.436436,0,0,0,0,0,0.218218,0,0,0,0,0,0,0,0,0,0
0,0,0.447214,0,0,0,0,0,0,0,0,0,0,0,0,0,0,0,0,0,0,0,0.447214,0,0,0,0,0,0.447214,0,0,0,0,0,0,0,0,0,0,0,0,0.447214,0,0,0,0.447214,0,0,0,0
0.301511,0,0,0,0,0,0,0,0,0,0.301511,0,0,0,0,0.301511,0,0,0,0,0,0,0,0.603023,0,0,0.301511,0,0,0.301511,0,0,0,0,0,0,0,0.301511,0,0,0,0,0,0,0.301511,0,0,0,0,0
0.755929,0,0,0,0,0,0,0,0,0,0,0,0,0,0,0,0,0,0,0,0,0,0,0,0.377964,0,0,0,0,0,0,0,0,0.377964,0,0,0,0,0,0,0,0,0.377964,0,0,0,0,0,0,0
0,0,0,0,0,0,0,0,0,0,1,0,0,0,0,0,0,0,0,0,0,0,0,0,0,0,0,0,0,0,0,0,0,0,0,0,0,0,0,0,0,0,0,0,0,0,0,0,0,0
0,0.235702,0,0,0,0,0,0,0,0,0,0,0,0,0,0,0,0,0.471405,0.471405,0.235702,0,0,0,0,0,0,0,0,0,0,0,0.235702,0,0,0,0,0.235702,0,0.471405,0.235702,0,0,0,0,0,0,0,0,0.235702
0,0,0,0,0,0,0.666667,0.333333,0,0,0,0,0,0,0,0,0,0,0,0,0.333333,0,0.333333,0,0,0.333333,0,0,0,0,0,0.333333,0,0,0,0,0,0,0,0,0,0,0,0,0,0,0,0,0,0
0,0,0,0,0,0,0,0,0,0,0,0,0,0,0,0,0,0,0,0,0,0,0.816497,0,0,0,0,0,0,0,0,0,0,0,0,0,0,0,0,0,0,0,0,0,0.408248,0,0.408248,0,0,0
0.417029,0,0,0,0,0.208514,0.417029,0.625543,0.208514,0,0,0,0,0.208514,0,0,0,0,0,0,0,0,0,0,0,0,0,0,0,0,0,0,0,0,0.208514,0,0,0,0,0,0.208514,0,0,0,0,0,0.208514,0,0,0
0,0,0,0,0,0,0,0,0,0,0,0,0,0,0,0,0,0,0,0,0.408248,0,0,0,0,0,0,0,0,0,0,0,0.408248,0,0,0,0.408248,0,0,0,0.408248,0,0.408248,0,0,0,0,0.408248,0,0
0.176777,0,0,0.176777,0.176777,0.353553,0,0.176777,0,0,0,0,0,0,0.176777,0.176777,0.353553,0,0,0,0.176777,0.176777,0.353553,0,0,0,0.353553,0,0,0.176777,0,0,0,0.176777,0.353553,0,0,0,0,0,0.176777,0,0,0.176777,0,0,0,0,0,0
0,0,0.333333,0,0,0.333333,0.333333,0,0,0,0,0,0.333333,0,0,0,0,0,0,0,0,0,0.333333,0,0,0.333333,0,0,0,0,0.333333,0,0,0,0,0,0,0,0,0,0,0,0,0,0,0,0.333333,0,0,0.333333
0,0,0,0,0,0,0,0,0.25,0,0,0,0,0,0,0,0,0,0,0,0.25,0.25,0,0,0.25,0,0.5,0,0,0,0,0,0,0,0,0,0.5,0,0,0.25,0,0.25,0.25,0,0,0.25,0,0,0,0
0.301511,0,0,0.301511,0,0.301511,0,0,0,0,0,0.301511,0,0,0,0,0.301511,0,0,0,0,0,0,0.301511,0,0.301511,0,0,0,0,0.301511,0,0,0,0,0.301511,0,0,0,0,0,0.301511,0,0,0,0,0,0.301511,0,0
0,0,0,0,0,0,0,0,0,0,0,0,0,0,0,0,0,0,0,0,0,0,0,0,0,0,0,0,0,0.377964,0,0,0,0,0,0,0,0,0,0.755929,0,0,0,0,0.377964,0,0,0.377964,0,0
0,0,0,0,0,0,0,0,0,0,0,0,0,0,0,0,0,0,0,0,0,0,0,0,0,0,0,0,0,0,0,0,0,0,0,0,0,0,0,0,1,0,0,0,0,0,0,0,0,0
0,0,0,0,0,0,0,0,0,0,0,0,0,0,0,0,0,0,0,0,0,0,0,0,0.57735,0,0,0,0,0,0,0,0.57735,0,0,0,0,0,0,0,0,0.57735,0,0,0,0,0,0,0,0
0.447214,0,0,0,0,0,0,0,0.447214,0,0,0.447214,0,0,0,0,0,0,0,0,0,0,0,0,0,0,0,0,0,0,0,0,0,0,0,0,0,0,0,0.447214,0,0,0,0,0,0,0,0.447214,0,0
0.377964,0,0,0,0,0,0,0,0,0,0.377964,0,0,0.377964,0.377964,0,0,0,0,0,0,0,0,0,0,0,0.377964,0,0,0,0,0,0,0.377964,0,0,0,0,0,0.377964,0,0,0,0,0,0,0,0,0,0
0,0,0,0,0.229416,0,0,0,0,0,0,0,0.458831,0.229416,0.229416,0,0.229416,0,0,0,0.229416,0,0,0,0,0,0,0,0,0.458831,0,0,0,0,0,0,0.458831,0,0,0,0,0.229416,0,0.229416,0,0,0,0,0,0
0,0,0,0,0,0,0,0,0.301511,0,0,0,0.301511,0,0.301511,0,0,0,0.301511,0,0.301511,0.301511,0,0,0.301511,0,0,0,0,0,0,0,0,0.301511,0,0,0,0.301511,0,0.301511,0,0,0,0,0,0.301511,0,0,0,0
0,0,0,0,0,0,0,0,0,0,0,0,0,0,0,0,0,0,0,0,0,0,0,0,0,0,0,0.408248,0,0,0,0,0,0,0,0,0,0.408248,0,0,0,0,0,0,0,0,0,0,0.816497,0
0,0,0,0.258199,0.258199,0,0,0.516398,0,0,0,0,0,0,0,0,0,0,0,0.258199,0.516398,0.258199,0,0,0,0.258199,0,0,0.258199,0,0,0,0.258199,0,0,0,0,0,0,0,0,0,0,0,0,0,0,0,0,0
0.242536,0,0,0,0,0.485071,0,0,0,0,0,0,0,0.242536,0,0.242536,0,0,0,0,0,0,0,0.242536,0,0.242536,0.242536,0,0,0.242536,0,0,0,0,0,0,0.242536,0,0,0.485071,0,0,0,0,0,0,0,0,0.242536,0
0,0,0,0,0,0.666667,0,0,0.333333,0,0,0,0,0,0,0,0,0,0.333333,0,0,0,0.333333,0,0,0,0,0.333333,0,0,0,0,0,0,0,0,0,0,0,0,0,0,0,0.333333,0,0,0,0,0,0
0,0,0,0.242536,0,0,0,0,0.485071,0,0.485071,0,0,0,0.242536,0.242536,0,0,0,0,0,0,0,0,0,0,0.242536,0,0,0.242536,0,0,0,0,0,0,0,0,0,0.242536,0.242536,0.242536,0,0,0.242536,0,0,0,0,0
0.408248,0,0,0,0,0,0,0,0,0,0,0,0,0,0,0,0,0,0,0,0.408248,0,0,0.408248,0,0,0,0,0,0,0.408248,0,0,0,0,0,0,0.408248,0,0,0.408248,0,0,0,0,0,0,0,0,0
0,0,0,0,0,0,0,0,0,0,0,0,0,0,0,0,0,0,0,0,0.57735,0,0,0,0,0,0,0,0,0,0,0,0,0,0,0,0,0,0,0,0,0,0,0,0,0.57735,0,0.57735,0,0
0.316228,0,0,0,0,0,0,0,0,0,0,0,0,0,0,0,0,0,0,0,0.316228,0,0,0.632456,0,0,0.316228,0,0,0,0,0,0,0.316228,0,0,0.316228,0,0,0.316228,0,0,0,0,0,0,0,0,0,0
0,0,0,0,0,0,0,0,0,0,0,0,0,0,0,0,0.182574,0,0.182574,0,0.182574,0,0,0,0,0,0.182574,0,0,0,0,0,0,0,0,0,0,0,0,0.730297,0.547723,0,0.182574,0,0,0,0,0,0,0
0,0,0,0,0,0.288675,0,0,0,0,0,0,0,0,0,0,0,0,0.288675,0,0,0,0,0.57735,0,0,0,0.288675,0.288675,0,0,0,0.288675,0,0,0,0,0,0,0,0,0.288675,0,0,0,0,0,0.288675,0.288675,0
0,0.353553,0,0,0.353553,0,0,0,0,0,0,0.353553,0,0,0,0,0.353553,0,0,0,0.353553,0,0,0,0,0,0,0,0,0,0,0,0.353553,0,0,0,0,0,0,0.353553,0.353553,0,0,0,0,0,0,0,0,0
0.377964,0,0,0,0,0,0.377964,0,0,0,0,0,0,0,0,0,0.377964,0,0,0,0.377964,0,0.377964,0.377964,0,0,0,0,0,0,0,0,0,0,0,0,0.377964,0,0,0,0,0,0,0,0,0,0,0,0,0
0,0,0,0,0,0,0,0,0.288675,0,0,0,0.288675,0.288675,0,0,0,0,0,0,0.288675,0,0.288675,0.288675,0,0,0,0,0,0,0,0,0,0,0,0,0,0,0,0.57735,0,0,0.288675,0,0.288675,0,0,0,0,0
0.377964,0,0,0,0,0,0,0,0,0,0,0,0,0,0,0,0.755929,0,0,0.377964,0,0,0,0.377964,0,0,0,0,0,0,0,0,0,0,0,0,0,0,0,0,0,0,0,0,0,0,0,0,0,0
0,0,0,0,0,0.338062,0.169031,0.338062,0,0,0.169031,0,0.169031,0,0,0,0,0,0,0,0.169031,0.338062,0,0,0.169031,0.338062,0.169031,0,0,0,0.338062,0,0,0,0.338062,0,0.169031,0,0,0.169031,0.169031,0,0,0.169031,0,0,0,0,0.169031,0
0,0,0,0,0,0,0,0,0,0,0,0,0,0,0,0,0,0,0,0,0,0,0,0,0,0,0.57735,0,0.57735,0,0,0,0,0,0,0,0,0,0,0,0,0.57735,0,0,0,0,0,0,0,0
0,0,0,0,0.447214,0,0,0,0,0,0,0,0,0,0,0,0.447214,0,0,0,0.447214,0,0,0,0,0,0,0,0,0,0,0,0.447214,0,0,0,0.447214,0,0,0,0,0,0,0,0,0,0,0,0,0
0,0,0,0,0,0,0.242536,0,0,0,0,0,0,0,0.242536,0,0,0,0,0,0,0,0,0,0,0,0,0,0,0.242536,0.242536,0,0,0,0,0,0,0.485071,0.242536,0,0,0,0,0,0,0,0.485071,0,0.485071,0
0.365148,0,0,0,0,0.182574,0.365148,0,0,0.182574,0,0,0,0.365148,0,0,0.182574,0,0,0,0,0.182574,0.182574,0,0.182574,0,0,0,0,0,0,0,0.365148,0,0.182574,0,0,0,0.182574,0.182574,0,0,0,0,0.365148,0,0.182574,0,0,0
0,0.894427,0,0,0,0,0,0,0,0,0,0,0,0,0,0,0,0,0,0,0,0,0,0,0,0,0,0,0,0,0,0,0,0,0,0,0,0,0,0,0,0,0,0,0,0,0,0.447214,0,0
0,0,0,0,0.707107,0,0,0,0,0,0,0,0,0,0,0,0,0,0,0,0,0,0,0,0,0,0,0,0,0,0,0,0.707107,0,0,0,0,0,0,0,0,0,0,0,0,0,0,0,0,0
0,0,0,0,0,0,0,0,0,0,0,0,0,0,0,0,0,0,0,0,0,0,0,0,0,0,0,0,0,0,0,0,0,0,0,0,0,0,0,0.408248,0.408248,0,0,0,0.816497,0,0,0,0,0
0,0,0,0,0,0,0,0,0,0,0,0,0,0,0,0,0,0,0,0,0,0,0,0,0,0,0,0.5,0,0,0.5,0,0,0,0,0,0,0.5,0,0,0,0,0,0,0.5,0,0,0,0,0
0,0,0,0,0,0,0,0,0,0,0,0,0,0,0,0,0,0,0,0,0,0,0,0.267261,0,0,0,0,0,0,0,0.267261,0,0,0.267261,0,0,0,0,0,0.267261,0,0,0,0.801784,0,0.267261,0,0,0
0,0,0,0,0,0,0,0,0,0,0,0,0,0,0,0,0.316228,0,0,0,0.632456,0,0,0,0,0,0.316228,0,0,0,0,0,0,0.316228,0,0,0,0.316228,0,0.316228,0,0,0,0,0.316228,0,0,0,0,0
0,0,0,0,0,0.392232,0,0,0,0,0,0.196116,0.392232,0,0,0.196116,0,0,0,0,0.196116,0,0.196116,0,0.392232,0.392232,0,0,0,0,0.196116,0,0.196116,0,0.196116,0,0,0.196116,0,0,0,0,0,0,0,0,0.196116,0,0,0.196116
0,0,0,0,0,0,0,0,0,0,0,0,0,0,0,0,0.408248,0,0,0.408248,0,0,0,0,0,0,0.408248,0,0,0,0,0,0,0,0,0,0,0,0,0.408248,0.408248,0,0,0,0,0,0,0.408248,0,0
