0.226941,0.151294,0,0.0756469,0.0378235,0.0378235,0.264764,0.0756469,0.0756469,0,0.226941,0.0378235,0.0756469,0.11347,0.0378235,0.0378235,0.226941,0.226941,0.189117,0.0378235,0.264764,0.11347,0.151294,0.11347,0.151294,0.0756469,0.151294,0.0378235,0.151294,0.11347,0.0378235,0,0.151294,0.189117,0,0.151294,0.11347,0.0378235,0.189117,0.0756469,0.189117,0.11347,0.302588,0.226941,0.0756469,0.11347,0,0.151294,0.0756469,0.189117
0.0843469,0.168694,0.168694,0.0674775,0.0843469,0.202433,0.202433,0.168694,0.0506081,0.134955,0.118086,0.0674775,0.168694,0.0674775,0.168694,0.101216,0.0506081,0.168694,0.118086,0.0843469,0.118086,0.185563,0.118086,0.101216,0.236171,0.134955,0.0674775,0.185563,0.168694,0.168694,0.118086,0.118086,0.101216,0.185563,0.253041,0.0843469,0.134955,0.101216,0.0843469,0.0674775,0.134955,0.151824,0.0843469,0.101216,0.253041,0.118086,0.168694,0.202433,0.118086,0.0674775
0.109353,0,0.082015,0,0.16403,0.16403,0,0,0.109353,0.109353,0.218707,0.109353,0.32806,0.16403,0.136692,0.246045,0.32806,0.16403,0.109353,0.0273383,0.082015,0.191368,0.0546767,0.136692,0.136692,0,0,0.136692,0.0273383,0.082015,0.109353,0,0.082015,0.0546767,0.0546767,0.0546767,0.0546767,0.109353,0.109353,0.082015,0.16403,0.109353,0.191368,0.109353,0.355398,0.136692,0.0273383,0.218707,0.109353,0.136692
0.0694675,0,0.115779,0.208403,0.162091,0.0231558,0.162091,0.138935,0.138935,0.115779,0.162091,0.0463117,0.208403,0.185247,0.0694675,0.0463117,0.301026,0.208403,0.0926234,0,0.115779,0.115779,0.208403,0.115779,0.0694675,0.0463117,0.0926234,0.0926234,0.0926234,0.208403,0.162091,0,0.0926234,0.185247,0.0926234,0.0694675,0.115779,0.162091,0.301026,0.0231558,0.185247,0.0694675,0.138935,0.138935,0.162091,0.185247,0.162091,0.162091,0.0694675,0.0926234
0,0,0.0539949,0.0539949,0.269975,0,0.0539949,0.0539949,0,0.0539949,0.10799,0,0.0539949,0.269975,0.21598,0.0539949,0.32397,0.21598,0.0539949,0,0.0539949,0.10799,0.10799,0,0.0539949,0,0,0.0539949,0.0539949,0.377964,0.10799,0,0.21598,0.10799,0,0.0539949,0.161985,0.161985,0.10799,0,0.10799,0,0.377964,0.10799,0.161985,0.32397,0.0539949,0,0.0539949,0.0539949
0.127123,0.152548,0.101699,0.177972,0.203397,0.127123,0.0254246,0.127123,0.127123,0.177972,0.0762739,0.0508493,0.127123,0.254246,0.0508493,0.0508493,0.127123,0.305096,0.152548,0.0508493,0.127123,0.152548,0.101699,0.127123,0.0254246,0,0.101699,0.0254246,0.203397,0.177972,0.127123,0,0.228822,0.127123,0.127123,0.177972,0.0254246,0.127123,0.152548,0.203397,0.203397,0.0762739,0.0508493,0.0762739,0.203397,0.177972,0.127123,0.203397,0.101699,0.0762739
0.266667,0.133333,0.0666667,0.0666667,0.0666667,0.0666667,0,0.133333,0.0666667,0.0666667,0.133333,0,0.0666667,0.0666667,0.0666667,0.0666667,0.0666667,0.133333,0,0.0666667,0.333333,0.133333,0.133333,0.0666667,0.133333,0.0666667,0.0666667,0.2,0.2,0.266667,0.133333,0,0.0666667,0.2,0,0.333333,0.0666667,0.4,0.2,0.0666667,0,0.133333,0.2,0,0.0666667,0.0666667,0.0666667,0.133333,0,0.0666667
0,0.0714286,0,0.214286,0.142857,0.0714286,0.142857,0.0714286,0.142857,0.0714286,0.214286,0,0.285714,0.0714286,0.214286,0,0.214286,0.0714286,0.357143,0,0,0.0714286,0.142857,0.142857,0.0714286,0.285714,0,0.214286,0,0.142857,0.142857,0,0.285714,0,0,0,0.142857,0.142857,0.0714286,0,0.0714286,0,0.142857,0.0714286,0.214286,0.142857,0.0714286,0.214286,0,0.142857
0.0622975,0.145361,0.145361,0.0830634,0.103829,0.207658,0.124595,0.145361,0.0830634,0.186893,0.207658,0,0.103829,0.186893,0.145361,0.166127,0.145361,0.103829,0.269956,0,0.0830634,0.145361,0.0830634,0.166127,0.166127,0.166127,0.166127,0.0622975,0.103829,0.166127,0.0830634,0,0.0830634,0.0830634,0.0830634,0.124595,0.0622975,0.103829,0.166127,0.124595,0.124595,0.0207658,0.145361,0.103829,0.311488,0.269956,0.0415317,0.145361,0.124595,0.166127
0,0.078326,0,0,0.234978,0,0.078326,0.156652,0,0.156652,0.313304,0,0.078326,0.156652,0.313304,0.078326,0.078326,0.39163,0,0,0.156652,0.078326,0,0,0.078326,0.078326,0,0.078326,0.078326,0.234978,0.078326,0,0,0.078326,0,0.078326,0,0.156652,0,0,0.313304,0,0.078326,0.078326,0.078326,0.313304,0,0.313304,0.156652,0
0.133185,0.0998891,0.0998891,0.133185,0.266371,0.166482,0.0665927,0.133185,0,0.0665927,0.166482,0,0.199778,0.166482,0.199778,0.0998891,0.166482,0.133185,0.166482,0.0332964,0.299667,0.199778,0.133185,0.0665927,0.0665927,0.0665927,0.166482,0.0998891,0.0665927,0.199778,0,0,0.0998891,0.233075,0.0998891,0.0665927,0,0.166482,0.299667,0.0998891,0.0665927,0,0.0665927,0.0332964,0.133185,0.0998891,0.166482,0.0998891,0.266371,0.0665927
0,0,0.0863868,0.0863868,0.172774,0,0.0863868,0.345547,0.0863868,0.0863868,0.172774,0,0.172774,0.0863868,0,0,0.0863868,0.0863868,0,0,0.345547,0.172774,0.345547,0.172774,0.0863868,0.0863868,0.0863868,0.0863868,0.0863868,0,0.0863868,0.172774,0,0,0.0863868,0,0.0863868,0.172774,0.172774,0,0.0863868,0.0863868,0.0863868,0,0.345547,0.259161,0,0.0863868,0,0.259161
0,0.0594438,0,0.0594438,0.0594438,0.0594438,0.297219,0,0.118888,0.237775,0.178331,0.0594438,0.356663,0.178331,0.0594438,0,0.0594438,0,0.237775,0,0.118888,0.118888,0.297219,0.118888,0.237775,0,0.0594438,0.118888,0,0.118888,0.118888,0,0.118888,0,0.118888,0.0594438,0.0594438,0.0594438,0.178331,0,0.0594438,0.0594438,0,0.297219,0.178331,0.297219,0,0.178331,0.0594438,0.118888
0.113228,0.226455,0.113228,0.0566139,0.113228,0.113228,0.0566139,0.169842,0.226455,0.169842,0,0,0.0566139,0.226455,0.283069,0.0566139,0.113228,0,0.283069,0,0.0566139,0.113228,0.113228,0.339683,0.113228,0.0566139,0.113228,0.113228,0.0566139,0.0566139,0.113228,0,0.113228,0.226455,0,0.0566139,0.0566139,0.113228,0.113228,0.113228,0,0.113228,0.169842,0.113228,0.113228,0.226455,0.226455,0.113228,0.0566139,0.226455
0.464991,0,0,0,0.232495,0,0,0,0,0.116248,0,0,0.116248,0.232495,0.348743,0.116248,0.116248,0,0.232495,0,0,0.348743,0.116248,0,0,0.116248,0,0,0,0.116248,0.116248,0,0,0.232495,0,0,0,0.116248,0.232495,0,0.232495,0,0,0,0.116248,0.232495,0,0.116248,0,0.116248
0.0483934,0.193574,0,0.14518,0.0967868,0,0.14518,0,0.0967868,0.14518,0.14518,0.0483934,0.14518,0.14518,0.241967,0,0.29036,0.14518,0.193574,0,0.0483934,0.14518,0.0967868,0.193574,0.14518,0.0483934,0.0483934,0.338754,0,0.29036,0,0,0.241967,0.0483934,0.14518,0.0483934,0,0.29036,0.241967,0.14518,0.14518,0,0.0967868,0,0.0483934,0.0483934,0.0483934,0.0967868,0,0.14518
0.133038,0.133038,0,0,0.066519,0,0,0.133038,0.066519,0.133038,0.066519,0.066519,0.266076,0.199557,0.332595,0,0.266076,0.266076,0.133038,0.066519,0,0.066519,0.066519,0,0,0.133038,0,0.133038,0,0.066519,0.133038,0,0,0.066519,0.066519,0,0.133038,0.199557,0.066519,0,0.133038,0.066519,0.332595,0.133038,0.133038,0.399114,0.199557,0.066519,0,0.133038
0.107833,0.107833,0.107833,0.161749,0.0539164,0.161749,0.0539164,0,0.107833,0.0539164,0.323498,0,0.215666,0,0.0539164,0.0539164,0.107833,0.323498,0.323498,0,0.107833,0.215666,0,0.0539164,0.0539164,0.0539164,0.0539164,0.0539164,0.0539164,0.215666,0.0539164,0,0.107833,0.107833,0.0539164,0,0.107833,0.215666,0.107833,0.269582,0.0539164,0,0.377415,0,0.215666,0.0539164,0,0.107833,0.0539164,0.107833
0.0762493,0.152499,0,0.152499,0.152499,0.152499,0.228748,0.0762493,0,0.0762493,0.152499,0.152499,0.152499,0.381246,0.228748,0,0.152499,0,0.152499,0,0,0.304997,0.152499,0,0.152499,0,0,0.0762493,0,0.0762493,0.0762493,0,0,0,0.0762493,0.152499,0.0762493,0.152499,0.228748,0,0.152499,0,0.381246,0.0762493,0.0762493,0,0,0.152499,0,0.228748
0.0729325,0,0,0,0.218797,0,0.145865,0.145865,0.0729325,0.218797,0.0729325,0,0,0.0729325,0.145865,0,0.145865,0.29173,0.218797,0,0.145865,0.218797,0.29173,0.145865,0.0729325,0.0729325,0.0729325,0.218797,0,0.0729325,0,0,0.0729325,0.364662,0.0729325,0,0,0.145865,0.0729325,0.0729325,0.218797,0.0729325,0.218797,0,0.218797,0.29173,0.0729325,0,0,0.0729325
0.280386,0.0560772,0,0,0.112154,0.168232,0.112154,0.224309,0.112154,0.0560772,0.224309,0.0560772,0.112154,0.0560772,0.112154,0.168232,0.280386,0.168232,0.168232,0,0.112154,0.0560772,0.112154,0.168232,0.168232,0.112154,0.0560772,0.168232,0,0.168232,0,0,0.168232,0,0.0560772,0,0,0.0560772,0.112154,0.0560772,0,0.112154,0.0560772,0.0560772,0.280386,0.448618,0.0560772,0.168232,0.0560772,0.112154
0.0591312,0.177394,0,0,0,0.0591312,0.118262,0.0591312,0,0.0591312,0.354787,0.0591312,0.0591312,0.0591312,0.0591312,0.236525,0.118262,0.177394,0.0591312,0,0.0591312,0.118262,0.118262,0.118262,0.177394,0.177394,0,0,0,0.0591312,0.118262,0.650444,0.177394,0,0,0.0591312,0.0591312,0.177394,0,0,0.118262,0.0591312,0,0.0591312,0.0591312,0,0.0591312,0.177394,0.0591312,0.118262
0.190693,0.0953463,0,0.0953463,0,0,0.0953463,0.190693,0,0.0953463,0,0,0.476731,0.0953463,0.190693,0.0953463,0.0953463,0,0,0,0.0953463,0.0953463,0.0953463,0,0.381385,0.0953463,0,0.0953463,0,0.286039,0,0,0.190693,0.0953463,0,0,0.0953463,0.190693,0.190693,0,0.0953463,0,0,0,0.190693,0.286039,0,0.190693,0,0.190693
0,0.124035,0,0.124035,0.372104,0.124035,0,0.124035,0.124035,0,0.124035,0.124035,0.248069,0.248069,0.124035,0,0,0.496139,0.124035,0,0.124035,0.124035,0.248069,0,0.124035,0,0,0,0,0,0,0,0,0.248069,0.124035,0.124035,0,0,0.124035,0,0.124035,0,0,0,0.124035,0.124035,0.124035,0.248069,0,0.124035
0.102869,0.257172,0.0514344,0.102869,0.102869,0.102869,0.360041,0.0514344,0.205738,0.0514344,0.102869,0.102869,0.154303,0.102869,0.0514344,0.154303,0.0514344,0.102869,0.154303,0.102869,0.102869,0.154303,0.0514344,0.102869,0.154303,0.205738,0,0.205738,0,0.205738,0.0514344,0.205738,0.102869,0.0514344,0,0.0514344,0,0.154303,0.154303,0.102869,0.360041,0,0.205738,0.0514344,0.0514344,0.205738,0,0.0514344,0,0.205738
0.235702,0,0.0785674,0.0785674,0.0785674,0,0.0785674,0.157135,0,0.235702,0.235702,0.0785674,0,0.31427,0.157135,0.0785674,0.0785674,0.157135,0.157135,0,0.157135,0.235702,0.157135,0.235702,0.0785674,0.0785674,0,0,0.0785674,0.157135,0.0785674,0.31427,0.0785674,0.157135,0,0,0.157135,0,0.0785674,0,0.157135,0,0.0785674,0,0.392837,0.157135,0,0.0785674,0,0.0785674
0,0,0,0,0.150329,0,0,0,0.150329,0.0751646,0.375823,0,0.225494,0.225494,0.0751646,0,0.300658,0,0.0751646,0,0.150329,0.150329,0.0751646,0,0.150329,0,0,0.150329,0,0,0.0751646,0,0.225494,0.0751646,0.0751646,0.0751646,0.150329,0.375823,0.300658,0.0751646,0.0751646,0,0.150329,0,0.150329,0.300658,0.0751646,0.0751646,0,0.150329
0,0.20739,0,0,0,0.103695,0.20739,0.103695,0,0.103695,0.414781,0,0,0.20739,0.311086,0.103695,0.20739,0.103695,0.103695,0,0,0.311086,0.103695,0,0,0.103695,0,0,0,0.103695,0,0,0.103695,0.311086,0,0,0,0,0.103695,0.103695,0,0,0.103695,0.20739,0,0.414781,0,0,0,0.103695
0.153897,0.102598,0.102598,0.102598,0.153897,0.102598,0.153897,0.0512989,0,0.102598,0.102598,0,0.256495,0.102598,0.359092,0.102598,0.205196,0,0.102598,0,0.153897,0.205196,0.307794,0.0512989,0.102598,0.153897,0.102598,0.0512989,0,0.102598,0,0,0.0512989,0.153897,0,0.0512989,0.102598,0.153897,0.256495,0.153897,0.153897,0,0.205196,0,0.256495,0.205196,0,0.153897,0,0.153897
0,0,0,0,0,0,0,0.154303,0,0,0,0,0,0,0,0,0,0,0,0,0,0,0,0.154303,0,0.154303,0,0.154303,0,0,0,0.92582,0,0,0,0,0,0,0,0,0,0,0,0,0.154303,0.154303,0,0,0,0
0.165205,0.132164,0.0991228,0.198246,0.231287,0,0.132164,0.0330409,0.0660819,0.0991228,0.198246,0,0.165205,0.330409,0.0991228,0.0991228,0.264327,0.0991228,0.231287,0,0.132164,0.132164,0.0991228,0,0.0330409,0.132164,0.0660819,0.297368,0,0.0991228,0.132164,0,0.198246,0.231287,0.0330409,0.0991228,0.198246,0.0991228,0.165205,0.165205,0.0660819,0,0.0991228,0.132164,0.0991228,0.132164,0.132164,0.0991228,0.0660819,0.0991228
0,0,0,0,0,0,0,0,0.078811,0,0,0,0,0,0,0,0.157622,0,0,0,0,0,0,0,0.157622,0.157622,0,0.078811,0,0,0.078811,0.945732,0.078811,0,0,0,0,0,0,0,0,0,0.078811,0,0,0,0,0,0,0
0.257248,0.128624,0.0857493,0.0857493,0.0428746,0.0857493,0.171499,0.0428746,0.171499,0.300123,0.128624,0,0.214373,0.171499,0.128624,0.0428746,0.171499,0.0857493,0.171499,0.0428746,0.128624,0.128624,0.0857493,0.171499,0,0.171499,0.128624,0.0428746,0.0428746,0.171499,0.0428746,0,0.257248,0.0857493,0,0,0.0857493,0.214373,0.128624,0.0428746,0.0857493,0.128624,0.257248,0.0428746,0.257248,0.0857493,0.257248,0.171499,0,0.0857493
0,0,0,0,0,0,0,0,0.0466252,0,0,0,0.0466252,0,0,0,0,0,0,0,0,0,0,0,0,0.0932505,0,0.0466252,0,0,0,0.97913,0.0466252,0,0,0,0,0,0.0932505,0.0466252,0.0466252,0,0,0,0,0.0932505,0,0,0,0.0466252
0.096225,0.19245,0,0.096225,0,0,0.19245,0.096225,0,0,0,0,0.096225,0.096225,0.096225,0.3849,0.19245,0,0.19245,0,0.19245,0.096225,0.096225,0.288675,0.19245,0.288675,0.096225,0,0.096225,0.19245,0,0,0.19245,0.19245,0.19245,0,0.096225,0,0.19245,0.096225,0,0,0.19245,0,0.19245,0,0.19245,0.096225,0.19245,0.096225
0,0.0880451,0,0,0.17609,0,0,0.0880451,0.0880451,0,0.17609,0,0,0.0880451,0.0880451,0.17609,0,0.17609,0,0,0.17609,0.35218,0.0880451,0.264135,0.17609,0.264135,0,0.17609,0,0.0880451,0.0880451,0,0.17609,0,0,0,0.0880451,0.440225,0,0,0.264135,0,0,0,0,0.17609,0,0,0,0.35218
0.0966736,0.0966736,0,0,0.0966736,0,0,0.193347,0.0966736,0.0966736,0.0966736,0,0.290021,0.386695,0,0,0.0966736,0,0,0,0.0966736,0.0966736,0.483368,0.0966736,0.0966736,0.0966736,0.0966736,0,0.0966736,0,0.0966736,0,0.193347,0.386695,0,0.0966736,0.0966736,0,0.0966736,0,0,0,0,0.0966736,0,0.193347,0,0.0966736,0,0.290021
0.0749532,0.149906,0,0.149906,0.0749532,0,0.374766,0,0.149906,0.0749532,0.22486,0.149906,0.149906,0.149906,0.22486,0,0,0.149906,0.0749532,0.0749532,0,0.0749532,0,0.0749532,0,0,0,0.149906,0.149906,0.374766,0.0749532,0,0.149906,0.149906,0,0.0749532,0,0.0749532,0.22486,0.0749532,0.0749532,0.0749532,0.22486,0,0.299813,0.0749532,0.0749532,0.299813,0,0.0749532
0.204124,0.136083,0,0.0680414,0,0,0,0.0680414,0.136083,0.0680414,0.0680414,0,0.136083,0.340207,0.272166,0,0.408248,0.272166,0,0,0.0680414,0.136083,0.0680414,0,0.0680414,0,0.204124,0.136083,0,0.340207,0,0,0.0680414,0.0680414,0,0.136083,0,0.0680414,0.136083,0,0.136083,0,0.136083,0.204124,0.272166,0.136083,0,0.136083,0,0.0680414
0.215945,0,0,0,0,0,0,0.143963,0.0719816,0,0.0719816,0.0719816,0.287926,0,0.0719816,0,0.215945,0.287926,0.143963,0,0.287926,0,0.0719816,0.143963,0,0.143963,0,0.0719816,0,0.287926,0,0,0,0.143963,0,0.0719816,0.143963,0.287926,0.215945,0.0719816,0.215945,0.0719816,0.0719816,0.0719816,0.0719816,0.431889,0,0.143963,0,0.0719816
0.179605,0.179605,0,0.269408,0.179605,0,0.179605,0.0898027,0.0898027,0.269408,0.0898027,0,0.0898027,0.0898027,0.179605,0,0.0898027,0.0898027,0.0898027,0,0.0898027,0.179605,0.269408,0,0.0898027,0.0898027,0,0.0898027,0.0898027,0.0898027,0.179605,0,0,0.0898027,0.0898027,0.0898027,0,0.0898027,0.0898027,0,0.269408,0.0898027,0.269408,0.269408,0.179605,0.359211,0.0898027,0.0898027,0,0
0,0,0.188982,0.0944911,0.188982,0,0,0,0.0944911,0,0,0,0,0,0.0944911,0.377964,0,0.188982,0.283473,0,0.0944911,0.188982,0.0944911,0,0.0944911,0.0944911,0,0,0.0944911,0.283473,0.188982,0,0.283473,0,0.188982,0,0.0944911,0.188982,0,0.377964,0.283473,0,0,0,0.0944911,0.0944911,0,0.0944911,0,0.188982
0.196813,0.14058,0.14058,0.14058,0.0843482,0.112464,0.0843482,0.0843482,0.112464,0.112464,0.253045,0.0562322,0.0562322,0.281161,0.224929,0.224929,0.253045,0.168696,0.0562322,0.0562322,0.0843482,0.112464,0.14058,0.196813,0.0562322,0.0843482,0.0281161,0.0843482,0.0843482,0.168696,0.0281161,0,0.0843482,0.0843482,0.253045,0.0562322,0.112464,0,0.196813,0.0843482,0.0843482,0.196813,0.112464,0.112464,0.196813,0.224929,0.0843482,0.196813,0.0843482,0.0843482
0.114167,0.17125,0.0951389,0.228333,0.190278,0.0951389,0.133194,0.114167,0.133194,0.133194,0.133194,0.0570833,0.114167,0.228333,0.190278,0.0761111,0.228333,0.0570833,0.114167,0,0.228333,0.133194,0.0761111,0.133194,0.17125,0.0761111,0.152222,0.0570833,0.114167,0.152222,0.152222,0,0.0761111,0.152222,0.0951389,0.0190278,0.152222,0.190278,0.0570833,0.0761111,0.17125,0.0570833,0.209306,0.209306,0.114167,0.247361,0.133194,0.114167,0.0761111,0.190278
0.137892,0.0919277,0.0306426,0.0766064,0.229819,0.214498,0.12257,0.168534,0.0153213,0.183855,0.199177,0.0306426,0.153213,0.0919277,0.137892,0.0766064,0.153213,0.229819,0.229819,0.0153213,0.137892,0.199177,0.168534,0.183855,0.0919277,0.0919277,0.0612851,0.183855,0.12257,0.0459639,0.0919277,0,0.0919277,0.137892,0.0459639,0.0306426,0.12257,0.107249,0.245141,0.0766064,0.214498,0.0306426,0.12257,0.137892,0.199177,0.245141,0.0919277,0.137892,0.0459639,0.168534
0.158707,0.105805,0.119031,0.0925793,0.132256,0.158707,0.105805,0.119031,0.0793537,0.238061,0.119031,0.0396768,0.198384,0.145482,0.158707,0.0925793,0.198384,0.132256,0.185159,0.0132256,0.198384,0.238061,0.132256,0.0925793,0.145482,0.0661281,0.0661281,0.185159,0.171933,0.198384,0.145482,0,0.0396768,0.158707,0.105805,0.0661281,0.145482,0.158707,0.145482,0.0925793,0.158707,0.0132256,0.304189,0.158707,0.132256,0.145482,0.0925793,0.132256,0.0396768,0.0661281
0.0843087,0.14754,0.168617,0.168617,0.126463,0.0843087,0.0632315,0.0843087,0.126463,0.189695,0.168617,0.0210772,0.105386,0.0843087,0.189695,0.126463,0.189695,0.14754,0.189695,0.0421543,0.210772,0.274003,0.210772,0.0843087,0.0843087,0.105386,0.0843087,0.0632315,0.14754,0.231849,0.210772,0,0.126463,0.126463,0.189695,0.0843087,0.0421543,0.0843087,0.14754,0.0210772,0.126463,0.168617,0.0632315,0.105386,0.231849,0.231849,0.0843087,0.14754,0.0632315,0.0843087
0.123665,0.123665,0.22672,0.0412218,0.185498,0.0824436,0.22672,0.123665,0.123665,0.185498,0.206109,0,0.164887,0.123665,0.206109,0.103054,0.22672,0.164887,0.185498,0,0.164887,0.123665,0.185498,0.0206109,0.0412218,0.185498,0.0824436,0.22672,0.144276,0.103054,0.0824436,0,0.0824436,0.267942,0.164887,0.103054,0.0412218,0.123665,0.144276,0.0824436,0.144276,0.123665,0.103054,0.0824436,0.0618327,0.144276,0.0824436,0.185498,0.0824436,0.103054
0,0,0,0,0,0,0,0,0,0,0.133631,0,0.133631,0.267261,0.133631,0,0.400892,0.133631,0.267261,0,0,0,0,0,0.133631,0,0,0.133631,0,0.267261,0,0,0.133631,0,0,0,0,0.267261,0.133631,0,0,0,0,0.133631,0.267261,0.133631,0.267261,0.267261,0,0.400892
0.162459,0.108306,0.162459,0.054153,0.054153,0.054153,0,0.270765,0,0,0.054153,0.108306,0.216612,0.216612,0.216612,0.162459,0.108306,0.270765,0.108306,0,0.054153,0.162459,0.433224,0.054153,0.108306,0.108306,0.108306,0,0.270765,0.108306,0.054153,0,0.108306,0.162459,0.216612,0.108306,0.054153,0.054153,0.054153,0.162459,0.054153,0,0.054153,0.054153,0.054153,0.108306,0.108306,0.162459,0.108306,0.162459
0.202031,0,0,0,0.101015,0,0.101015,0.202031,0.202031,0.101015,0.202031,0,0,0.202031,0.202031,0,0.303046,0,0.202031,0,0.101015,0.101015,0.303046,0.202031,0,0,0,0.101015,0.101015,0.202031,0,0,0.101015,0.101015,0,0,0,0,0.202031,0,0,0,0.101015,0,0.202031,0.202031,0.101015,0.202031,0.101015,0.404061
0.0533761,0.106752,0.106752,0.0533761,0.106752,0.0533761,0.0533761,0,0.106752,0.160128,0.213504,0.0533761,0.160128,0.480384,0.26688,0.0533761,0.160128,0.106752,0.106752,0.0533761,0.160128,0.106752,0.0533761,0.0533761,0.0533761,0.0533761,0,0.160128,0.0533761,0.160128,0,0,0,0.0533761,0,0,0,0.26688,0.0533761,0.0533761,0.320256,0.0533761,0.213504,0.106752,0.26688,0.213504,0.106752,0.106752,0,0.0533761
0.09759,0.19518,0,0.048795,0.146385,0.048795,0.243975,0.243975,0.048795,0.19518,0.341565,0.048795,0.09759,0.243975,0,0.048795,0.09759,0.09759,0.09759,0,0.146385,0.19518,0.048795,0.048795,0.09759,0.19518,0.09759,0.146385,0.048795,0.09759,0.09759,0,0.048795,0.09759,0,0,0.19518,0.146385,0.19518,0.048795,0.243975,0.048795,0.09759,0,0.146385,0.243975,0.29277,0.09759,0.048795,0.146385
0.26786,0.066965,0.066965,0.066965,0.200895,0.13393,0.066965,0.066965,0.066965,0.066965,0.53572,0,0.13393,0,0.066965,0,0.066965,0.066965,0.066965,0,0.066965,0,0.13393,0.334825,0.066965,0.066965,0,0,0.066965,0.13393,0.066965,0,0.066965,0.13393,0,0.13393,0,0.200895,0.13393,0,0.200895,0,0.26786,0,0.334825,0.13393,0,0.066965,0,0
0,0,0.244339,0,0.122169,0.244339,0,0,0.122169,0,0.122169,0,0.244339,0,0.244339,0,0.244339,0.122169,0,0,0,0.610847,0.122169,0.122169,0,0.244339,0,0.122169,0.122169,0.122169,0,0,0,0,0,0,0.122169,0,0.122169,0,0.122169,0,0.122169,0.122169,0,0,0,0.244339,0,0
0.160128,0.160128,0,0,0.160128,0.160128,0.160128,0,0,0,0.320256,0,0.160128,0.160128,0.160128,0,0.320256,0.160128,0.160128,0,0.160128,0.320256,0,0,0.160128,0,0,0.160128,0,0.160128,0.160128,0,0,0,0,0,0.160128,0.160128,0.160128,0,0,0,0.320256,0,0.160128,0.320256,0,0,0,0
0.256074,0.128037,0,0,0.128037,0,0,0.128037,0.128037,0.128037,0.128037,0,0,0.256074,0.384111,0,0.128037,0.128037,0,0,0.384111,0.256074,0.128037,0,0.128037,0.256074,0.128037,0,0,0.256074,0.128037,0,0,0,0,0,0,0.128037,0,0.128037,0.128037,0,0.256074,0,0,0,0,0,0,0.256074
0,0,0,0,0,0,0,0.408248,0,0,0,0,0,0,0,0,0.816497,0,0,0,0,0,0,0,0,0,0,0,0,0,0,0,0,0,0,0,0,0,0,0,0,0,0,0,0,0,0,0,0,0.408248
0,0.0813788,0.0813788,0,0.0813788,0.406894,0.162758,0,0,0.162758,0.0813788,0,0.0813788,0.244137,0.244137,0.162758,0.0813788,0,0,0,0.0813788,0.0813788,0,0.0813788,0,0.0813788,0,0,0,0.162758,0.244137,0,0.0813788,0.244137,0.162758,0,0,0,0.244137,0.162758,0.0813788,0.0813788,0.0813788,0.0813788,0.0813788,0.488273,0,0.162758,0.0813788,0
0.103142,0.103142,0,0.103142,0.103142,0,0,0.103142,0,0.206284,0.103142,0,0.103142,0,0.206284,0,0.206284,0.309426,0.206284,0,0.412568,0.103142,0.103142,0.103142,0,0,0,0,0.103142,0.309426,0.103142,0,0.103142,0,0,0.103142,0.103142,0.103142,0,0,0,0,0.103142,0,0,0.309426,0.103142,0.103142,0,0.412568
0.130466,0,0.0652328,0.0652328,0.130466,0.0652328,0.0652328,0,0.0652328,0.130466,0.260931,0,0.130466,0.0652328,0.260931,0.130466,0.391397,0.195698,0.130466,0.0652328,0.130466,0.130466,0.0652328,0,0.0652328,0.0652328,0.0652328,0.195698,0,0.260931,0.130466,0,0.0652328,0.130466,0,0.0652328,0,0.0652328,0.130466,0,0.130466,0,0.326164,0.0652328,0.195698,0.260931,0.0652328,0.195698,0.0652328,0.195698
0.0652328,0.195698,0,0.0652328,0.260931,0.195698,0.260931,0.195698,0.0652328,0.130466,0.326164,0,0.260931,0.130466,0,0.260931,0.0652328,0.0652328,0,0,0.0652328,0.260931,0.130466,0.130466,0.130466,0.0652328,0,0.130466,0,0.195698,0.0652328,0,0.0652328,0.326164,0,0.0652328,0,0.0652328,0.0652328,0,0.0652328,0,0,0.0652328,0,0.195698,0.260931,0.130466,0.0652328,0.0652328
0.114708,0.114708,0,0,0.229416,0.114708,0,0.114708,0.114708,0.114708,0.229416,0,0.114708,0.458831,0.114708,0.114708,0.114708,0.114708,0,0,0.229416,0.114708,0,0,0.114708,0.344124,0,0.114708,0.114708,0.114708,0,0,0,0,0,0,0,0.344124,0.229416,0,0,0,0,0.114708,0.229416,0,0,0,0.229416,0.114708
0,0.0936586,0,0,0,0,0.0936586,0.0936586,0,0.0936586,0.280976,0,0,0,0.280976,0.187317,0.187317,0.0936586,0.187317,0,0,0.0936586,0.0936586,0.0936586,0.0936586,0,0.0936586,0.187317,0.280976,0.0936586,0,0,0,0.187317,0.187317,0.0936586,0,0,0.187317,0.187317,0.187317,0.0936586,0.374634,0,0.374634,0.0936586,0.0936586,0,0.187317,0
0.0560772,0.168232,0.0560772,0.224309,0.112154,0.168232,0.0560772,0.168232,0.224309,0.168232,0.0560772,0.112154,0.168232,0,0.112154,0,0.168232,0.224309,0.112154,0,0.224309,0.224309,0.280386,0.168232,0.224309,0.112154,0.0560772,0.0560772,0.168232,0.0560772,0.168232,0,0.168232,0.224309,0,0,0.0560772,0.168232,0.0560772,0.112154,0.112154,0.0560772,0.224309,0.112154,0.0560772,0.168232,0.112154,0.0560772,0,0.168232
0.243432,0.0608581,0.121716,0.0608581,0.243432,0.0608581,0,0.0608581,0.182574,0.182574,0.0608581,0.121716,0.243432,0.365148,0.121716,0.182574,0.0608581,0.0608581,0.182574,0,0,0.243432,0.0608581,0.0608581,0.0608581,0.121716,0.365148,0.121716,0.0608581,0,0.0608581,0,0.0608581,0.182574,0.121716,0,0.121716,0,0.243432,0.121716,0,0,0.121716,0.0608581,0.121716,0.0608581,0.121716,0.0608581,0.182574,0.121716
0.159674,0.0532246,0.0532246,0,0.106449,0.159674,0.106449,0,0.106449,0.212899,0.212899,0,0.212899,0.0532246,0.106449,0.0532246,0.266123,0.106449,0.106449,0,0.159674,0.266123,0.159674,0.0532246,0.159674,0.159674,0.266123,0.0532246,0.0532246,0.159674,0.106449,0,0.106449,0.319348,0.0532246,0,0.0532246,0.0532246,0.0532246,0.0532246,0.159674,0.106449,0.159674,0.106449,0.212899,0.319348,0.106449,0.106449,0,0.0532246
0,0.0780869,0.0780869,0.0780869,0.312348,0,0.234261,0.156174,0,0.156174,0.0780869,0.156174,0.0780869,0,0.156174,0,0,0.156174,0.0780869,0,0.234261,0.234261,0.0780869,0,0.0780869,0.156174,0.0780869,0,0.0780869,0,0,0,0,0.312348,0,0.156174,0.0780869,0.234261,0.0780869,0,0.0780869,0,0.156174,0.0780869,0.234261,0.312348,0.312348,0.0780869,0.156174,0.156174
0,0.174667,0.0582223,0,0.174667,0.116445,0.116445,0.116445,0.116445,0.0582223,0.174667,0,0.116445,0.116445,0.0582223,0,0.349334,0.349334,0.291111,0.0582223,0.0582223,0.349334,0.0582223,0,0.116445,0.0582223,0.0582223,0.0582223,0,0.116445,0.174667,0,0.116445,0.0582223,0.116445,0.0582223,0,0.116445,0.0582223,0.0582223,0.116445,0,0.349334,0.174667,0.116445,0.174667,0.0582223,0.0582223,0.0582223,0.116445
0,0.0354887,0,0.0354887,0.177443,0.0709773,0.0354887,0,0.0354887,0.106466,0.177443,0,0.0354887,0.141955,0.106466,0,0.177443,0.0709773,0.0709773,0,0.212932,0.141955,0.212932,0.0709773,0.141955,0.0709773,0.0354887,0.0709773,0.106466,0.212932,0.0354887,0,0.0709773,0.0354887,0.212932,0,0.0354887,0.248421,0.283909,0.0354887,0.106466,0,0.106466,0.177443,0.319398,0.496841,0.0709773,0.177443,0,0
0.0404226,0.0808452,0.0808452,0.121268,0.202113,0.0404226,0.202113,0.16169,0.0404226,0.0808452,0.282958,0.0404226,0.0404226,0.0404226,0.0404226,0,0.16169,0.16169,0.0404226,0,0.202113,0.404226,0.202113,0.16169,0.121268,0.0808452,0.0808452,0,0.121268,0.121268,0,0,0.0404226,0.0808452,0.121268,0.121268,0.0808452,0.16169,0.0808452,0,0.242536,0,0,0.0404226,0.323381,0.323381,0.121268,0.121268,0.0404226,0.0808452
0,0.125,0,0.125,0.25,0.125,0.25,0,0.125,0.125,0.25,0,0.125,0.125,0.375,0.125,0.25,0,0.25,0,0.125,0.125,0.125,0.125,0,0.25,0,0.125,0,0.25,0,0,0,0.25,0,0,0,0.125,0.125,0,0,0,0.125,0.125,0.125,0.25,0,0,0.125,0
0,0.104828,0.104828,0,0.104828,0,0,0.104828,0.104828,0.104828,0.209657,0.209657,0.314485,0.209657,0.314485,0,0.419314,0,0.104828,0,0,0.104828,0,0.104828,0,0.104828,0,0,0,0.104828,0.104828,0,0,0.209657,0.209657,0,0.104828,0.209657,0.104828,0,0,0.209657,0.104828,0.209657,0.104828,0.209657,0,0.104828,0,0.209657
0,0,0,0,0,0,0.208514,0,0.208514,0,0.208514,0,0,0.417029,0.208514,0,0,0,0,0,0.208514,0.208514,0.208514,0,0,0.208514,0,0,0,0.417029,0,0,0,0,0,0,0,0.208514,0,0,0,0,0.417029,0,0.208514,0.208514,0,0,0,0
0.128037,0.128037,0,0,0.256074,0,0.128037,0,0,0.128037,0.128037,0,0.128037,0.128037,0,0,0.384111,0.128037,0.128037,0,0,0.128037,0.128037,0,0.256074,0.128037,0,0,0,0.256074,0,0,0,0,0,0,0,0,0.512148,0,0,0,0.384111,0.128037,0,0.128037,0,0,0,0.128037
0,0,0,0,0,0.188982,0.188982,0,0.188982,0,0.188982,0,0,0,0,0,0.188982,0,0,0,0,0.188982,0.188982,0,0.188982,0.188982,0,0,0,0.188982,0,0,0,0.377964,0,0,0,0.566947,0,0,0,0,0,0,0,0.377964,0,0,0.188982,0
0.280056,0,0,0.140028,0.280056,0,0.280056,0.140028,0.140028,0.140028,0,0,0.140028,0,0.140028,0,0.280056,0.140028,0,0,0,0,0.140028,0,0,0.140028,0,0,0,0.280056,0,0.280056,0,0.140028,0,0,0,0.140028,0.140028,0,0.420084,0,0,0,0.140028,0.140028,0,0,0,0.280056
0.0830455,0.249136,0.0830455,0,0,0,0.0830455,0,0,0.0830455,0.249136,0,0.166091,0.166091,0.332182,0.249136,0.166091,0.0830455,0.166091,0,0.166091,0.166091,0,0.166091,0.166091,0.332182,0,0.0830455,0,0,0,0.166091,0.0830455,0.0830455,0,0,0,0.249136,0.0830455,0.0830455,0.332182,0,0.166091,0.0830455,0.249136,0,0,0.0830455,0,0
0.102062,0.102062,0,0,0.102062,0,0,0.102062,0,0.102062,0,0,0,0,0.204124,0.408248,0,0,0,0,0,0.306186,0,0,0.102062,0.306186,0,0.102062,0,0.102062,0,0.51031,0,0,0,0,0,0,0.204124,0.102062,0,0,0.102062,0,0,0.204124,0.306186,0.102062,0.102062,0.204124
0,0,0,0.436436,0,0,0,0,0,0,0,0,0.218218,0,0.218218,0,0,0,0,0.218218,0,0.218218,0.218218,0,0,0,0,0,0,0.218218,0,0,0.436436,0,0,0,0.218218,0.218218,0,0,0.436436,0,0,0,0,0,0,0.218218,0,0
0,0.102062,0,0.102062,0,0.204124,0.204124,0,0,0.204124,0.204124,0,0.102062,0,0,0,0.102062,0.102062,0.306186,0,0,0.612372,0.102062,0,0.204124,0.102062,0,0.102062,0,0.204124,0.102062,0,0,0.204124,0,0,0,0.102062,0,0,0,0,0.204124,0.204124,0.102062,0.102062,0.102062,0,0.102062,0.102062
0.142857,0.285714,0,0,0,0,0.142857,0,0,0,0.142857,0,0.142857,0,0.142857,0.142857,0.142857,0.142857,0.142857,0,0,0,0,0.142857,0,0.142857,0,0.428571,0,0.142857,0.285714,0.285714,0.285714,0,0,0,0.142857,0.142857,0,0,0.142857,0,0.285714,0,0,0.285714,0,0,0,0.142857
0.316228,0,0,0.316228,0.316228,0,0,0.316228,0,0,0,0,0.316228,0,0.316228,0,0.316228,0,0,0,0,0,0.316228,0,0,0,0,0.316228,0,0,0,0,0,0,0,0,0,0,0,0,0,0,0,0,0.316228,0,0,0,0,0
0.125,0,0,0.25,0.125,0,0.125,0.375,0.125,0,0.25,0.125,0.125,0,0.25,0,0.125,0,0,0,0,0,0,0.125,0.125,0,0,0.125,0,0.125,0,0,0,0,0,0,0,0.25,0.125,0,0,0,0.625,0,0,0.125,0,0,0,0.125
0,0,0,0,0,0,0.377964,0,0,0,0.377964,0,0,0,0,0,0,0,0,0,0,0,0,0,0.377964,0,0,0,0,0.377964,0,0.377964,0,0,0,0,0,0,0,0,0.377964,0,0.377964,0,0,0,0,0,0,0
0.230652,0.057663,0.057663,0.057663,0.0864945,0,0.0864945,0,0.144157,0.115326,0.144157,0,0.288315,0.20182,0.172989,0.0288315,0.288315,0.259483,0.0864945,0,0.057663,0.144157,0.057663,0.0864945,0.057663,0.0864945,0.0288315,0,0.115326,0.057663,0,0.518967,0.0288315,0.115326,0,0.0288315,0,0.057663,0.115326,0.0864945,0.057663,0,0.144157,0.0288315,0.317146,0.20182,0,0.057663,0,0.115326
0.15328,0.22992,0.0383201,0.15328,0.11496,0,0.0766402,0.1916,0.0383201,0.0766402,0.11496,0.0766402,0.1916,0.1916,0.15328,0.0383201,0.0766402,0.0383201,0.0766402,0,0.0383201,0.15328,0.0766402,0.15328,0,0.0766402,0,0.22992,0.0383201,0.22992,0.0383201,0.574801,0.15328,0.0383201,0.0383201,0,0,0.1916,0.11496,0.0766402,0.1916,0.0383201,0.15328,0,0.15328,0.15328,0.0383201,0.0766402,0.0383201,0.0766402
0.0393141,0.117942,0,0,0.0393141,0.0393141,0.0786281,0.117942,0,0.0786281,0.157256,0,0.157256,0.117942,0.235884,0,0.314512,0.275198,0.0786281,0,0.0393141,0.157256,0.117942,0.235884,0.19657,0.0786281,0.0786281,0.0393141,0.0786281,0.235884,0,0.353827,0.0786281,0.0393141,0,0,0,0.157256,0.157256,0,0.314512,0,0.0786281,0,0.157256,0.0786281,0.0393141,0.157256,0.0393141,0.314512
0,0,0,0,0.113961,0,0,0.113961,0,0,0.227921,0,0.227921,0,0,0.113961,0.113961,0.227921,0.113961,0,0,0.113961,0.227921,0.341882,0.113961,0.227921,0,0.113961,0,0.227921,0,0,0.113961,0.341882,0,0,0,0.113961,0.113961,0.227921,0.227921,0,0.113961,0,0.341882,0,0.113961,0.113961,0,0.227921
0,0.144338,0,0.144338,0,0.288675,0.144338,0.144338,0.288675,0,0,0,0,0,0,0,0,0,0,0,0,0,0,0.433013,0,0,0,0,0,0,0,0.433013,0,0,0,0,0,0.144338,0,0,0.288675,0,0.144338,0,0.433013,0.144338,0,0.144338,0,0.144338
0,0.272166,0,0.136083,0.272166,0,0,0,0,0.136083,0.136083,0,0.136083,0,0,0,0,0,0,0,0.136083,0,0.272166,0,0.136083,0.408248,0,0.272166,0,0,0,0.272166,0,0.408248,0,0,0,0.136083,0.136083,0,0,0,0.136083,0.272166,0.136083,0,0.136083,0,0,0.136083
0.208514,0,0.208514,0,0,0.417029,0.208514,0,0,0.208514,0.208514,0,0.208514,0.208514,0,0,0.208514,0,0,0,0.208514,0,0,0,0,0,0,0,0,0.208514,0,0,0,0,0,0.208514,0,0,0.208514,0.208514,0,0,0.417029,0.208514,0.208514,0,0,0,0,0
0,0,0,0,0,0,0.171499,0,0,0.171499,0,0,0.171499,0,0.342997,0,0,0,0,0,0.171499,0,0,0,0.171499,0,0,0,0,0,0,0,0,0.171499,0,0,0.342997,0.685994,0,0,0,0,0.171499,0,0.171499,0.171499,0.171499,0,0,0
0,0.208514,0,0.104257,0.208514,0,0.208514,0.104257,0,0.104257,0.104257,0,0,0.104257,0,0,0.104257,0.312772,0.104257,0,0,0.208514,0,0.104257,0,0.208514,0.312772,0,0.312772,0,0,0,0.104257,0.104257,0.104257,0,0.208514,0.104257,0.104257,0.104257,0,0,0,0,0.312772,0.104257,0.417029,0,0,0.104257
0,0.185695,0,0,0.185695,0,0.371391,0,0,0,0.185695,0,0,0.185695,0,0,0,0,0.185695,0,0,0,0.185695,0.185695,0.371391,0.371391,0,0.185695,0,0,0,0,0.185695,0.185695,0,0,0,0.185695,0,0,0,0,0.185695,0.185695,0.371391,0,0,0,0,0
0.208514,0,0,0.208514,0.208514,0,0,0,0.208514,0.208514,0,0,0.208514,0,0,0.417029,0.208514,0.417029,0,0,0,0,0.208514,0.208514,0,0,0,0,0,0.208514,0,0,0,0.208514,0,0,0,0,0.208514,0.208514,0.208514,0,0,0,0.208514,0,0,0,0,0
0,0.169031,0,0.169031,0.169031,0,0.338062,0,0,0,0,0,0,0,0.169031,0,0.169031,0,0.338062,0,0,0.169031,0,0.169031,0.169031,0,0.169031,0,0,0.169031,0,0,0,0,0,0,0,0,0,0,0.169031,0,0.507093,0,0.169031,0.338062,0.169031,0,0.169031,0
0,0.166667,0,0,0.166667,0.166667,0.5,0.166667,0,0.166667,0,0,0.333333,0.333333,0,0,0.166667,0,0.166667,0,0,0,0.166667,0,0.166667,0.166667,0,0,0,0,0,0,0,0.166667,0,0,0,0.166667,0.166667,0,0.333333,0,0,0,0.166667,0,0,0,0.166667,0
0,0,0,0.333333,0.333333,0,0,0.333333,0,0,0,0,0,0.333333,0,0,0,0.333333,0,0,0,0,0,0.333333,0.333333,0,0,0,0,0,0,0,0.333333,0,0,0,0,0,0,0,0.333333,0,0,0,0,0,0,0,0,0
0,0,0,0,0.229416,0,0,0,0.229416,0,0,0,0,0.229416,0,0,0.458831,0,0.229416,0,0,0,0,0.229416,0,0.229416,0,0.229416,0,0.458831,0,0.458831,0,0,0,0,0,0,0,0,0,0,0,0,0,0,0,0,0,0
0.0717958,0.0717958,0,0.143592,0.287183,0.0717958,0.143592,0.0717958,0,0,0.358979,0.0717958,0.143592,0.143592,0.215387,0,0.215387,0.215387,0.143592,0,0.0717958,0.143592,0.215387,0,0.287183,0,0,0,0,0.358979,0.287183,0,0,0.0717958,0,0,0.143592,0.0717958,0.143592,0,0.215387,0.0717958,0.0717958,0,0.143592,0.0717958,0,0,0,0.143592
0,0.141895,0,0.0945968,0.141895,0,0.0472984,0,0.0945968,0.141895,0.378387,0,0.141895,0.141895,0.141895,0,0.189194,0.189194,0.141895,0,0.0472984,0.189194,0.236492,0.0945968,0,0.0472984,0,0.236492,0.0472984,0.236492,0.236492,0,0.189194,0.0945968,0,0.0472984,0.0472984,0,0.189194,0.0472984,0.141895,0,0.236492,0.141895,0.0945968,0.28379,0.141895,0.141895,0,0.189194
0.123091,0.246183,0,0,0,0,0,0,0.246183,0.246183,0,0,0.369274,0.123091,0,0,0.123091,0.123091,0.123091,0,0,0,0,0,0.246183,0.369274,0,0.246183,0,0.246183,0,0.246183,0,0.123091,0,0,0,0.123091,0.123091,0,0.123091,0,0.246183,0,0.123091,0.246183,0,0,0.123091,0.123091
0.111959,0.149279,0,0.0373197,0.149279,0,0,0.0746393,0.0746393,0.111959,0.223918,0,0.149279,0.149279,0.111959,0,0.261238,0.261238,0.186598,0,0.111959,0.0373197,0.0746393,0.261238,0.186598,0.111959,0,0.186598,0.0746393,0.223918,0.0373197,0.261238,0.0373197,0.0373197,0,0,0.0373197,0.186598,0.261238,0.0373197,0.186598,0,0.186598,0.0746393,0.186598,0.261238,0,0.149279,0,0.186598
0.114193,0.199837,0,0.114193,0.0856444,0.0570963,0.114193,0.114193,0.0570963,0.0570963,0.114193,0,0.171289,0.142741,0.142741,0,0.0856444,0.142741,0.0570963,0.0285481,0.0856444,0.0856444,0.0856444,0.0570963,0.0285481,0.228385,0,0.0856444,0,0.199837,0.114193,0.628059,0.0856444,0.171289,0,0,0.0570963,0.114193,0.0856444,0.0570963,0.114193,0,0.142741,0.0285481,0.171289,0.256933,0.0856444,0.114193,0,0.171289
0.100111,0.100111,0.0333704,0.0667409,0.300334,0.0333704,0.166852,0.0667409,0.0667409,0,0.233593,0.0333704,0.0667409,0.166852,0.200223,0.100111,0.0667409,0.100111,0.166852,0,0.100111,0.233593,0.166852,0.100111,0.0333704,0.233593,0,0.166852,0.0333704,0.200223,0.100111,0.433816,0.0667409,0.166852,0,0,0,0.166852,0.100111,0,0.0667409,0,0.100111,0.0667409,0.166852,0.233593,0.166852,0.0333704,0,0.200223
0.251976,0,0,0,0,0.251976,0,0,0,0.125988,0,0,0.251976,0,0,0,0.503953,0.125988,0,0,0.125988,0.125988,0.251976,0.125988,0.125988,0.251976,0,0,0,0,0,0.251976,0.125988,0.125988,0,0,0,0,0,0,0.125988,0,0.125988,0.125988,0,0.251976,0,0.251976,0,0.251976
0.1849,0,0,0.27735,0.27735,0,0.1849,0,0.09245,0.1849,0.27735,0,0,0,0.1849,0,0.1849,0.09245,0,0,0,0.27735,0,0.09245,0.09245,0.09245,0,0,0,0,0.09245,0,0.1849,0.09245,0,0,0.1849,0,0.09245,0.09245,0.1849,0,0.27735,0.1849,0.46225,0,0,0.09245,0,0.09245
0.0429537,0.0429537,0.300676,0.171815,0.171815,0.0429537,0.0859074,0,0.0429537,0.128861,0.0429537,0.128861,0.214768,0.128861,0.171815,0,0.214768,0.0429537,0.0429537,0.214768,0.0859074,0.128861,0.0429537,0.0859074,0.214768,0.128861,0.128861,0,0.128861,0.128861,0.257722,0.0429537,0,0.0429537,0.214768,0.128861,0.0859074,0,0.0859074,0.0429537,0,0.386583,0.257722,0.171815,0.0429537,0.171815,0.128861,0.128861,0.0859074,0
0.0469841,0.0469841,0.140952,0.23492,0.0469841,0.0939682,0.0469841,0.140952,0.0939682,0.187936,0.0469841,0.0469841,0.23492,0.187936,0,0,0.0469841,0.140952,0.140952,0.0939682,0.140952,0.0469841,0.187936,0.0939682,0,0.0469841,0.0939682,0.0939682,0.0469841,0.0939682,0.187936,0,0,0,0.23492,0.187936,0.187936,0.140952,0.187936,0.0939682,0,0.422857,0.140952,0.140952,0.0469841,0.0939682,0.23492,0.187936,0.140952,0.187936
0,0.121268,0,0,0.242536,0.121268,0.242536,0,0,0,0.242536,0,0.121268,0.242536,0.121268,0.121268,0,0.363803,0.121268,0,0,0.242536,0,0,0.242536,0.242536,0,0,0,0.121268,0.121268,0,0.121268,0.363803,0,0,0,0,0.121268,0,0,0,0,0.121268,0,0.363803,0,0.121268,0.121268,0
0.123091,0,0,0,0.246183,0,0,0.246183,0,0.123091,0.369274,0.123091,0,0.123091,0,0.123091,0.246183,0.246183,0,0,0,0.246183,0,0,0.123091,0,0,0.369274,0.123091,0,0.123091,0,0.123091,0,0,0.123091,0.123091,0,0.246183,0,0,0,0,0.246183,0.123091,0.246183,0,0,0,0.246183
0.0800641,0,0,0.0800641,0,0.0800641,0.0800641,0.0800641,0.160128,0.0800641,0.240192,0,0.40032,0.240192,0.0800641,0,0.0800641,0.160128,0.160128,0,0,0.40032,0.160128,0,0.160128,0.0800641,0,0,0,0.40032,0.0800641,0,0.0800641,0,0,0,0,0.0800641,0.0800641,0,0.320256,0,0.0800641,0.0800641,0.160128,0.160128,0.0800641,0.0800641,0.0800641,0.0800641
0,0,0,0.122169,0,0,0.122169,0,0,0.122169,0,0,0.122169,0.122169,0,0,0.488678,0.366508,0.244339,0,0,0.244339,0.122169,0,0.122169,0.122169,0,0,0,0.244339,0,0,0.244339,0,0,0,0,0,0.122169,0,0,0,0.488678,0,0,0.122169,0,0,0,0
0.0233253,0.0933012,0.186602,0.0933012,0.0699759,0.209928,0.0466506,0.116627,0.116627,0.0699759,0.0699759,0.116627,0.0699759,0.116627,0.0933012,0.116627,0.0933012,0.186602,0.0933012,0.209928,0.186602,0.0466506,0.116627,0.116627,0.139952,0.139952,0.163277,0.116627,0.209928,0.0933012,0.233253,0,0.0466506,0.116627,0.279904,0.186602,0.209928,0.116627,0.0933012,0.0933012,0.0466506,0.256578,0.163277,0.186602,0.116627,0.0233253,0.163277,0.186602,0.186602,0.116627
0.0189934,0.132954,0.227921,0.0759737,0.0759737,0.132954,0.0189934,0.132954,0.0379869,0.0379869,0.0189934,0.246915,0.0189934,0.0379869,0.0569803,0.284901,0.0569803,0.0949671,0.0379869,0.265908,0.189934,0.0379869,0.0949671,0.132954,0.151947,0.151947,0.170941,0.0949671,0.0759737,0.0189934,0.151947,0,0.0569803,0.132954,0.113961,0.113961,0.246915,0.0189934,0.0949671,0.227921,0.0189934,0.303895,0.0379869,0.0189934,0.0949671,0.0379869,0.246915,0.170941,0.322888,0.0379869
0.166091,0.0830455,0,0.0830455,0.0830455,0.0830455,0,0,0,0.0830455,0.0830455,0,0,0.166091,0.0830455,0.664364,0.166091,0.249136,0.249136,0.0830455,0,0.0830455,0,0.249136,0,0,0,0.0830455,0.0830455,0.0830455,0,0,0.166091,0,0,0,0,0.0830455,0.332182,0,0.0830455,0.0830455,0.0830455,0,0.166091,0.0830455,0,0.0830455,0,0
0,0,0,0.0883883,0,0,0,0.0883883,0,0,0.0883883,0,0,0,0,0,0,0,0,0,0,0,0,0.176777,0,0,0,0,0,0,0,0.972272,0,0,0,0,0,0,0,0,0,0,0,0,0,0,0,0,0,0
0,0.0688428,0,0.0688428,0,0,0,0.0688428,0,0,0,0,0,0.0688428,0.0688428,0,0,0.137686,0,0,0,0,0,0,0,0.0688428,0,0,0,0,0,0.9638,0,0.137686,0,0,0,0,0,0,0,0,0,0,0,0.0688428,0,0,0,0
0.113961,0,0.113961,0,0,0,0.227921,0,0,0,0.113961,0,0.113961,0.113961,0.113961,0,0,0,0,0,0.227921,0.227921,0.227921,0.341882,0.113961,0.113961,0,0.227921,0,0,0,0,0.227921,0,0,0.113961,0.227921,0,0.227921,0,0.227921,0,0.227921,0.113961,0.341882,0.227921,0.113961,0,0,0.227921
0,0.146211,0.194948,0.194948,0,0.048737,0.048737,0.292422,0,0.097474,0,0.194948,0.097474,0.194948,0.097474,0,0.438633,0.146211,0.146211,0.146211,0.243685,0.097474,0.194948,0.048737,0,0.048737,0.097474,0.097474,0.097474,0.048737,0.146211,0,0.097474,0.146211,0,0.048737,0.146211,0.097474,0.048737,0,0,0.097474,0.341159,0.048737,0.097474,0.097474,0.243685,0.097474,0.048737,0.048737
0.252646,0.0842152,0,0,0.0842152,0,0.16843,0.0842152,0.16843,0.0842152,0,0,0.0842152,0.16843,0.16843,0,0.16843,0.252646,0,0,0,0.252646,0.0842152,0.0842152,0.0842152,0.16843,0,0.0842152,0,0.16843,0.16843,0,0.16843,0,0,0,0,0.252646,0.16843,0,0.252646,0,0.16843,0,0.252646,0.421076,0.0842152,0.16843,0,0.16843
0.104257,0.208514,0,0,0.312772,0,0.417029,0.104257,0,0,0,0,0.104257,0.104257,0,0.104257,0.104257,0.208514,0,0,0.208514,0,0,0.208514,0,0.104257,0.104257,0.521286,0,0.208514,0.104257,0,0.312772,0,0,0,0,0,0,0.104257,0.104257,0,0,0.104257,0.104257,0,0,0,0,0
0.103695,0,0.103695,0.103695,0.20739,0,0.20739,0.103695,0.103695,0.414781,0.103695,0,0,0.311086,0.20739,0.20739,0.103695,0.20739,0.103695,0,0.103695,0.20739,0,0.311086,0,0.103695,0,0.20739,0,0,0.20739,0,0,0,0,0,0,0,0,0.20739,0.20739,0,0,0,0.20739,0.20739,0,0.103695,0,0
0.0648204,0.129641,0.0648204,0.0648204,0.0648204,0,0.0648204,0,0.194461,0,0.194461,0,0,0.324102,0.388922,0.259281,0.324102,0.129641,0.0648204,0,0,0.0648204,0.0648204,0.129641,0.194461,0.0648204,0.0648204,0,0,0.0648204,0,0,0,0.129641,0,0.0648204,0.0648204,0.129641,0.129641,0.194461,0.324102,0,0.194461,0.129641,0.194461,0.0648204,0.129641,0.0648204,0.0648204,0.194461
0.216506,0.288675,0,0,0.144338,0.144338,0.0721688,0.288675,0.0721688,0,0.0721688,0,0,0.0721688,0,0.433013,0.144338,0,0,0,0,0,0.0721688,0.0721688,0.288675,0.288675,0,0.360844,0,0,0.0721688,0.0721688,0.0721688,0,0,0,0.0721688,0.0721688,0.144338,0.0721688,0.0721688,0,0.216506,0.0721688,0.216506,0,0,0.0721688,0,0.216506
0.0484438,0.0645918,0.242219,0.145332,0.129184,0.193775,0.0645918,0.113036,0.0968877,0.0968877,0.0322959,0.242219,0.129184,0.193775,0.0968877,0.129184,0.0968877,0.129184,0.145332,0.226071,0.0968877,0.113036,0.0484438,0.0968877,0.129184,0.0807397,0.177627,0.0968877,0.226071,0.0968877,0.193775,0,0.129184,0.0484438,0.258367,0.161479,0.177627,0.145332,0.129184,0.177627,0.113036,0.274515,0.0645918,0.129184,0.113036,0.0322959,0.145332,0.129184,0.0968877,0.0807397
0.0791188,0,0.118678,0.158238,0.0395594,0.197797,0.197797,0.158238,0.197797,0.0395594,0.158238,0.0395594,0.118678,0.0395594,0.118678,0.158238,0.276916,0.276916,0.158238,0.158238,0.158238,0.158238,0.0395594,0.118678,0.0791188,0.0791188,0.0791188,0.0395594,0.197797,0,0.118678,0,0.0395594,0.0395594,0.237356,0.158238,0.197797,0.0791188,0.0395594,0.118678,0.118678,0.356034,0.118678,0.0791188,0.0791188,0.197797,0,0.158238,0.0395594,0.0791188
0,0.106871,0.0356235,0.0356235,0,0.320612,0.0356235,0.071247,0,0,0.0356235,0.249365,0.071247,0.071247,0.178118,0.178118,0.0356235,0.071247,0.071247,0.6056,0.0356235,0,0.0356235,0.0356235,0.106871,0.320612,0.142494,0,0,0.0356235,0.106871,0.106871,0.142494,0,0.142494,0.0356235,0.0356235,0.071247,0.0356235,0.0356235,0.071247,0.213741,0.142494,0.071247,0.0356235,0.071247,0.106871,0.106871,0.106871,0.178118
0.161515,0.161515,0,0.0538382,0.269191,0.107676,0,0.161515,0,0.107676,0.161515,0,0.161515,0.107676,0.269191,0.0538382,0.161515,0.0538382,0.107676,0.0538382,0.107676,0.269191,0.107676,0,0.0538382,0.323029,0.0538382,0.215353,0,0.0538382,0,0,0,0.0538382,0,0,0,0.269191,0.161515,0.0538382,0.269191,0,0.269191,0,0.0538382,0.215353,0.215353,0.0538382,0.107676,0.161515
0.0489996,0.244998,0.195998,0.0979992,0.171499,0.122499,0.0734994,0.122499,0.171499,0.122499,0.0734994,0.195998,0.171499,0.220498,0.0489996,0.146999,0.146999,0.122499,0.0734994,0.0489996,0.0979992,0.0979992,0.0979992,0.122499,0,0.0734994,0.244998,0.122499,0.171499,0.0489996,0.171499,0,0.0489996,0.244998,0.171499,0.0979992,0.171499,0.122499,0.146999,0.122499,0.0734994,0.122499,0.146999,0.220498,0.0979992,0.171499,0.0979992,0.171499,0.195998,0.122499
0.0652328,0.130466,0.0652328,0.130466,0.0652328,0,0,0.260931,0.130466,0.0652328,0.130466,0.0652328,0.130466,0.0652328,0.130466,0,0.326164,0.0652328,0.130466,0.195698,0.130466,0,0.0652328,0.0652328,0.260931,0.195698,0,0.0652328,0.130466,0.0652328,0.130466,0,0.130466,0.326164,0.130466,0.0652328,0.0652328,0.130466,0.195698,0.0652328,0.0652328,0.0652328,0.130466,0.0652328,0.260931,0.0652328,0.195698,0.195698,0.195698,0.195698
0,0.039968,0.0799361,0.239808,0.039968,0.0799361,0.279776,0.039968,0.039968,0,0.159872,0.039968,0.0799361,0.119904,0.119904,0.0799361,0.19984,0.239808,0.239808,0.159872,0.119904,0.279776,0.039968,0.119904,0.19984,0.159872,0,0.239808,0.119904,0.239808,0.119904,0,0.119904,0.0799361,0.039968,0.0799361,0.119904,0.239808,0.119904,0.119904,0.239808,0.0799361,0.039968,0.039968,0.0799361,0.119904,0.119904,0.0799361,0.159872,0.119904
0.146944,0.0367359,0.146944,0.110208,0.146944,0.110208,0.110208,0.257151,0.146944,0.146944,0.146944,0.0734718,0.146944,0,0.0734718,0.146944,0.18368,0.0734718,0.18368,0,0.220416,0.110208,0.0734718,0.146944,0.18368,0.110208,0.110208,0.257151,0.293887,0.110208,0.0367359,0,0.110208,0.18368,0.18368,0,0.0734718,0.146944,0.0734718,0.146944,0.18368,0.0734718,0.18368,0.146944,0.0734718,0.0734718,0.18368,0.110208,0.146944,0.146944
0.0536056,0.214423,0.107211,0.160817,0.214423,0.268028,0.107211,0.0536056,0.160817,0.0536056,0.160817,0,0.214423,0,0.107211,0,0.107211,0.107211,0.107211,0,0.321634,0.321634,0.321634,0,0.0536056,0.214423,0.107211,0.107211,0.0536056,0.160817,0.0536056,0,0.0536056,0.160817,0.0536056,0.0536056,0.0536056,0.107211,0.160817,0,0.107211,0.0536056,0.107211,0,0.107211,0.214423,0.107211,0.0536056,0.0536056,0.214423
0.0681994,0.0681994,0.0681994,0.136399,0.204598,0,0.0681994,0.0681994,0,0,0.0681994,0,0.204598,0.204598,0.340997,0.204598,0.204598,0.136399,0.136399,0,0.136399,0.272798,0.0681994,0.136399,0.0681994,0,0.0681994,0.204598,0,0,0.0681994,0,0,0.340997,0,0,0.0681994,0,0.136399,0,0.409197,0,0.136399,0,0.204598,0.204598,0,0.0681994,0.0681994,0
0.112687,0.112687,0,0.0563436,0,0.0563436,0,0.112687,0,0.0563436,0,0,0,0,0,0.0563436,0.0563436,0.112687,0,0,0.0563436,0,0,0.0563436,0.112687,0.225374,0,0.0563436,0,0,0.0563436,0.901498,0,0,0,0,0,0,0,0,0,0,0.0563436,0,0.0563436,0.0563436,0.169031,0.0563436,0,0.0563436
0.0492068,0.0492068,0.246034,0.0492068,0.0492068,0.0984136,0,0.0984136,0.0492068,0.0492068,0,0.14762,0.0984136,0,0.0492068,0.0984136,0,0,0,0.246034,0.14762,0.0492068,0.0492068,0,0.0492068,0.14762,0,0.0492068,0.0492068,0.0984136,0.0492068,0.639688,0,0.0984136,0.295241,0.0492068,0.0984136,0,0.0492068,0.0492068,0,0.393654,0,0,0.0492068,0.0492068,0.0984136,0,0.196827,0.0492068
0,0.0553849,0,0.0553849,0,0.11077,0.0553849,0,0,0,0,0,0,0,0.166155,0.11077,0,0,0.0553849,0,0,0.0553849,0,0.0553849,0.11077,0.0553849,0,0.11077,0,0,0,0.886158,0.166155,0.0553849,0,0,0.0553849,0,0.11077,0.0553849,0,0,0,0.0553849,0.0553849,0.11077,0,0,0,0.22154
0.065938,0,0,0,0,0,0,0,0,0,0.065938,0,0.065938,0,0,0.065938,0,0,0,0,0,0,0,0,0,0,0,0,0,0,0,0.989071,0,0,0,0,0,0,0,0,0,0,0,0,0,0.065938,0,0,0,0
0.057073,0.057073,0,0,0,0.171219,0,0,0,0,0,0,0,0,0,0.057073,0,0,0,0,0,0,0,0,0,0.057073,0,0.057073,0,0,0,0.970241,0.057073,0,0,0,0,0,0,0,0.057073,0,0,0,0,0,0,0.057073,0.057073,0
0.0468293,0,0.0468293,0,0,0,0,0,0,0,0.0936586,0,0,0,0,0,0,0,0,0,0.0468293,0,0.0468293,0,0.0468293,0,0,0,0,0,0.0468293,0.983415,0,0.0468293,0,0,0,0.0468293,0.0468293,0,0.0468293,0,0,0,0,0,0,0,0.0468293,0
0.108826,0.108826,0.272065,0.163239,0.108826,0.217652,0.0272065,0.0272065,0.163239,0,0.163239,0.108826,0.163239,0.108826,0.054413,0,0.136032,0.136032,0.108826,0.054413,0.190445,0.217652,0.190445,0.163239,0.0816194,0.0816194,0.190445,0.054413,0.136032,0.136032,0.217652,0,0.0272065,0.163239,0.163239,0.054413,0.353684,0.0816194,0.0816194,0.0272065,0.163239,0.136032,0.0816194,0.136032,0.136032,0.136032,0.054413,0.190445,0.108826,0.136032
0.21693,0.0542326,0,0,0,0,0,0.0542326,0.108465,0.0542326,0.0542326,0,0.21693,0.0542326,0.271163,0,0.21693,0.21693,0.21693,0,0.108465,0.108465,0.108465,0,0.0542326,0.108465,0,0.108465,0,0.162698,0.108465,0,0.21693,0.162698,0,0,0.108465,0.271163,0.108465,0,0.325396,0,0.325396,0,0.325396,0.21693,0.108465,0.0542326,0.0542326,0.108465
0,0.0986527,0.0493264,0,0.0493264,0,0,0,0,0,0,0,0.0493264,0,0,0,0,0,0,0,0.0493264,0,0,0,0,0,0,0,0,0,0,0.986527,0.0493264,0,0,0,0,0.0493264,0,0,0,0,0,0,0,0,0,0,0,0.0493264
0.106149,0.106149,0,0.0530745,0.159223,0.106149,0.0530745,0.265372,0.106149,0,0.0530745,0,0.212298,0.212298,0.318447,0.265372,0.318447,0.159223,0.159223,0,0.106149,0.159223,0.106149,0.0530745,0.106149,0.106149,0,0.106149,0,0.159223,0.106149,0,0.0530745,0,0.106149,0,0.212298,0.212298,0.0530745,0,0.159223,0,0.212298,0.0530745,0.159223,0.159223,0.212298,0.0530745,0.106149,0.159223
0.2111,0.04222,0.04222,0.0844401,0.16888,0.0844401,0,0.12666,0.0844401,0.0844401,0.25332,0.04222,0.0844401,0.2111,0.29554,0.0844401,0.16888,0.2111,0.04222,0.04222,0.12666,0.29554,0.25332,0.04222,0.12666,0.0844401,0.0844401,0.0844401,0.04222,0.2111,0.0844401,0,0.04222,0.12666,0.16888,0,0,0.16888,0.12666,0.12666,0.25332,0,0.16888,0.04222,0.04222,0.2111,0.0844401,0.16888,0.04222,0.2111
0.116468,0.0931746,0.0698809,0.116468,0.0232936,0.0931746,0.116468,0.0465873,0.0232936,0.139762,0.0931746,0.302817,0.0931746,0.0465873,0.0698809,0.232936,0.0931746,0.0931746,0.0931746,0.395992,0.0232936,0.116468,0.0465873,0.116468,0.209643,0.139762,0.186349,0.0232936,0.116468,0.0232936,0.163055,0.0232936,0.0698809,0.209643,0.0465873,0.232936,0.163055,0.0232936,0.0931746,0.186349,0.0931746,0.232936,0.0232936,0.116468,0.139762,0.0232936,0.25623,0.139762,0.116468,0.139762
0,0.176008,0.140807,0.140807,0.0704033,0.21121,0.0704033,0.105605,0.140807,0.0352017,0.0352017,0.246412,0.0704033,0,0.0704033,0.176008,0.105605,0.176008,0.0704033,0.140807,0.140807,0.176008,0.21121,0.21121,0.246412,0.105605,0.105605,0.105605,0.0352017,0.140807,0.21121,0,0.140807,0.0704033,0.105605,0.140807,0.21121,0.140807,0.0704033,0.176008,0.105605,0.281613,0.105605,0.105605,0.105605,0.140807,0.176008,0.140807,0.105605,0.105605
0.0565535,0.113107,0.0754046,0.188512,0.0565535,0.131958,0.0377023,0.0377023,0.113107,0.0942558,0.0377023,0.207363,0.0565535,0,0.0377023,0.16966,0.0188512,0.0754046,0.0754046,0.49013,0.113107,0.0942558,0.113107,0.0754046,0.150809,0.0188512,0.113107,0.0377023,0.245065,0.0188512,0.245065,0,0.0377023,0.150809,0.207363,0.16966,0.188512,0.0942558,0.0942558,0.16966,0.0565535,0.263916,0.0188512,0.0754046,0.0565535,0.0377023,0.226214,0.16966,0.150809,0.0754046
0,0,0,0.191565,0.0957826,0,0.191565,0,0,0,0.0957826,0,0,0.191565,0.0957826,0.383131,0,0.0957826,0.0957826,0,0,0.0957826,0,0,0.0957826,0.191565,0,0.0957826,0,0.191565,0.0957826,0,0,0.0957826,0,0,0.0957826,0.287348,0.191565,0,0.383131,0.0957826,0.191565,0,0.0957826,0.478913,0,0.0957826,0,0.0957826
0.227552,0.28444,0.056888,0.170664,0.227552,0,0.227552,0,0.170664,0.113776,0.113776,0,0.227552,0.227552,0.227552,0.170664,0.056888,0.056888,0.170664,0,0,0.227552,0.056888,0.056888,0.170664,0.113776,0.056888,0.113776,0.113776,0.056888,0.170664,0,0.113776,0,0.056888,0.113776,0.113776,0.227552,0.056888,0.056888,0.398216,0,0.056888,0.056888,0.113776,0.056888,0,0,0,0.113776
0.100504,0.100504,0,0,0.100504,0,0,0.301511,0.201008,0,0.100504,0,0.100504,0.100504,0.301511,0.100504,0.100504,0.201008,0.301511,0,0,0.301511,0,0,0,0.201008,0,0,0,0.201008,0,0,0,0.201008,0,0,0,0.201008,0.402015,0.100504,0.100504,0.100504,0.201008,0,0.201008,0.100504,0.100504,0,0.100504,0.100504
0.290957,0.145479,0,0.290957,0.145479,0.145479,0.0727393,0,0.145479,0,0.0727393,0,0.0727393,0.145479,0,0.145479,0.145479,0.145479,0.218218,0,0,0.218218,0.218218,0.145479,0.0727393,0.145479,0.0727393,0,0.218218,0.145479,0.145479,0,0.145479,0.0727393,0,0,0.0727393,0.218218,0.218218,0,0.145479,0,0.218218,0.0727393,0.145479,0.363696,0,0.0727393,0,0
0.229416,0.229416,0,0,0,0,0,0,0,0.229416,0.458831,0,0,0.458831,0.229416,0,0,0,0,0,0,0,0,0,0,0.229416,0,0,0,0,0,0,0,0,0,0,0,0,0,0,0.229416,0,0.229416,0,0.229416,0.229416,0,0,0.229416,0.229416
0.220863,0,0,0.110432,0.331295,0,0,0,0,0,0.331295,0.110432,0.220863,0.110432,0.110432,0,0.110432,0.220863,0,0,0,0.220863,0.110432,0,0,0,0.220863,0.110432,0.110432,0.331295,0,0,0,0,0,0.110432,0,0.110432,0.110432,0.110432,0.110432,0,0.110432,0,0.110432,0.331295,0.110432,0,0.110432,0.331295
0.230556,0.115278,0,0.057639,0.288195,0,0,0.057639,0.115278,0.057639,0.115278,0,0.057639,0.115278,0.115278,0.057639,0.403473,0.230556,0.057639,0,0.057639,0.115278,0,0,0.230556,0.115278,0,0.057639,0,0.288195,0.057639,0,0.057639,0,0,0,0.115278,0,0.057639,0.057639,0.115278,0.057639,0.230556,0.057639,0.115278,0.461112,0,0.115278,0,0.230556
0.18334,0.27501,0.18334,0,0.18334,0.0916698,0,0.0916698,0.0916698,0.0916698,0.18334,0,0.27501,0.18334,0.0916698,0.0916698,0.0916698,0,0.18334,0,0,0.0916698,0.0916698,0.0916698,0,0.0916698,0.0916698,0.18334,0.0916698,0.18334,0,0,0.18334,0.27501,0.0916698,0,0.0916698,0,0.18334,0.0916698,0,0,0.366679,0.0916698,0.18334,0.0916698,0.27501,0,0.0916698,0.18334
0.190693,0.0953463,0,0,0,0,0.0953463,0,0,0,0.0953463,0,0.190693,0.0953463,0.0953463,0.0953463,0.572078,0.476731,0.0953463,0,0.190693,0.286039,0.0953463,0,0,0,0,0,0,0.190693,0,0,0,0,0,0,0,0,0,0.0953463,0,0,0.286039,0,0,0.0953463,0,0.0953463,0,0.190693
0.184988,0.246651,0.0616626,0.0616626,0.0616626,0.0616626,0.246651,0.246651,0.246651,0.123325,0.0616626,0,0.184988,0.123325,0.0616626,0.493301,0.123325,0.123325,0.0616626,0,0,0.0616626,0.0616626,0.0616626,0,0.246651,0,0,0.123325,0.308313,0,0,0,0.0616626,0,0.0616626,0,0.0616626,0.0616626,0.0616626,0.123325,0,0.184988,0.184988,0.184988,0,0,0,0.0616626,0.184988
0.0795557,0.0795557,0,0,0.0795557,0,0.159111,0.159111,0.0795557,0.159111,0.238667,0,0.159111,0.238667,0.397779,0.238667,0.159111,0.238667,0.159111,0,0,0.0795557,0,0,0,0,0,0.0795557,0,0.159111,0.159111,0,0.159111,0.159111,0,0,0,0.0795557,0.238667,0,0.238667,0,0.238667,0.159111,0.238667,0.159111,0,0.159111,0.0795557,0.0795557
0.0953463,0,0,0.286039,0.0953463,0.0953463,0.190693,0.0953463,0,0.286039,0,0,0,0,0.286039,0,0.286039,0.0953463,0,0,0,0.190693,0,0.0953463,0,0,0,0.0953463,0,0.381385,0,0,0.286039,0.0953463,0,0,0.190693,0.190693,0.286039,0,0.0953463,0,0.286039,0,0,0,0.0953463,0.190693,0,0.0953463
0.0562544,0.168763,0.112509,0.112509,0.0562544,0.168763,0.112509,0.281272,0.112509,0.112509,0.225018,0.112509,0.168763,0.112509,0.0562544,0,0.168763,0.281272,0.337526,0,0,0.168763,0.0562544,0.0562544,0,0.168763,0,0.225018,0.168763,0,0.112509,0,0.0562544,0.168763,0.0562544,0.112509,0.112509,0.0562544,0.112509,0,0.225018,0,0.168763,0.0562544,0.225018,0.281272,0.112509,0.0562544,0.0562544,0.0562544
0,0.274774,0.196267,0.196267,0.0785069,0.0392534,0.0392534,0.0785069,0.11776,0.0785069,0.11776,0.196267,0,0.0785069,0.11776,0.235521,0.0785069,0.157014,0.0392534,0.314027,0.0785069,0.0785069,0.157014,0.157014,0.196267,0.11776,0.235521,0.0392534,0.0392534,0.0392534,0.196267,0,0.196267,0.11776,0.0785069,0.157014,0.0785069,0,0.0785069,0.0785069,0.0785069,0.314027,0.0392534,0.0392534,0.196267,0.196267,0.11776,0.11776,0.157014,0.0392534
0.0696733,0.139347,0.0696733,0,0.139347,0.0696733,0.0696733,0.0696733,0.139347,0.0696733,0,0,0.139347,0.20902,0.139347,0,0.0696733,0.20902,0,0,0.139347,0.278693,0.278693,0.278693,0.139347,0.0696733,0.0696733,0,0.139347,0.139347,0.0696733,0,0,0.278693,0,0,0,0.139347,0.139347,0.139347,0.0696733,0,0.348367,0.20902,0.139347,0.20902,0.0696733,0.0696733,0,0.278693
0,0.0905357,0,0.0905357,0,0,0.181071,0,0,0,0,0.181071,0.0905357,0,0.0905357,0,0.0905357,0.452679,0.0905357,0,0.0905357,0.181071,0.181071,0.0905357,0,0.0905357,0,0.0905357,0.181071,0.0905357,0.0905357,0,0,0.181071,0,0.0905357,0.181071,0.181071,0.0905357,0,0.181071,0,0.271607,0.181071,0.362143,0.0905357,0.181071,0.181071,0,0.271607
0,0,0,0.295689,0.221766,0,0.147844,0.147844,0.0739221,0,0.221766,0,0.0739221,0.147844,0.0739221,0,0.591377,0.221766,0.147844,0,0.0739221,0.147844,0,0,0.0739221,0.0739221,0.0739221,0.0739221,0,0.295689,0,0,0,0.0739221,0,0,0,0.147844,0.0739221,0,0.147844,0,0.147844,0.0739221,0,0.295689,0,0,0,0.0739221
0.0553001,0.0553001,0.1659,0.1106,0.442401,0,0,0,0.0553001,0.0553001,0.1659,0,0.1106,0.1106,0.1659,0.0553001,0.276501,0.1659,0.276501,0,0.0553001,0.276501,0.1106,0,0.0553001,0.1659,0.0553001,0.0553001,0.0553001,0.1106,0.0553001,0,0.1659,0.0553001,0,0.0553001,0,0.276501,0.1106,0,0.221201,0,0.221201,0.1106,0.0553001,0.221201,0.0553001,0.0553001,0.0553001,0.221201
0.126323,0.126323,0.0842152,0.210538,0.126323,0.16843,0.210538,0.0421076,0.16843,0.0421076,0.16843,0,0.0842152,0.210538,0.294753,0.0421076,0.16843,0.16843,0.16843,0,0,0.16843,0.0842152,0.0842152,0.210538,0.0842152,0.126323,0.0842152,0.0842152,0.0421076,0.126323,0,0.0421076,0.252646,0,0.0421076,0.0842152,0.0842152,0.294753,0.0421076,0.0842152,0,0.294753,0.126323,0.210538,0.16843,0.16843,0.0421076,0.0421076,0.126323
0,0,0,0.1,0.2,0,0,0,0.2,0.2,0.2,0.1,0.2,0.3,0,0.3,0.2,0.2,0,0,0.1,0.1,0.1,0.2,0.1,0.3,0,0.3,0,0,0,0,0.1,0.1,0,0,0.1,0.1,0.2,0,0.2,0,0,0,0.2,0.1,0,0,0,0.3
0,0,0.111803,0,0.111803,0.111803,0.111803,0.111803,0,0,0.111803,0,0.33541,0,0,0,0,0.111803,0.33541,0,0.111803,0.223607,0.559017,0,0.111803,0,0,0.111803,0,0,0.111803,0,0.223607,0.111803,0,0,0,0,0.111803,0,0.111803,0,0.111803,0,0.223607,0,0,0,0.111803,0.33541
0.0180041,0.0720166,0.144033,0.180041,0.0540124,0.288066,0.0180041,0.0720166,0.108025,0.0540124,0.0900207,0.21605,0.0360083,0.0900207,0.0360083,0.108025,0.0360083,0.0900207,0.0720166,0.324075,0.162037,0.0720166,0.0180041,0.0720166,0.0900207,0.0360083,0.126029,0.126029,0.198046,0.0900207,0.30607,0,0.126029,0.0360083,0.126029,0.144033,0.30607,0.0720166,0.0900207,0.144033,0.0900207,0.414095,0.0180041,0.0540124,0.0360083,0.0360083,0.0360083,0.126029,0.180041,0.0540124
0.128037,0.384111,0,0.128037,0,0.0640184,0.192055,0.128037,0.0640184,0,0,0,0.0640184,0.128037,0.128037,0.128037,0.320092,0.0640184,0.448129,0,0.0640184,0.0640184,0.0640184,0.256074,0.128037,0.256074,0,0.0640184,0,0.128037,0,0,0.0640184,0,0,0,0,0.0640184,0.0640184,0.0640184,0.256074,0.0640184,0.128037,0,0.0640184,0.0640184,0,0.0640184,0,0.320092
0.329293,0.109764,0,0,0,0,0,0.109764,0.109764,0,0.109764,0,0.109764,0.109764,0.329293,0,0.109764,0.219529,0.219529,0,0.109764,0,0.109764,0.219529,0,0.329293,0,0.109764,0,0.329293,0,0,0,0.109764,0,0,0,0.109764,0.439057,0.219529,0.109764,0,0,0,0,0.109764,0,0,0.109764,0
0.201802,0.0672673,0,0.0672673,0.134535,0,0,0.0672673,0.134535,0.134535,0.134535,0,0.134535,0.269069,0,0,0.336336,0.201802,0.0672673,0,0.201802,0.0672673,0.134535,0.201802,0.0672673,0,0,0.0672673,0,0.0672673,0.134535,0,0.0672673,0.134535,0,0,0.0672673,0.269069,0.134535,0,0.201802,0,0.336336,0.0672673,0.201802,0.403604,0.0672673,0.0672673,0,0
0,0,0,0.282138,0.0705346,0,0.0705346,0.141069,0.0705346,0.141069,0.211604,0,0.141069,0.141069,0.141069,0.352673,0.0705346,0.141069,0.282138,0,0.0705346,0.211604,0.0705346,0.0705346,0.211604,0.141069,0.0705346,0,0.0705346,0,0,0,0.141069,0.141069,0.0705346,0,0.0705346,0.141069,0.141069,0.0705346,0.141069,0.141069,0.282138,0,0.141069,0.141069,0.141069,0,0,0.352673
0.0723575,0,0,0.28943,0.0723575,0,0.217072,0.0723575,0.0723575,0.144715,0.144715,0.144715,0.144715,0.0723575,0.361787,0,0.0723575,0,0.0723575,0,0.217072,0.0723575,0.0723575,0.0723575,0.0723575,0.0723575,0.217072,0.217072,0,0.217072,0,0,0,0.361787,0,0.0723575,0,0.0723575,0,0.144715,0.144715,0,0.361787,0.0723575,0.0723575,0,0.144715,0.217072,0.0723575,0.0723575
0.136717,0.0683586,0,0.205076,0.273434,0,0.0683586,0.136717,0.136717,0,0.136717,0,0.0683586,0,0.273434,0,0.273434,0.341793,0.0683586,0.0683586,0.0683586,0.205076,0.341793,0.136717,0.0683586,0.0683586,0.0683586,0.273434,0,0.136717,0,0,0.205076,0.0683586,0,0,0.0683586,0.0683586,0.136717,0,0.0683586,0,0.205076,0.136717,0.205076,0.136717,0.0683586,0.136717,0,0.0683586
0,0.100673,0.30202,0.134231,0.100673,0.100673,0.0671156,0.30202,0.100673,0.0335578,0,0.134231,0.0335578,0.0335578,0.0335578,0.234905,0.134231,0.134231,0.0335578,0.201347,0.134231,0.0671156,0.100673,0,0.234905,0.100673,0.134231,0.100673,0.0671156,0,0.100673,0.0335578,0.100673,0.0335578,0.369136,0.100673,0.167789,0,0.0335578,0.268462,0,0.335578,0.0671156,0.100673,0.0671156,0.0335578,0.100673,0.100673,0.201347,0.0671156
0.0998752,0.174782,0.174782,0.149813,0.0998752,0.19975,0.0749064,0.0249688,0.0499376,0.0749064,0.0499376,0.124844,0.0499376,0.0749064,0.0749064,0.0749064,0.0499376,0.124844,0.0998752,0.224719,0.0749064,0.124844,0.0499376,0.0998752,0.174782,0.0749064,0.174782,0.0249688,0.149813,0.0499376,0.19975,0.0249688,0.0749064,0.124844,0.19975,0.274657,0.19975,0.0998752,0.0998752,0.249688,0.0749064,0.249688,0.0499376,0.124844,0.124844,0.124844,0.374532,0.149813,0.0749064,0.124844
0.0771517,0.154303,0.154303,0.0771517,0,0.231455,0,0,0.0771517,0,0.154303,0,0.308607,0.0771517,0.154303,0.154303,0.154303,0.154303,0.308607,0,0.0771517,0.154303,0.231455,0.0771517,0,0.0771517,0,0.231455,0,0.0771517,0,0,0.154303,0.231455,0,0,0,0.231455,0.0771517,0.0771517,0.231455,0.0771517,0.0771517,0,0.308607,0.231455,0.0771517,0,0.154303,0.154303
0,0,0,0.33541,0.111803,0,0.111803,0,0,0,0.223607,0,0.111803,0,0.111803,0.111803,0.33541,0.111803,0.111803,0,0,0.111803,0,0,0.111803,0.223607,0,0,0,0.111803,0.33541,0,0.33541,0,0,0.111803,0,0,0.223607,0.111803,0,0,0.447214,0.111803,0.111803,0.111803,0,0.111803,0,0
0.0739221,0.147844,0.221766,0.0739221,0.0739221,0.147844,0.147844,0.0739221,0.295689,0.0739221,0,0.0739221,0.0739221,0.0739221,0.147844,0.295689,0.147844,0.221766,0,0.0739221,0.147844,0.221766,0.0739221,0,0.0739221,0.221766,0.221766,0,0.221766,0.0739221,0,0,0.147844,0.0739221,0,0,0,0.0739221,0.147844,0,0.221766,0.221766,0.0739221,0,0.295689,0.221766,0.0739221,0.0739221,0.0739221,0.147844
0.0486217,0.145865,0.0972433,0.0486217,0.194487,0.0972433,0.0486217,0.0972433,0.0486217,0.194487,0.0972433,0.0486217,0.145865,0.0972433,0.145865,0.0486217,0.194487,0.0972433,0.340352,0.0486217,0.243108,0.145865,0.243108,0.0972433,0.194487,0.145865,0,0.0486217,0,0.194487,0.145865,0,0.0972433,0.243108,0.194487,0.0486217,0.0972433,0,0.0486217,0.0486217,0.0972433,0.0486217,0.0972433,0.145865,0.29173,0.194487,0.194487,0.194487,0,0
0.193699,0.0830137,0.0830137,0.0276712,0.110685,0.193699,0.110685,0.138356,0.0553425,0.0276712,0.22137,0,0.0276712,0.249041,0.110685,0.138356,0.332055,0.193699,0.0276712,0,0.166027,0.166027,0.110685,0.110685,0.0830137,0.110685,0.0276712,0.22137,0.0830137,0.22137,0.138356,0,0.0830137,0.193699,0.0276712,0.0830137,0.0553425,0.0553425,0.22137,0.138356,0.110685,0.0553425,0.304383,0.0830137,0.0553425,0.22137,0.0276712,0.166027,0.0830137,0.138356
0.117851,0.117851,0,0.117851,0.176777,0,0.0589256,0,0.117851,0.294628,0.0589256,0,0.176777,0,0.353553,0.176777,0.235702,0.0589256,0.176777,0,0,0.117851,0,0.235702,0.0589256,0.0589256,0.117851,0,0.0589256,0.176777,0,0,0.0589256,0.176777,0,0,0.117851,0.176777,0,0,0.117851,0,0.412479,0.0589256,0.294628,0.0589256,0,0.0589256,0,0.235702
0.144639,0.115711,0.144639,0.173567,0.115711,0.0867835,0.0578557,0.0578557,0.0578557,0.173567,0.0289278,0.144639,0.202495,0.0289278,0.0867835,0.0867835,0.144639,0.173567,0.115711,0.173567,0.173567,0.202495,0.231423,0.173567,0.0867835,0.0289278,0.173567,0.115711,0.202495,0.115711,0.173567,0,0.231423,0.202495,0.0867835,0.173567,0.115711,0.115711,0.115711,0.173567,0.115711,0.173567,0.115711,0.0578557,0.0289278,0.144639,0.115711,0.0867835,0.231423,0.173567
0.331089,0.0945968,0.0945968,0.0945968,0.141895,0.0472984,0.0945968,0.141895,0.141895,0,0.236492,0,0.0472984,0.236492,0.236492,0.141895,0.331089,0,0.0472984,0,0.0472984,0.331089,0.236492,0.141895,0.0945968,0.0945968,0.141895,0.0945968,0.0472984,0.0945968,0.0472984,0,0.189194,0.189194,0,0.0945968,0.0472984,0.0945968,0.189194,0,0,0.0945968,0.189194,0.141895,0.0945968,0.0945968,0,0.141895,0.0472984,0.0945968
0.130466,0.0652328,0.0652328,0,0.130466,0,0.195698,0.130466,0,0.195698,0.130466,0.130466,0.0652328,0.195698,0.260931,0,0.195698,0.0652328,0.260931,0,0.130466,0.195698,0,0.0652328,0.0652328,0.0652328,0.0652328,0.326164,0.130466,0.260931,0.0652328,0,0.260931,0,0,0,0.130466,0.260931,0,0.0652328,0.195698,0,0.260931,0.0652328,0.130466,0.195698,0,0.130466,0,0
0.20702,0.138013,0,0.138013,0.276026,0.138013,0.20702,0,0.20702,0.20702,0.276026,0,0.20702,0.20702,0.0690066,0,0.276026,0.138013,0.138013,0,0.138013,0.138013,0.138013,0,0.0690066,0.0690066,0.0690066,0.20702,0,0.0690066,0.0690066,0,0.0690066,0.138013,0,0,0.0690066,0.138013,0.0690066,0,0.20702,0,0.20702,0.0690066,0.138013,0.276026,0.0690066,0.0690066,0,0.20702
0.156652,0.234978,0.078326,0,0.078326,0.078326,0.234978,0.078326,0,0.078326,0.156652,0.078326,0.078326,0,0.234978,0.234978,0.39163,0,0.234978,0.078326,0.078326,0.156652,0.156652,0,0,0.078326,0.078326,0.078326,0.078326,0,0.156652,0,0.156652,0.313304,0,0,0.156652,0,0,0,0.313304,0,0.234978,0,0.078326,0.234978,0,0,0,0.078326
0.0768095,0.153619,0.153619,0.0384048,0.0384048,0.153619,0.0768095,0.0384048,0.0384048,0.192024,0,0.192024,0.0384048,0.0384048,0,0.115214,0.0768095,0.0384048,0.0384048,0.576072,0.192024,0,0,0,0.153619,0.0768095,0.307238,0,0.153619,0.115214,0,0.268833,0,0.0384048,0.192024,0,0.153619,0.0768095,0.115214,0.153619,0,0.153619,0.0768095,0.115214,0.0768095,0.0384048,0.0768095,0.192024,0,0.115214
0,0,0,0,0.0735215,0,0,0,0,0,0,0,0,0,0,0,0,0,0,0,0,0,0,0,0,0.147043,0,0,0,0,0,0.955779,0,0.0735215,0,0,0,0,0,0,0,0,0,0,0.0735215,0,0.0735215,0.147043,0,0.147043
0.17178,0.0572598,0.0572598,0.11452,0.11452,0.0572598,0.11452,0.17178,0.11452,0.0572598,0.17178,0,0.229039,0.286299,0.229039,0.229039,0.0572598,0.11452,0.229039,0.0572598,0.0572598,0.17178,0.11452,0,0.343559,0.11452,0.0572598,0.229039,0.17178,0.17178,0.0572598,0,0.0572598,0.17178,0.17178,0,0,0,0.229039,0.11452,0.0572598,0.0572598,0,0.11452,0.17178,0.17178,0,0.0572598,0,0.17178
0,0.178174,0,0,0,0,0,0,0,0.0890871,0,0,0.0890871,0.178174,0.178174,0,0.267261,0.356348,0.0890871,0,0.0890871,0.0890871,0,0,0.0890871,0.178174,0,0.0890871,0,0.356348,0.178174,0,0,0.0890871,0,0,0.178174,0.178174,0,0.0890871,0.178174,0,0.178174,0.178174,0.267261,0.445435,0,0.0890871,0,0.0890871
0.0992583,0.248146,0.0496292,0.148888,0.0496292,0.148888,0.0992583,0.148888,0.148888,0.198517,0.0496292,0.0496292,0.198517,0.0992583,0.248146,0,0.248146,0.148888,0.148888,0,0.148888,0.248146,0.248146,0.198517,0.0496292,0.0496292,0.0496292,0.248146,0.0992583,0.148888,0.0992583,0,0.0496292,0.248146,0,0,0,0.198517,0.0992583,0,0.198517,0,0.148888,0.0992583,0,0.198517,0.148888,0.0496292,0.0992583,0.0992583
0.0357828,0,0.178914,0.214697,0.178914,0.0357828,0,0.107348,0.214697,0.143131,0.178914,0.143131,0.107348,0.0715656,0.0715656,0,0.107348,0.214697,0.107348,0.0715656,0.143131,0.25048,0.107348,0.0357828,0.0715656,0.107348,0.0715656,0.143131,0.25048,0.0715656,0.322045,0,0.0357828,0.178914,0.0357828,0.0357828,0.286263,0.0357828,0.107348,0.143131,0.0715656,0.143131,0.178914,0.0357828,0.0715656,0.107348,0.143131,0.143131,0.143131,0.25048
0.107211,0.214423,0,0.214423,0.107211,0.107211,0,0.107211,0.214423,0,0.107211,0,0,0.321634,0.107211,0.214423,0.321634,0.107211,0.107211,0,0,0.107211,0,0.214423,0.107211,0,0.107211,0,0,0.214423,0.107211,0,0,0.214423,0,0,0,0.321634,0.107211,0.107211,0.107211,0,0,0.107211,0.214423,0.321634,0.107211,0.107211,0.107211,0
0.14151,0.0707549,0.106132,0.14151,0.106132,0.0707549,0.0707549,0.0707549,0.0353775,0.0707549,0.0353775,0.106132,0.0707549,0.14151,0.212265,0,0.212265,0.176887,0.106132,0.247642,0.247642,0.106132,0.0707549,0.0353775,0.0353775,0,0.14151,0.106132,0.28302,0.106132,0.212265,0,0.14151,0.106132,0.28302,0.106132,0.212265,0.0707549,0.0353775,0.0707549,0.176887,0.212265,0.247642,0.0353775,0.14151,0.14151,0.176887,0.176887,0.106132,0
0.156652,0,0,0.078326,0.156652,0,0.234978,0.078326,0,0.078326,0.078326,0,0.078326,0.078326,0.156652,0.234978,0.156652,0,0.156652,0,0,0.156652,0.156652,0.234978,0.156652,0.078326,0,0.078326,0,0,0.078326,0,0,0.156652,0,0,0,0.078326,0,0.234978,0.626608,0,0.078326,0,0.234978,0.156652,0.078326,0,0.078326,0.078326
0,0.111803,0,0,0.223607,0,0.223607,0.111803,0,0.111803,0.447214,0,0,0.111803,0.111803,0,0,0.447214,0.111803,0,0,0,0.111803,0.111803,0,0.223607,0.111803,0.111803,0,0.111803,0,0,0,0,0,0,0,0.223607,0.223607,0,0,0,0.33541,0,0.111803,0.111803,0.223607,0.111803,0.111803,0
0.174078,0.174078,0.174078,0,0,0,0,0.0870388,0.174078,0,0.348155,0,0.0870388,0.261116,0.174078,0,0.435194,0.0870388,0.174078,0,0,0.174078,0.0870388,0.174078,0.0870388,0.174078,0,0,0,0.0870388,0.0870388,0,0.0870388,0,0,0,0.174078,0.261116,0.174078,0.0870388,0.0870388,0,0,0,0.0870388,0.348155,0,0.0870388,0.0870388,0
0.20739,0.20739,0.103695,0.103695,0.20739,0,0,0.103695,0.103695,0,0.103695,0,0.103695,0,0.103695,0.103695,0.103695,0,0.311086,0,0.103695,0,0.103695,0.20739,0.103695,0,0.103695,0,0,0,0,0,0.311086,0,0.103695,0,0,0.414781,0.103695,0,0,0.103695,0.414781,0,0.311086,0.103695,0,0,0,0.103695
0.262111,0,0,0.0873704,0.174741,0,0,0.174741,0,0,0.0873704,0,0.0873704,0.349482,0,0,0.174741,0.0873704,0.262111,0,0,0,0.262111,0.0873704,0.0873704,0.0873704,0,0,0.0873704,0.349482,0,0,0.174741,0.0873704,0,0,0,0.0873704,0,0,0,0,0.349482,0.262111,0.0873704,0.349482,0,0,0,0.174741
0.362143,0,0.181071,0.181071,0.271607,0,0.0905357,0.181071,0.271607,0,0,0,0,0.0905357,0.0905357,0.271607,0.0905357,0.271607,0,0,0.181071,0.181071,0,0.0905357,0.181071,0.0905357,0.0905357,0.0905357,0,0.0905357,0.181071,0,0,0.271607,0,0,0,0.0905357,0.0905357,0.0905357,0.181071,0,0,0.0905357,0.271607,0.181071,0,0.0905357,0.0905357,0.0905357
0.109109,0.218218,0,0,0,0,0.109109,0.218218,0.109109,0,0.327327,0,0.218218,0.218218,0,0,0.218218,0.218218,0.327327,0,0.109109,0.218218,0,0,0,0.109109,0,0,0,0.327327,0,0,0.218218,0,0,0,0,0.218218,0,0,0.109109,0,0.218218,0.218218,0.109109,0.109109,0.218218,0.109109,0,0
0.0778499,0.3114,0,0.0778499,0,0,0.3114,0,0.0778499,0.23355,0.1557,0,0.3114,0.1557,0.1557,0.0778499,0,0.1557,0.0778499,0,0.0778499,0.1557,0.23355,0.1557,0.0778499,0.0778499,0.0778499,0.1557,0,0.23355,0,0,0.23355,0.0778499,0.0778499,0,0.0778499,0.1557,0,0,0.23355,0,0.0778499,0.0778499,0.1557,0.23355,0,0.1557,0,0.23355
0.169031,0,0.0845154,0.169031,0,0,0.0845154,0.253546,0.0845154,0.0845154,0.0845154,0,0.0845154,0.169031,0.0845154,0.0845154,0.169031,0.253546,0.338062,0,0.253546,0.338062,0,0,0.0845154,0,0.0845154,0.169031,0.0845154,0,0.253546,0,0,0,0.0845154,0.0845154,0,0.0845154,0.0845154,0,0.338062,0,0.338062,0.0845154,0.0845154,0,0.0845154,0.0845154,0,0.0845154
0.154765,0,0,0,0.0773823,0,0.0773823,0,0,0.0773823,0.232147,0,0.0773823,0.0773823,0,0.309529,0.154765,0.232147,0,0.0773823,0,0.0773823,0.0773823,0,0,0,0,0.0773823,0,0,0,0,0,0.154765,0,0,0,0,0.0773823,0.0773823,0.0773823,0,0.773823,0,0.0773823,0,0,0.154765,0,0.154765
0.0267071,0.0801212,0.133535,0.186949,0.0801212,0.213656,0.0267071,0.0267071,0.0801212,0.0534141,0,0.293778,0.0534141,0,0.0534141,0.160242,0.0534141,0.106828,0.0267071,0.373899,0.160242,0,0.0534141,0.0801212,0.0534141,0.0801212,0.240363,0,0.320485,0.0267071,0.240363,0,0.106828,0.0267071,0.0267071,0.106828,0.160242,0.0267071,0.0534141,0.267071,0.0267071,0.347192,0.0267071,0.0534141,0,0.0534141,0.160242,0.106828,0.213656,0.0801212
0.33541,0,0,0,0.111803,0,0.111803,0,0,0,0.33541,0.111803,0,0.223607,0.223607,0,0,0.111803,0.111803,0,0,0.111803,0,0.33541,0.111803,0,0.111803,0.223607,0.111803,0.223607,0,0,0.111803,0.111803,0,0,0,0.111803,0.111803,0.111803,0.223607,0,0.111803,0,0.447214,0.111803,0,0,0,0.111803
0,0.196537,0,0.0655122,0.262049,0.0655122,0,0.0655122,0.131024,0.131024,0.262049,0.0655122,0.0655122,0.327561,0.0655122,0.327561,0.196537,0.0655122,0.0655122,0,0,0.131024,0,0.0655122,0.131024,0.262049,0,0.0655122,0.0655122,0,0.0655122,0,0.0655122,0.0655122,0,0.0655122,0.0655122,0.196537,0.0655122,0,0.0655122,0,0.196537,0.327561,0.262049,0.131024,0.131024,0,0,0.262049
0.194871,0,0.064957,0.129914,0,0,0.064957,0.129914,0.129914,0.064957,0.194871,0,0.129914,0,0.129914,0,0.259828,0.129914,0.064957,0,0,0.064957,0.064957,0.064957,0.194871,0,0,0.064957,0,0.324785,0,0,0,0,0,0,0.064957,0.194871,0,0,0,0,0.584613,0,0.324785,0.259828,0,0.064957,0,0.129914
0,0,0.0909091,0.181818,0.363636,0,0,0.181818,0,0.0909091,0,0,0.0909091,0.0909091,0.272727,0.181818,0.272727,0.454545,0.272727,0,0,0,0.181818,0.0909091,0,0.0909091,0.0909091,0.0909091,0.0909091,0.181818,0.0909091,0,0.181818,0.0909091,0,0.0909091,0,0.0909091,0.181818,0.0909091,0,0,0.0909091,0.0909091,0.181818,0,0.181818,0,0.0909091,0
0.0717958,0.287183,0,0.0717958,0.287183,0.0717958,0.0717958,0.143592,0,0.0717958,0.215387,0.0717958,0.215387,0.0717958,0,0,0.0717958,0,0.287183,0,0.0717958,0.287183,0,0.143592,0.287183,0.0717958,0.0717958,0.143592,0,0,0.0717958,0,0.143592,0,0,0,0,0.215387,0.143592,0.143592,0.215387,0,0,0,0.215387,0.143592,0,0.143592,0,0.358979
0.160817,0.107211,0,0,0.0536056,0,0.160817,0.0536056,0.107211,0.107211,0.214423,0.0536056,0.321634,0.0536056,0.214423,0.107211,0.0536056,0.0536056,0.160817,0,0.160817,0.268028,0.107211,0.0536056,0.107211,0,0,0.214423,0.107211,0.160817,0.107211,0,0.0536056,0.107211,0,0,0.214423,0.0536056,0.214423,0,0,0,0.0536056,0.160817,0,0.482451,0,0.214423,0.0536056,0.160817
0.155752,0.0519174,0,0.311504,0.103835,0,0.20767,0.155752,0.20767,0.103835,0.103835,0,0.103835,0.155752,0.259587,0.155752,0.259587,0.155752,0.259587,0,0,0.155752,0.0519174,0.103835,0.103835,0.103835,0.103835,0.20767,0.0519174,0.103835,0.0519174,0,0.103835,0,0,0,0,0.415339,0.0519174,0.103835,0.0519174,0,0.259587,0.103835,0.0519174,0.155752,0.0519174,0,0,0.103835
0.258023,0,0.0368605,0.184302,0.073721,0,0.147442,0.073721,0.073721,0.0368605,0.110581,0.110581,0.184302,0.110581,0.110581,0,0.258023,0.184302,0.184302,0,0.110581,0.110581,0.073721,0.184302,0.110581,0.0368605,0.0368605,0.221163,0.0368605,0.147442,0.147442,0,0.0368605,0.0368605,0.073721,0.147442,0.184302,0.294884,0.110581,0,0.110581,0.0368605,0.294884,0.073721,0.331744,0.221163,0.073721,0.184302,0,0.0368605
0.0896221,0.0448111,0.134433,0.179244,0.0896221,0.0448111,0.268866,0,0.0896221,0.0896221,0.179244,0.0448111,0.313678,0.0896221,0.134433,0.0896221,0.134433,0.179244,0.0896221,0,0.268866,0.224055,0.0896221,0.134433,0.134433,0.0448111,0.134433,0.0896221,0.0896221,0.224055,0.0448111,0,0.0448111,0.179244,0.134433,0,0.0448111,0.224055,0.0896221,0,0,0,0.224055,0.268866,0,0.134433,0.179244,0.0896221,0.134433,0.224055
0.4,0,0.1,0,0.2,0,0.2,0,0.1,0.1,0.3,0,0.2,0.1,0.3,0.1,0.1,0,0.1,0,0,0.1,0.1,0.1,0,0,0.1,0,0,0,0.1,0,0.1,0,0,0,0,0.1,0,0.2,0.3,0,0.4,0,0,0.1,0,0.1,0,0.3
0,0.143315,0.214972,0.0716574,0.214972,0.0716574,0.179144,0.143315,0.0716574,0.179144,0.250801,0.179144,0.143315,0.107486,0.0716574,0.0358287,0.0716574,0.179144,0.179144,0.214972,0.0716574,0.107486,0.0358287,0.0716574,0.0358287,0.0358287,0.107486,0.143315,0.214972,0.143315,0.250801,0.0358287,0,0.0358287,0.107486,0.107486,0.28663,0.107486,0.0358287,0.0358287,0.0716574,0.358287,0.0358287,0.143315,0.107486,0.107486,0.179144,0.0716574,0.0358287,0.107486
0.0898027,0.0898027,0,0,0.0898027,0,0.0898027,0.0898027,0.0898027,0.179605,0.179605,0,0.179605,0.179605,0.269408,0.0898027,0.269408,0,0.0898027,0,0.0898027,0,0.0898027,0.0898027,0.0898027,0.179605,0,0.0898027,0,0.269408,0.0898027,0,0.0898027,0.0898027,0,0.0898027,0.0898027,0.0898027,0.179605,0.179605,0.0898027,0,0.449013,0.0898027,0.269408,0.269408,0.179605,0.0898027,0,0
0,0,0,0.0836242,0.167248,0,0,0.0836242,0.167248,0.167248,0,0,0,0,0.167248,0.167248,0.334497,0.167248,0.0836242,0,0.167248,0.167248,0.250873,0.167248,0.0836242,0.167248,0.0836242,0.0836242,0,0,0,0,0.167248,0.167248,0,0,0.0836242,0.418121,0,0,0.334497,0,0.167248,0.0836242,0.167248,0,0,0.167248,0,0.250873
0.0269386,0.0808159,0.134693,0.242448,0.134693,0.350202,0.107754,0.134693,0.134693,0.161632,0.0538772,0.161632,0.0808159,0.107754,0,0.0808159,0.0269386,0.18857,0.107754,0.107754,0.18857,0.161632,0.0538772,0.0808159,0.0538772,0.107754,0.215509,0.18857,0.215509,0.0269386,0.107754,0,0.0538772,0.134693,0.0808159,0.134693,0.107754,0.0269386,0.242448,0.134693,0.0538772,0.242448,0.0269386,0.107754,0,0.0808159,0.269386,0.0269386,0.215509,0.161632
0.101274,0.101274,0.050637,0.050637,0.101274,0.101274,0.050637,0.202548,0.202548,0,0.101274,0.050637,0.253185,0.253185,0.151911,0,0.202548,0.101274,0.101274,0.050637,0.151911,0,0.050637,0.101274,0.101274,0.151911,0.050637,0.202548,0.050637,0.151911,0.202548,0,0.101274,0.101274,0.050637,0.202548,0.101274,0.303822,0.050637,0.303822,0.050637,0.101274,0.303822,0.050637,0.050637,0.253185,0,0,0.050637,0.151911
0.182574,0.0912871,0,0.0912871,0.0912871,0,0.182574,0,0,0.0912871,0.273861,0,0.182574,0,0.182574,0.182574,0.182574,0.365148,0,0,0.0912871,0.365148,0.0912871,0.0912871,0,0,0.0912871,0,0.0912871,0.182574,0,0,0.273861,0,0,0.182574,0,0.182574,0.182574,0.0912871,0.0912871,0,0.365148,0,0.0912871,0,0.0912871,0,0.0912871,0
0,0,0,0,0.29173,0.145865,0.29173,0.145865,0.145865,0.145865,0.145865,0,0,0,0,0.145865,0.145865,0,0.145865,0,0,0,0,0.145865,0.29173,0,0,0,0.145865,0,0,0,0.145865,0,0.145865,0.145865,0,0.145865,0,0,0.29173,0,0.29173,0,0.29173,0.29173,0,0.145865,0,0.29173
0,0,0,0,0,0,0,0,0,0,0,0,0,0,0,0,0,0,0,0,0,0,0,0,0.13484,0,0,0,0,0,0,0.94388,0,0,0,0,0,0,0,0,0,0,0,0,0,0.26968,0,0.13484,0,0
0.0681994,0.0681994,0.0681994,0,0.0681994,0.0681994,0,0,0.0681994,0,0,0.0681994,0,0.0681994,0,0,0.0681994,0,0,0.0681994,0,0,0.136399,0.0681994,0.0681994,0.204598,0.0681994,0.0681994,0,0.0681994,0,0.886593,0.0681994,0.136399,0.136399,0,0,0,0,0.0681994,0.0681994,0,0.0681994,0.136399,0,0,0.0681994,0,0,0.0681994
0.0668153,0,0.0668153,0,0.0668153,0,0.0668153,0,0,0,0,0,0,0.0668153,0.0668153,0.0668153,0,0,0,0,0.0668153,0.0668153,0.0668153,0,0,0.0668153,0.0668153,0,0,0,0,0.935414,0,0.133631,0,0,0,0,0,0.0668153,0,0,0,0,0.0668153,0.200446,0,0.0668153,0,0
0.190046,0.0475114,0,0.0475114,0.190046,0.0475114,0.285069,0.0950229,0,0.0950229,0.142534,0.0475114,0.190046,0.142534,0.285069,0.142534,0.0475114,0.190046,0,0,0.190046,0.33258,0.142534,0.0950229,0.142534,0.0950229,0,0.285069,0.0475114,0.380091,0.142534,0,0.0475114,0.0950229,0.0475114,0,0,0.0475114,0.0475114,0.0475114,0.142534,0,0.142534,0.0475114,0.190046,0.190046,0,0.0475114,0.0475114,0.0950229
0.1397,0.11176,0.16764,0.16764,0.0838198,0.307339,0.0558799,0.16764,0.11176,0.0279399,0.11176,0.11176,0.0279399,0.22352,0.0279399,0.0558799,0.11176,0.19558,0.11176,0.22352,0.16764,0.0838198,0.16764,0.16764,0.16764,0.0279399,0.11176,0,0.22352,0.1397,0.0558799,0,0.0558799,0.1397,0.1397,0.22352,0.0279399,0.1397,0.0838198,0.16764,0.11176,0.22352,0.11176,0.22352,0.0558799,0.0558799,0.22352,0.1397,0.0838198,0.11176
0.20795,0,0.0519875,0,0.155963,0.103975,0,0.0519875,0.0519875,0.0519875,0.20795,0,0.155963,0.103975,0.103975,0,0.103975,0.259938,0.20795,0,0.155963,0.0519875,0.103975,0,0.155963,0.103975,0,0.103975,0.0519875,0.155963,0.0519875,0,0.0519875,0.155963,0.0519875,0.103975,0.103975,0.20795,0.155963,0.0519875,0.259938,0,0.311925,0.311925,0.155963,0.311925,0.0519875,0.103975,0,0.259938
