0,0,0,0,0,0,0.00563844,0.211981,0.83891,0.498657,0.0503566,0.0080403,0.00166943,6.59853e-005,0,0
0.0171701,0.000359734,0.00091115,0.00666952,0.04707,0.17409,0.370906,0.61923,0.644391,0.173741,0.0254807,0.00642794,0.00171989,3.15095e-005,0,0
0,0,0,0,0,0.000313751,0.0627986,0.397964,0.669594,0.609942,0.129585,0.0214799,0.00615436,0.00214497,0.00029565,0
0,0,0,0,0,0,0.000179899,0.0606945,0.504112,0.834546,0.212139,0.0255054,0.00778062,0.00254225,0.000731431,2.13038e-005
0,0,0,0,0,0,0,0.000531375,0.184595,0.955392,0.229822,0.0180707,0.00240517,0.000187779,0,0
0,0,0,0,0,0,0.000182343,0.0648929,0.664433,0.727455,0.154898,0.0301714,0.0141846,0.00466035,5.5127e-005,0
0,0,0,0,0,0,0,0.0191024,0.640883,0.761569,0.0919087,0.0191024,0.00912224,0.00468027,0.000123918,0
0,0,0,0,0,0,0,0.00819944,0.432045,0.889477,0.148131,0.0123893,0.00207692,0.000505057,0,0
0,0,0,0,0,0,0.00908999,0.288945,0.842281,0.44985,0.0659511,0.0153069,0.00629572,0.00131335,9.85632e-006,0
0,0,0,0,0,0,0,0.0771184,0.825678,0.557131,0.043555,0.00398198,0.000920459,0.00020677,0,0
0,0,0,0,0,0.00264212,0.104678,0.611068,0.763201,0.179719,0.0282553,0.00746535,0.0018589,0,0,0
0.0113173,0.000507931,0.000626977,0.00424599,0.0438567,0.168117,0.619232,0.734873,0.213418,0.0241188,0.00703961,0.0011984,0,0,0,0
0,0,0,0,0,0.00790353,0.204826,0.800113,0.558605,0.0745561,0.0138562,0.00358341,1.17875e-005,0,0,0
0.00398333,0.000782116,0.00632059,0.0364775,0.1909,0.324096,0.615871,0.665926,0.183615,0.0251459,0.00522926,0.00190982,0.000163699,0,0,0
0,0,0,0,0,0.00024593,0.0556339,0.616631,0.777246,0.11189,0.00628658,0.001099,0,0,0,0
0,0,0,0,0,0,0,0.0137186,0.492858,0.858264,0.141884,0.0122029,0.00226145,6.07916e-005,0,0
0,0,0,0,0,0,0.0526692,0.592037,0.795913,0.114339,0.0119796,0.00456408,0.00153047,0,0,0
0,0,0,0,0,0,0,0.00874625,0.41892,0.892341,0.167285,0.0129794,0.00183882,0.000228238,0,0
0,0,0,0,0,0,0.0517636,0.651811,0.748984,0.106614,0.0103059,0.00350135,0.00139334,0,0,0
0,0,0,0,0.0153125,0.0872123,0.429275,0.845198,0.30444,0.0286396,0.00434407,0.000294819,0,0,0,0
0,0,0,0,0,0,0,0.00734963,0.430051,0.891207,0.1436,0.0113705,0.00148472,0.000121525,0,0
0.124966,0.00127639,0.00267862,0.0274274,0.110746,0.249141,0.598428,0.700941,0.244132,0.0157541,0.00200746,0.000389508,0,0,0,0
0,0,0,0,0,0,5.14635e-005,0.0296738,0.634895,0.768164,0.0769688,0.00526986,6.17562e-005,0,0,0
0,0,0,0,0.00553304,0.0949294,0.684148,0.713888,0.114848,0.00852591,0.000565879,5.03004e-005,0,0,0,0
0.0323717,0.000596736,0.00098634,0.0120531,0.0487943,0.133669,0.401771,0.793905,0.430399,0.0399764,0.00312177,0.000547419,0,0,0,0
0.0305266,0.000802345,0.00127475,0.0167593,0.0935069,0.261752,0.705254,0.641839,0.110214,0.00635877,0.000472409,0,0,0,0,0
0,0,0,0,6.73351e-006,0.00591875,0.14065,0.726418,0.667816,0.0806809,0.00329942,0.0013467,0.00024914,0,0,0
0,0,0,0,0,0,0.0002978,0.100656,0.851973,0.511875,0.0443615,0.00490306,0.000989121,0.0001489,0,0
0,0,0,0,0,0,1.97395e-005,0.0394672,0.748269,0.659173,0.0631704,0.00577183,0.00142519,0.000213187,0,0
0.0851038,0.00306484,0.00435759,0.0560968,0.38572,0.674352,0.616454,0.0776814,0.0010313,0,0,0,0,0,0,0
0,0,0,0,0,0,0.000117977,0.0643376,0.757284,0.646774,0.0632902,0.00746706,0.00172937,0.000408602,0,0
0.228239,0.0066281,0.00866437,0.0675383,0.42316,0.655034,0.576208,0.0554574,0.00122996,0,0,0,0,0,0,0
0,0,0,0,0,0,0.000504235,0.127842,0.860489,0.491521,0.0401155,0.00334014,0.000758045,0.000182743,0,0
0.229995,0.00588187,0.0104519,0.0764858,0.400322,0.626575,0.615059,0.0997767,0.00139788,0,0,0,0,0,0,0
0,0,0,0,0,0,0.0322294,0.583369,0.799643,0.138305,0.008792,0.00249385,0.000730681,0,0,0
0,0,0,0,0,0.0241419,0.301495,0.896356,0.32297,0.027187,0.00385116,0.000288588,0,0,0,0
0,0,0,0,0,0.0120824,0.334525,0.866925,0.367747,0.0336542,0.00395243,0.0013775,3.60131e-005,0,0,0
0,0,0,0,0,0,0.0146563,0.49097,0.852562,0.177789,0.0158865,0.00336411,7.59392e-006,0,0,0
0,0,0,0,0,0,0.0001198,0.142519,0.87458,0.461476,0.0421977,0.00737121,0.00156444,0,0,0
0,0,0,0,0,0,0.000923929,0.186403,0.884158,0.426547,0.039099,0.00667049,0.0013649,0.000314976,0,0
0,0,0,0,0,5.36992e-005,0.0438722,0.603592,0.783438,0.140699,0.0131764,0.00269838,0.000248359,0,0,0
0,0,0,0,0,0.0125097,0.385556,0.875299,0.289672,0.0328523,0.00726418,0.000824506,0,0,0,0
0,0,0,0,0,0.00186844,0.109659,0.619704,0.752057,0.193603,0.0277576,0.00971811,0.001452,5.15941e-005,0,0
0,0,0,0,0,6.23804e-006,0.00864177,0.256138,0.7858,0.556641,0.0822548,0.014335,0.00405265,0.000588455,0,0
0,0,0,0,0,0,0.000162954,0.0568079,0.620536,0.770945,0.130528,0.0169105,0.00513232,0.00140346,8.07431e-005,0
0,0,0,0,0,0,0,0.00685015,0.388481,0.902749,0.182663,0.0255587,0.00747863,0.00232598,4.36028e-005,0
0,0,0,0,0,0,0.000128028,0.0413948,0.661334,0.737998,0.124652,0.0250104,0.010588,0.00275261,8.32185e-005,0
0,0,0,0,0,0.000356942,0.0541597,0.482022,0.833544,0.262864,0.0277642,0.00723888,0.00229625,0.000152326,0,0
0,0,0,0,4.29404e-005,0.0274962,0.424638,0.853942,0.297463,0.0348533,0.00314897,0,0,0,0,0
0,0,0,0,0,0.00206329,0.134211,0.785178,0.59919,0.0789895,0.0139902,0.00386293,0.000131821,0,0,0
0,0,0,0,0,0.000264898,0.0774077,0.785709,0.609979,0.0666736,0.0121162,0.00167001,0,0,0,0
0,0,0,0,0,3.73199e-005,0.0502539,0.668762,0.734744,0.100689,0.0155197,0.00218055,0.00011196,0,0,0
0,0,0,0,0,0,0.0313413,0.675673,0.729716,0.0987,0.0158452,0.00237348,0.000108529,0,0,0
0,0,0,0,0,3.5553e-005,0.0565886,0.716684,0.689735,0.0851199,0.0128702,0.0040412,0.000397009,0,0,0
0,0,0,0,0,0.0632329,0.450796,0.801008,0.38692,0.037388,0.00812835,0.000828919,0,0,0,0
0,0,0,0,0.00646565,0.188048,0.441598,0.767535,0.423378,0.0346612,0.00486591,0.00166641,0.000288844,0,0,0
0,0,0,0,0.0199239,0.24165,0.50634,0.747166,0.354698,0.0273922,0.00301702,0.00116229,0,0,0,0
0,0,0,0.0213193,0.383138,0.86513,0.322798,0.0100804,0,0,0,0,0,0,0,0
0,0,0,0,0,0,0.0143784,0.547031,0.828268,0.119984,0.0108829,0.00278235,0.00041383,0,0,0
0,0,0,0,0,0,6.93424e-005,0.186608,0.919851,0.343915,0.0273055,0.00532396,0.00067031,0,0,0
0,0,0,0,0,0,0.000660809,0.165878,0.915802,0.364166,0.0336312,0.00641286,0.00135166,0,0,0
0,0,0,0,0,0,0.00954355,0.389907,0.887932,0.24288,0.0211313,0.00448802,0.000735455,0,0,0
0,0,0,0,0,0.00214255,0.219441,0.881765,0.415866,0.0368096,0.00558166,0.000689662,0.00018391,1.8391e-005,0,0
0,0,0,0,0,0.000475263,0.101217,0.851755,0.509091,0.0688433,0.0178783,0.00592681,0.000545155,0,0,0
0,0,0,0,0,0,0,0.00710722,0.548489,0.824225,0.136452,0.0319875,0.010858,0.00151648,0,0
0,0,0,0,0,0,0.00890456,0.357135,0.894285,0.265899,0.04238,0.0112855,0.0021809,0.000219043,0,0
0,0,0,0,0,0,0.0271379,0.45569,0.86556,0.202481,0.036493,0.00924707,0.000765337,0,0,0
0,0,0,0,0,0.0013883,0.172982,0.868064,0.462353,0.0513838,0.0109718,0.00291122,0.000185106,0,0,0
0,0,0,0,0,0,0.0186693,0.515593,0.840621,0.16375,0.0184498,0.00413626,0.000633205,0,0,0
0,0,0,0,0,0,0.00573227,0.345797,0.895924,0.276795,0.031962,0.0084799,0.00145282,0.000197513,0,0
0,0,0,0,0,0,0.00336283,0.300553,0.902858,0.305458,0.033713,0.00787327,0.00119463,0,0,0
0,0,0,0,0,0,0,0.0183311,0.681716,0.727798,0.0716909,0.00914739,0.00361177,7.25983e-005,0,0
0,0,0,0,0,0,0,0.0204668,0.688944,0.720411,0.0753598,0.0151525,0.00588749,0.000805656,0,0
0,0,0,0,0,3.20323e-005,0.127168,0.935281,0.329917,0.0150552,0.00251454,0.000480485,0,0,0,0
0,0,0,0,0,0,0.00675542,0.600681,0.797569,0.0547815,0.00432608,0.000934359,2.80308e-005,0,0,0
0,0,0,0,0,0,0.00116212,0.371598,0.922686,0.10256,0.00656407,0.0012132,0,0,0,0
0.00945549,0.000572877,0.00110957,0.0166376,0.163843,0.42206,0.645391,0.609312,0.0828018,0.00250257,0.000319605,0,0,0,0,0
0.00349707,0.000303786,0.00250093,0.0219362,0.126032,0.374088,0.607035,0.675422,0.1377,0.00522088,0.000215476,0,0,0,0,0
0.0836244,0.00649834,0.0224173,0.104747,0.261401,0.580407,0.723197,0.230644,0.00867335,0.000640494,0,0,0,0,0,0
0,0,0,1.6423e-005,0.00175727,0.17865,0.868335,0.460798,0.0415174,0.00402365,0.000492691,0,0,0,0,0
0,0,0,0,0,0.00159154,0.227104,0.922035,0.312603,0.0233318,0.00277167,0.000335632,0,0,0,0
0.0057364,0.000429463,0.000685096,0.027685,0.142398,0.280363,0.502508,0.760958,0.262034,0.00931526,0.000429463,0.000168718,0,0,0,0
0.000292874,0.000279561,0.00271574,0.102226,0.375597,0.735099,0.5522,0.0562983,0.00197024,0,0,0,0,0,0,0
0,0,0,0,0.00321507,0.050935,0.42697,0.861895,0.268553,0.010335,0.000717551,0,0,0,0,0
0.016862,0.00203507,0.0218851,0.168362,0.411779,0.7559,0.478613,0.0294924,0.000516843,0,0,0,0,0,0,0
0.0901951,0.00125701,0.00702593,0.0407619,0.129322,0.271787,0.463384,0.755987,0.335991,0.0205904,0.00217953,0.000107897,0,0,0,0
0.0474998,0.0013227,0.00738548,0.052021,0.140137,0.283976,0.465829,0.74677,0.345765,0.0219145,0.00209006,0.000410176,2.5348e-005,0,0,0
0.0962778,0.00124497,0.0108408,0.0378088,0.132067,0.300151,0.510621,0.717693,0.324318,0.0253251,0.00290068,0.000432016,7.44855e-005,0,0,0
0,0,0.000837441,0.0152797,0.116978,0.289855,0.506317,0.744131,0.30257,0.0207063,0.00135426,0.000344547,0,0,0,0
0.0147771,0.000896305,0.00919308,0.0592593,0.178952,0.435898,0.671943,0.563181,0.0739491,0.00216541,4.75914e-005,0,0,0,0,0
0.0618157,0.00156866,0.0148092,0.0589176,0.176319,0.4666,0.771663,0.383426,0.0346079,0.00223334,0.000186112,0,0,0,0,0
0,0,0,0,0,0,2.00804e-005,0.106808,0.946773,0.301909,0.0320082,0.0062651,0.000602413,0,0,0
0,0,0,0,0,0,0.000662141,0.304286,0.936096,0.175147,0.0207399,0.00504081,0.00158059,0,0,0
0,0,0,0,0,0,0.0205058,0.606914,0.783321,0.12796,0.0329817,0.0129742,0.00367954,0,0,0
0,0,0,0.000800063,0.0467719,0.283952,0.749504,0.592628,0.0649467,0.00134524,8.49625e-005,0,0,0,0,0
0,0,0,0.00239691,0.0660282,0.360931,0.686874,0.621795,0.0832663,0.00217079,0,0,0,0,0,0
0,0,0,0,0.00239383,0.0757588,0.620873,0.772253,0.111318,0.00216454,0.000119233,0,0,0,0,0
0,0,0,0,0,0.000184213,0.0543536,0.877146,0.476515,0.0242294,0.00242728,0.000704344,0,0,0,0
0.00207555,0.000399736,0.00199868,0.0231847,0.236905,0.746876,0.618207,0.0576543,0.00118383,0,0,0,0,0,0,0
0.0128704,0.000894855,0.0025078,0.0356285,0.266424,0.75212,0.599674,0.0477808,0.000220952,0,0,0,0,0,0,0
0,0,0,0,0,0.00211122,0.144643,0.790375,0.593402,0.0474125,0.0027169,0.000643749,2.07661e-005,0,0,0
0,0,0,0,0,0.00029784,0.0731896,0.732863,0.672223,0.0751295,0.00511336,0.000817084,5.79866e-005,0,0,0
0.00921697,0.000627411,0.00146396,0.0389817,0.253019,0.636681,0.715958,0.128104,0.00233785,0,0,0,0,0,0,0
0.0163409,0.000456548,0.00217997,0.0183766,0.0892779,0.231612,0.395805,0.707219,0.527718,0.0495779,0.00335197,0.000381445,1.9764e-006,0,0,0
0.0910908,0.00165829,0.0113492,0.0591347,0.133133,0.241322,0.430963,0.698191,0.484812,0.0620794,0.00411409,0.000578963,5.75129e-006,0,0,0
0.0588732,0.000880161,0.00862597,0.0366818,0.126337,0.258045,0.433999,0.712548,0.461325,0.0603701,0.00437739,0.000599134,0.000120998,0,0,0
0.0259688,0.000862183,0.000978937,0.0010418,0.0662264,0.428087,0.861078,0.264901,0.00707708,3.14337e-005,0,0,0,0,0,0
0.000157172,5.23907e-005,5.89396e-005,0.000242307,0.0318536,0.202091,0.71307,0.664236,0.0916183,0.00840871,0.00117879,0,0,0,0,0
0,0,0,0,0,2.2062e-005,0.0118841,0.488562,0.84237,0.219759,0.0492203,0.0253933,0.0143329,0.00280187,0.00143403,0.000926603
0,0,0,0,0,0.000626177,0.0810238,0.678326,0.714106,0.142169,0.0470956,0.0288041,0.0100629,0.00014111,0,0
0,0,0,0.00296359,0.0623514,0.326976,0.731342,0.589111,0.0852586,0.00277375,7.38261e-005,0,0,0,0,0
0,0,0,0,0,0,0,0.0927981,0.860301,0.500362,0.0300654,0.00221355,2.33005e-005,0,0,0
0,0,0,0,0,0,0,5.28544e-005,0.140481,0.959272,0.244675,0.013977,0.00136834,1.17454e-005,0,0
0,0,0,0,0,0,0.0113957,0.554648,0.826333,0.0964795,0.00964126,0.00282387,0.00010861,0,0,0
0,0,0,0,0,0.00145193,0.0789184,0.437496,0.795615,0.398693,0.0873905,0.0455239,0.0254962,0.0069154,0.000134716,0
0.0144195,0.00156329,0.00629037,0.0290771,0.0625315,0.217863,0.57351,0.652642,0.407102,0.131778,0.0806879,0.0521021,0.0187446,0.000439209,0,0
0.00174611,0.000133674,0.000626596,0.0108109,0.0415057,0.150458,0.538781,0.766711,0.311636,0.0164669,0.000476213,0,0,0,0,0
0.525436,0.00554082,0.00713052,0.0506853,0.303665,0.515219,0.59225,0.113301,0.00259292,0,0,0,0,0,0,0
0.715879,0.00403264,0.0070472,0.0775456,0.269248,0.459654,0.432774,0.101662,0.00572502,0.00044954,0,0,0,0,0,0
0,0,0,0,0,0.00234343,0.153964,0.769475,0.615878,0.06986,0.00333695,0.000356373,0,0,0,0
0,0,0,0,0,0,0.00145981,0.326695,0.907157,0.26212,0.0367755,0.0152625,0.00641323,0.000863232,0,0
0,0,0,0,0,0,0,0.000383368,0.184697,0.956173,0.226802,0.0134341,0.000761336,3.23973e-005,0,0
0,0,0,0,0.000935695,0.0241966,0.222541,0.741241,0.629035,0.0690404,0.000610908,5.41311e-005,0,0,0,0
0,0,0.000563699,0.0151125,0.143618,0.433377,0.698002,0.548801,0.0541509,0.00265744,0.000322114,0,0,0,0,0
0,0,0,0,0,0,0.000272686,0.105398,0.836967,0.535502,0.0400376,0.00349247,0.000582079,8.91472e-005,0,0
0.00741226,0.000356437,0.00133664,0.0145248,0.0484916,0.140752,0.434164,0.777891,0.427222,0.03792,0.00087489,0.000372638,0,0,0,0
0,0,0,0,4.17842e-005,0.000138209,0.000395343,0.00648619,0.365827,0.900742,0.222343,0.0583404,0.0382775,0.0220363,0.000993178,0
0,0,0,0,0,0,0.00106303,0.156098,0.871725,0.460468,0.0556093,0.0207871,0.0131195,0.000736757,0,0
0.00456995,0.00120376,0.00135513,0.00451949,0.0143658,0.182928,0.560244,0.747244,0.302381,0.0490368,0.014063,0.00147766,0.000901015,0.000605482,0.000302741,0.000216244
0,0,0,0,0,0,8.35592e-005,0.0642106,0.768266,0.633342,0.0669634,0.0060209,0.00128588,0.000287815,0,0
0,0,0,0,0,0,0.000149451,0.0583051,0.798102,0.594932,0.0704189,0.0205107,0.0143943,0.0101294,0.000273993,0
0.000180644,8.6709e-005,0.000108386,0.00151018,0.0172406,0.0880096,0.455027,0.827233,0.313648,0.0444962,0.0150079,0.00325159,0.00028903,0,0,0
0,0,0,0,0,0,6.58602e-005,0.0763978,0.82578,0.556352,0.0507609,0.00994489,0.00664495,0.00189955,0,0
0,0,5.74377e-006,0.00137276,0.0213553,0.0851744,0.397268,0.803634,0.426797,0.0772307,0.0211658,0.00819636,0.00168867,0,0,0
0,0,0,0,0,0.000246701,0.0309329,0.494437,0.841546,0.214565,0.0178144,0.00418527,0.00129843,0.000177452,0,0
0,0,0,0,0,0.000120247,0.0870027,0.558054,0.800304,0.200809,0.0139046,0.00134276,0.000244502,0,0,0
0.834625,0.00376425,0.0105921,0.0888994,0.229495,0.394957,0.29346,0.0243371,0.000563263,0,0,0,0,0,0,0
0.825044,0.00512665,0.0238473,0.139897,0.320576,0.392504,0.190804,0.0635242,0.0320319,0.0268282,0.0109471,0,0,0,0,0
0.641016,0.00385454,0.00704173,0.0729602,0.218524,0.361832,0.545354,0.323977,0.0515818,0.00143826,0,0,0,0,0,0
0.703286,0.00433981,0.00921585,0.114469,0.303001,0.407543,0.453847,0.167681,0.0137178,0.000187061,0,0,0,0,0,0
0.913399,0.00353447,0.00877651,0.0723695,0.208001,0.259182,0.216714,0.0544768,0.00151477,0,0,0,0,0,0,0
0.711544,0.00441127,0.00738107,0.0873918,0.265145,0.440268,0.462489,0.0892067,0.00177146,8.68361e-006,0,0,0,0,0,0
0,0,0,0,0,0,0.000193442,0.0270449,0.442394,0.869346,0.214145,0.0401948,0.0166648,0.00653999,0.000292221,0
0,0,0,0,0,0,0,0.0336855,0.614,0.781307,0.106664,0.00704739,0.000881422,0.000187452,0,0
0.734964,0.00865394,0.031394,0.264776,0.530737,0.325122,0.0356993,0.00112689,0,0,0,0,0,0,0,0
0,0,0,0,0,3.8088e-005,0.0159677,0.355994,0.864355,0.353662,0.0286158,0.00292106,3.51582e-005,0,0,0
0,0,0,0,0,0,0,0.00774744,0.400564,0.897749,0.181967,0.0202687,0.00349653,0.000470993,2.39488e-005,0
0.000360325,0.000922433,0.00150376,0.00142689,0.0025415,0.0196738,0.263955,0.618948,0.70497,0.206082,0.0673568,0.0479905,0.0232146,0.00122511,0,0
0,0,0.000200413,0.000162403,0.00203177,0.0463541,0.199839,0.547102,0.782376,0.212154,0.034858,0.0158741,0.0011852,0,0,0
0,0.000849563,0.00225071,0.00222535,0.00284033,0.00737345,0.128284,0.533082,0.766813,0.294209,0.121811,0.0904784,0.0412672,0.00242823,0,0
0,0,0,0,0,0,0,0.0474841,0.814091,0.577679,0.0358188,0.00232245,0.000477761,0,0,0
0,0,0,0,0,0,0.0019821,0.182327,0.901127,0.392015,0.0320874,0.00429198,0.000553143,0,0,0
0,0,0,0,0.00591714,0.108464,0.516007,0.799081,0.288144,0.0194623,0.00131871,0.000119366,0,0,0,0
0,0,0,0,0,0.00011125,0.0472814,0.470645,0.833235,0.285923,0.0149429,0.00164853,0,0,0,0
0,0,0,0.000204131,0.0605249,0.368604,0.599476,0.692583,0.146362,0.00190522,0,0,0,0,0,0
0,0,0,0,0.00597748,0.0771247,0.333108,0.801323,0.488764,0.0451851,0.00200743,0.000663169,0.000869288,4.48087e-005,0,0
0,0,0,0,0,0,0,0.00588686,0.378469,0.910937,0.163763,0.00996876,0.0012461,3.02084e-005,0,0
0,0,0,0,0,0,0.0281539,0.413959,0.879138,0.234136,0.0118885,0.000569961,0,0,0,0
0,0,0,0,0,0,0.000148458,0.0723936,0.777867,0.622202,0.0503206,0.00358999,0.00118767,0.000276672,0,0
0,0,0,0,0,0.0191138,0.244361,0.645332,0.714064,0.116456,0.00435008,0.000611003,9.96201e-005,0,0,0
0,0,0,0,0,0,0.00152153,0.190367,0.914476,0.356592,0.0181814,0.00160392,7.14074e-005,0,0,0
0,0,0,0,0,0,0.0101344,0.504642,0.855216,0.117398,0.00742172,0.000939019,0,0,0,0
0,0,0,0,0,0,0.00294459,0.239386,0.916991,0.317886,0.0270892,0.00518685,0.000811584,0,0,0
0,0,0,0.000339888,0.000409124,0.00132179,0.0652018,0.707087,0.685693,0.141349,0.0569627,0.0425301,0.0238047,0.00102596,0,0
0,0,0,0,2.89644e-005,0.00761764,0.16573,0.70075,0.686234,0.10238,0.00497705,0.00063239,0,0,0,0
0,0,0,0,0,0,0,0.000218267,0.172385,0.951718,0.253511,0.0156635,0.00164275,0.000264218,3.44632e-005,0
0,0,0,0,0,0,0,0.00119766,0.279671,0.939277,0.198536,0.0111683,0.000951229,4.92865e-006,0,0
0,0,0,0,0,0,0.000524286,0.0792992,0.721149,0.684105,0.0749368,0.00622339,0.00122067,0.000116063,0,0
0,0,0,0,0,0.000247783,0.0441762,0.50615,0.823796,0.250489,0.0216476,0.00262729,0.000110126,0,0,0
0,0,0,0,0.00624173,0.0655808,0.311916,0.753148,0.570541,0.0749318,0.00210901,0,0,0,0,0
0,0,0,0,0.00582461,0.199405,0.608223,0.748751,0.172077,0.00536838,0.000114059,1.52079e-005,0,0,0,0
0.000877812,0.000492889,0.0004037,0.000600855,0.00259588,0.0417453,0.30607,0.736625,0.574248,0.154105,0.0722857,0.0502512,0.0263015,0.00140356,0.00020185,0.000192461
0,0,0,0.00123264,0.0172696,0.0848423,0.300821,0.705596,0.627533,0.101604,0.00463827,0.00090224,9.5307e-005,0,0,0
0,0,0,0,0.000756066,0.0347443,0.284298,0.756387,0.585681,0.0530897,0.0019901,0,0,0,0,0
0,0,0,0,0,0,1.5664e-005,0.034543,0.549699,0.822993,0.138701,0.00904986,0.000838022,3.13279e-005,0,0
0,0,0,0,0,0.00237852,0.0623792,0.537002,0.821953,0.179159,0.00523791,0.000180974,0,0,0,0
0,0,0,0,0,5.90022e-005,0.00446807,0.254423,0.929155,0.267961,0.010733,0.00122295,0.000209189,0,0,0
0,0,0,0,0,0,0.00635569,0.325695,0.879559,0.34553,0.0292096,0.00373948,0.000526086,4.26556e-005,0,0
0,0,0.000108953,0.00249503,0.0451721,0.318623,0.736677,0.576178,0.135767,0.0506742,0.026236,0.00829135,0.000621034,0,0,0
0.000132654,0.00364799,0.00248982,0.00155104,0.00153573,0.00305615,0.00652557,0.00949499,0.314376,0.91804,0.228696,0.0652659,0.0372249,0.0160206,0.00109695,5.10209e-006
0,0,0,0,0,0.000114124,0.0672931,0.722904,0.682712,0.0818674,0.00841163,0.00336331,0.00151718,2.01396e-005,0,0
0,0,0,0,0,0.000612752,0.0940574,0.804237,0.583459,0.0626028,0.00356587,0.000502116,0,0,0,0
0,0,0,0,0,0.0012692,0.0806969,0.715286,0.686872,0.0994238,0.0130231,0.00231767,0,0,0,0
0,0,0,0,0,0,6.9233e-005,0.0763788,0.768417,0.630851,0.0749645,0.0100981,0.00255173,0.000148356,0,0
0,0,0,0,0,0,0,0.0129941,0.492556,0.859066,0.137284,0.0186282,0.00545617,0.00123225,0,0
0,0,0,0,0,0.00807461,0.211423,0.621292,0.728424,0.196345,0.0088018,0.000717743,8.97179e-005,0,0,0
0,0,0,0,0,0,0.000792881,0.12909,0.872659,0.461874,0.0817337,0.0329664,0.0263092,0.00389748,0,0
0,0,0,0,0,0,0,0.0275009,0.712652,0.696315,0.079489,0.0134838,0.00398252,0.000513716,4.89253e-005,0
0,0,0,0,0,0,0,0.00060504,0.258583,0.952465,0.160842,0.00859524,0.000656377,6.23375e-005,0,0
0,0,0,0,0,0,0,0.00144796,0.266177,0.950031,0.16286,0.00803579,0.000891977,8.79977e-005,0,0
0,0,0,0,0,0,0.0352972,0.55078,0.819844,0.152161,0.00983756,0.000881944,1.94546e-005,0,0,0
0.144251,0.00243603,0.0136161,0.0857226,0.289939,0.51681,0.688242,0.359712,0.111365,0.0663369,0.024886,0.00162829,0,0,0,0
0.556741,0.00472703,0.0311596,0.150087,0.362855,0.511141,0.511983,0.107051,0.00214983,0,0,0,0,0,0,0
0,0,0,0,0,0,0.000252563,0.0455224,0.639621,0.761348,0.0949551,0.0113,0.00425874,0.000622699,0,0
0,0,0,0,0.0026657,0.0806594,0.459533,0.810576,0.353405,0.0196047,0.0019571,0.000107978,0,0,0,0
0,0,0,0,0,0.000367876,0.0684862,0.559754,0.799503,0.206186,0.0162259,0.00195325,9.19689e-005,0,0,0
0,0,0,0,0,0,8.20757e-005,0.00103415,0.169125,0.946519,0.268355,0.0499841,0.0272272,0.0155561,0.00131868,0
0,0,0,0,0,0,0.0208114,0.464951,0.862404,0.198888,0.0094699,0.000682988,6.5672e-006,0,0,0
0,0,0,0,0,0,0.00245975,0.266502,0.894282,0.353867,0.0561192,0.0267914,0.0118743,0.000966514,0,0
0,0,0,0,0,0.00506476,0.141111,0.667633,0.720484,0.123296,0.00535752,0.000402546,0,0,0,0
0,0,0,0,0.00124125,0.108077,0.489954,0.821076,0.271913,0.0126623,0.000451362,0,0,0,0,0
0,0,0,0,0,0,0.0013155,0.199456,0.90287,0.378776,0.0391987,0.00543149,0.00197729,0.000379316,0,0
0,0,0,0,0,0.000186581,0.0292736,0.52504,0.832723,0.172755,0.0141802,0.00177743,0.000304422,0,0,0
0,0,0,0,0,0,0,0.012185,0.476096,0.868943,0.134244,0.00997751,0.00144261,0.000114067,0,0
0,0,0,0.000198811,0.0386798,0.255907,0.587464,0.739349,0.202699,0.0132099,0.00191448,0.000360805,0,0,0,0
0,0,0,0,0,0,0.000408584,0.162547,0.901501,0.400334,0.0243586,0.00364248,0.00050421,0,0,0
0,0,0,2.64389e-005,0.0042897,0.042983,0.277575,0.717656,0.631076,0.0880414,0.0068741,0.000779946,0.000198291,0,0,0
0.00091865,0.000494658,0.000456113,0.000937923,0.00192081,0.00211354,0.00391872,0.286015,0.910806,0.296878,0.0211739,0.00390587,0.00113707,1.28483e-005,0,0
0,0,0,0,0,0.000639486,0.127056,0.805369,0.575955,0.0591558,0.00372248,0.000498126,6.73143e-005,0,0,0
0,0,0,0,0,0,0,0.0360927,0.612672,0.742938,0.193096,0.116945,0.131286,0.0563427,0.000284658,0
0,0,0,0,0,4.85854e-005,0.0414156,0.5451,0.819053,0.173679,0.0117368,0.000937004,7.63485e-005,0,0,0
0,0,0,0,0.0177383,0.213829,0.592989,0.749615,0.200336,0.0157641,0.00456693,0.000663021,0,0,0,0
0,0,0,0,0,0,0,0.00585277,0.4355,0.891426,0.124952,0.00717189,0.00104449,9.00426e-005,0,0
0,0,0,0,0,0,0.00332852,0.28245,0.87917,0.382717,0.0281723,0.00219042,0.000263079,0,0,0
0,0,0,0,0,0.000153923,0.045886,0.533673,0.827522,0.167924,0.00979404,0.000672699,2.85042e-005,0,0,0
0,0,0,0,0,0,0.00239444,0.190062,0.922112,0.336062,0.0249438,0.00448702,0.000864772,8.56613e-005,0,0
0,0,0,0,0,0,0,0.0036843,0.337041,0.930197,0.145162,0.00709965,0.00087166,4.86056e-005,0,0
0,0,0,0,0,0,0,0.00681898,0.397808,0.904304,0.154286,0.0112195,0.00253845,0.000538726,0,0
0,0,0,0,0,0,0.0121483,0.360953,0.887438,0.283944,0.0364314,0.0077838,0.00263026,0.000740041,0,0
0,0,0,0,0,1.34002e-005,0.021648,0.451673,0.86961,0.198028,0.00910541,0.00179562,0.000676708,0.000154102,0,0
0,0,0.00140091,0.00105501,0.000980064,0.00126255,0.00352823,0.0443335,0.665763,0.730055,0.138154,0.044639,0.0253029,0.0087168,0.000317079,0
0,0,0,0,0,0,0,0.000947471,0.219561,0.955104,0.198189,0.0162751,0.00462274,0.00175741,0.000175741,0
0,0,0,0,0,0,0.00117173,0.181168,0.926125,0.330336,0.0184476,0.00229152,0.000715739,3.46325e-005,0,0
0,0,0,0,0,0,0.000448039,0.166851,0.854471,0.47773,0.105777,0.0440014,0.0247692,0.00871336,0.000474788,0
0,0,0,0,0,0,0.000449335,0.0961314,0.835754,0.537792,0.0541426,0.0106837,0.00287051,0,0,0
0,0,0,0,0,0,0,0.054612,0.80709,0.586428,0.0414319,0.0029147,0.00028272,0,0,0
0,0,0.00226037,0.0527023,0.245059,0.419332,0.787958,0.373873,0.0257629,0.00148048,0.000118967,0,0,0,0,0
0.850478,0.00414495,0.0308274,0.147366,0.271842,0.392231,0.162006,0.0036844,0,0,0,0,0,0,0,0
0.930385,0.00407584,0.022609,0.10005,0.200043,0.273179,0.0942751,0.0172508,0.0040595,0.000220536,0,0,0,0,0,0
0.670806,0.00596172,0.0421835,0.155894,0.312997,0.498169,0.410814,0.0947634,0.00367794,0.000557666,0,0,0,0,0,0
0,0,0,0,0,0,1.54687e-005,0.014119,0.49922,0.858004,0.119782,0.00785421,0.000785034,6.18746e-005,0,0
0,0,0,0,0,0.000637771,0.0714859,0.583572,0.776229,0.219316,0.0542993,0.0248398,0.0114965,0.00226825,0,0
0,0,0,0,0,0.00338686,0.169347,0.656926,0.715442,0.166343,0.0146309,0.00416728,0.00043567,0,0,0
