0.102329,0.0511645,0.0511645,0,0.102329,0.153493,0.153493,0.0511645,0,0,0.0511645,0,0.153493,0.562809,0.102329,0.153493,0.255822,0.0511645,0.153493,0.102329,0.0511645,0.153493,0,0.102329,0,0.204658,0,0.0511645,0.102329,0.0511645,0.102329,0.102329,0.0511645,0,0.0511645,0.255822,0.204658,0.102329,0.102329,0.204658,0.0511645,0,0.102329,0.102329,0.102329,0.0511645,0.102329,0.0511645,0.102329,0.306987
0.0718164,0.0957552,0.167572,0.19151,0.0957552,0.0957552,0.167572,0.0718164,0.0718164,0.119694,0.0718164,0,0.263327,0.215449,0.19151,0.19151,0.119694,0.0957552,0.0957552,0.0478776,0.119694,0.119694,0.119694,0.287266,0.0957552,0.335143,0.0239388,0,0.0239388,0.0478776,0.167572,0.263327,0.0239388,0.0478776,0.0957552,0.119694,0.119694,0.0957552,0.215449,0.143633,0.119694,0.119694,0.119694,0.0718164,0.167572,0.119694,0.167572,0.167572,0,0.0957552
0.238103,0.119051,0.31747,0,0.198419,0.0793676,0.0793676,0,0.119051,0.0396838,0.0793676,0,0.0793676,0.238103,0.0793676,0,0.198419,0.119051,0.277787,0.0396838,0.0793676,0.0793676,0.0793676,0.0396838,0.0793676,0.198419,0.0396838,0,0.0396838,0.0396838,0.158735,0.198419,0,0,0.0396838,0.119051,0.396838,0.119051,0.238103,0.158735,0.119051,0.0793676,0.119051,0.0396838,0.158735,0.119051,0.119051,0.0396838,0,0.238103
0.136399,0.102299,0.136399,0,0.102299,0.102299,0.204598,0.0340997,0.0340997,0.136399,0,0,0.170499,0.511496,0.170499,0.102299,0.136399,0.136399,0.204598,0.204598,0.170499,0.0681994,0.170499,0.136399,0.102299,0.102299,0.0340997,0.0340997,0.0340997,0.102299,0.170499,0.136399,0.102299,0,0,0,0.238698,0.238698,0.136399,0.0340997,0.0340997,0,0.238698,0.0681994,0.102299,0.102299,0,0.102299,0.0681994,0.102299
0.263117,0.0877058,0.0877058,0,0,0.0877058,0,0,0,0,0,0,0,0.263117,0.175412,0,0.0877058,0.263117,0.0877058,0.0877058,0.175412,0.0877058,0.0877058,0.175412,0.175412,0.263117,0,0,0,0,0.526235,0,0,0.0877058,0,0.0877058,0.175412,0.0877058,0.175412,0.0877058,0,0,0,0,0.175412,0.0877058,0.175412,0.263117,0,0.175412
0.0688837,0.0344418,0.275535,0,0.241093,0,0.103325,0.137767,0.103325,0.137767,0.0344418,0,0.172209,0.206651,0.172209,0.0688837,0.206651,0.103325,0.103325,0.0344418,0.137767,0,0.206651,0.275535,0.103325,0.137767,0.0344418,0.0344418,0.103325,0.103325,0.103325,0.0688837,0.172209,0.0344418,0.0344418,0.103325,0.241093,0.206651,0.137767,0.172209,0.0688837,0.0688837,0.172209,0.172209,0.241093,0.275535,0.0688837,0.137767,0.0344418,0.0344418
0.186501,0.0932505,0.0932505,0,0,0,0.186501,0,0.0932505,0.186501,0,0,0.279751,0.186501,0.186501,0,0.186501,0.186501,0.0932505,0.0932505,0,0,0.373002,0,0.186501,0.0932505,0,0,0,0.373002,0.0932505,0,0.186501,0.0932505,0,0,0.186501,0.186501,0.186501,0.0932505,0.0932505,0.0932505,0.186501,0,0.0932505,0,0.0932505,0.279751,0,0
0.127,0.254,0,0,0,0.127,0.127,0,0,0.127,0,0,0.127,0.127,0.127,0,0.381,0,0.254,0.254,0.127,0.127,0.127,0,0,0,0,0,0,0,0.254,0,0.127,0,0,0,0.381,0.127,0.254,0.127,0.127,0,0.254,0,0,0.127,0,0,0.127,0.254
0.158279,0.0791394,0.237418,0,0.0791394,0.105519,0.0791394,0.0527596,0.0527596,0.211038,0.0263798,0,0.0791394,0.158279,0.131899,0,0.131899,0.158279,0.237418,0.211038,0.131899,0,0.105519,0.105519,0.211038,0.263798,0.105519,0,0.0527596,0.131899,0.131899,0.184659,0.0527596,0.0263798,0.0263798,0.131899,0.342937,0.158279,0.158279,0.211038,0.0527596,0.0791394,0.211038,0.0791394,0.158279,0.158279,0.184659,0.131899,0.0527596,0.105519
0.149071,0,0.149071,0,0,0.149071,0,0,0,0.149071,0.149071,0,0.298142,0.149071,0,0.298142,0.149071,0,0,0.447214,0,0,0.149071,0,0.149071,0,0,0,0,0,0.149071,0.149071,0,0,0,0.149071,0.149071,0.149071,0.447214,0,0.149071,0,0.149071,0,0.149071,0,0.149071,0,0,0.149071
0.0996271,0.149441,0.298881,0,0.298881,0.199254,0.0498135,0.0498135,0.0498135,0.0498135,0.0996271,0,0.0996271,0.0498135,0.249068,0.149441,0.199254,0.149441,0.149441,0.199254,0.0498135,0,0.149441,0.249068,0.0498135,0.249068,0.199254,0,0,0.0498135,0.348695,0.0996271,0.0498135,0.0996271,0,0.0996271,0.149441,0.0996271,0.199254,0.0498135,0.0996271,0,0.0996271,0.0996271,0,0.149441,0.0498135,0.149441,0,0.0996271
0.197066,0.0985329,0,0.0985329,0,0.0985329,0,0,0,0.0985329,0.0985329,0,0.197066,0.0985329,0,0.0985329,0,0.197066,0,0.0985329,0,0,0.394132,0,0.0985329,0.197066,0,0,0,0,0.197066,0.0985329,0,0.0985329,0,0.295599,0.295599,0.295599,0.394132,0.0985329,0.197066,0,0.0985329,0,0.197066,0,0.0985329,0.0985329,0,0.0985329
0.0873704,0,0.262111,0,0,0,0,0.0873704,0,0.0873704,0.0873704,0,0.174741,0.0873704,0.436852,0.174741,0.0873704,0.174741,0.174741,0.174741,0.174741,0.0873704,0.349482,0.262111,0.0873704,0,0,0,0.0873704,0,0,0,0.0873704,0,0,0.0873704,0.0873704,0.349482,0.174741,0.0873704,0.0873704,0,0,0.0873704,0.0873704,0.0873704,0.0873704,0.0873704,0,0.262111
0.15861,0.15861,0.396526,0,0.15861,0,0.317221,0,0,0.0793052,0,0,0.237915,0.15861,0.0793052,0.0793052,0.15861,0.237915,0.237915,0.0793052,0.0793052,0.15861,0,0.15861,0.396526,0.0793052,0,0,0,0,0,0,0.0793052,0.0793052,0,0,0.0793052,0.0793052,0.0793052,0,0.15861,0,0,0.15861,0.15861,0.0793052,0.0793052,0.15861,0,0.237915
0.162221,0.162221,0,0,0,0.324443,0.162221,0,0,0.486664,0,0,0,0.324443,0.162221,0,0.162221,0.162221,0.162221,0.162221,0,0,0,0.324443,0,0,0,0,0,0,0,0,0,0,0,0,0.162221,0.162221,0.162221,0,0.324443,0,0,0,0,0.162221,0,0.162221,0,0
0.208013,0.0693375,0.138675,0,0.138675,0.138675,0,0,0,0.138675,0.138675,0,0.0693375,0,0.208013,0.0693375,0.0693375,0.346688,0.27735,0.27735,0.138675,0.0693375,0.138675,0.138675,0.138675,0.208013,0.0693375,0,0,0.0693375,0.346688,0,0.0693375,0.138675,0,0.0693375,0.346688,0.138675,0.138675,0.208013,0,0,0.0693375,0,0.0693375,0,0.0693375,0.0693375,0,0.138675
0.0880451,0,0.0880451,0.0880451,0,0.0880451,0.264135,0,0,0.17609,0.17609,0,0,0.35218,0,0.0880451,0,0,0.35218,0.0880451,0.0880451,0,0.264135,0.0880451,0.17609,0.17609,0,0,0,0,0.264135,0,0,0,0,0.0880451,0.440225,0.0880451,0.264135,0,0,0,0.0880451,0,0,0.17609,0.0880451,0,0,0.17609
0.305888,0.152944,0.0764719,0,0.0764719,0.152944,0,0,0,0,0.305888,0,0.0764719,0.305888,0.0764719,0.0764719,0.305888,0,0,0.458831,0.0764719,0.0764719,0.229416,0.0764719,0.229416,0.152944,0,0,0.0764719,0,0.0764719,0,0.0764719,0,0,0,0,0.0764719,0.152944,0.152944,0,0.0764719,0.152944,0,0.152944,0,0.152944,0.152944,0.152944,0
0.312772,0.104257,0.312772,0,0,0.104257,0,0,0,0.104257,0.208514,0,0.104257,0.521286,0,0.208514,0.104257,0.104257,0.104257,0.312772,0,0,0.104257,0.104257,0.104257,0.208514,0,0,0,0,0.104257,0,0.104257,0,0.104257,0,0.208514,0.104257,0,0.208514,0,0,0.208514,0,0.104257,0,0,0,0,0.104257
0.0936586,0,0.280976,0,0,0.187317,0.187317,0,0,0.187317,0.0936586,0,0.0936586,0.374634,0,0.0936586,0.0936586,0.0936586,0.187317,0.280976,0.0936586,0,0,0.0936586,0,0.280976,0,0,0,0,0.280976,0,0,0,0,0.0936586,0.187317,0.0936586,0.187317,0.0936586,0.0936586,0,0.187317,0.0936586,0,0.187317,0.0936586,0,0,0.374634
0,0.0928477,0.0928477,0,0.185695,0.0928477,0,0,0,0.185695,0.185695,0,0.371391,0,0.0928477,0.185695,0.278543,0,0.185695,0.0928477,0,0.185695,0.278543,0,0.185695,0.185695,0,0,0,0,0.0928477,0,0,0.0928477,0.0928477,0,0.0928477,0.371391,0,0.0928477,0,0,0,0,0.185695,0.278543,0.0928477,0.0928477,0,0.278543
0,0,0.109109,0.763763,0,0.218218,0,0,0,0.109109,0.109109,0,0.327327,0,0.109109,0,0.109109,0.109109,0,0.327327,0,0,0,0,0.109109,0,0,0,0.109109,0,0.109109,0,0,0,0,0,0,0.109109,0.109109,0,0.109109,0,0,0,0,0,0.109109,0,0,0
0,0,0,0,0,0.166667,0,0,0,0,0,0,0,0,0.166667,0,0.166667,0,0.5,0.166667,0,0,0.166667,0,0,0.166667,0,0,0,0,0,0,0,0,0,0.166667,0,0,0.166667,0,0,0,0,0.166667,0.5,0.333333,0.166667,0,0,0.333333
0.348155,0,0.522233,0,0,0.174078,0.174078,0,0,0,0,0,0,0.348155,0.174078,0,0,0.174078,0.174078,0,0,0,0,0,0.348155,0,0,0,0,0,0.174078,0,0,0,0,0,0,0.174078,0.174078,0.174078,0,0,0.174078,0,0.174078,0,0.174078,0,0,0
0,0,0.1,0.4,0,0.1,0,0,0,0.1,0,0,0.2,0.2,0,0.1,0,0,0.2,0.1,0,0,0.1,0.1,0.1,0.1,0,0,0,0,0.1,0,0,0,0.1,0.2,0,0,0.3,0.1,0,0.1,0,0,0,0.3,0,0.1,0,0.6
0,0,0,0.353553,0,0,0,0,0,0.176777,0,0,0.176777,0,0,0.176777,0,0,0,0,0.353553,0,0.176777,0.176777,0,0.176777,0,0,0,0,0,0.176777,0,0,0,0.353553,0.176777,0,0,0,0.176777,0,0,0,0,0,0.53033,0.176777,0,0.176777
0,0.140028,0,0,0.140028,0,0.140028,0,0.140028,0,0.140028,0,0.140028,0.280056,0,0,0.140028,0.280056,0,0.140028,0,0,0.140028,0,0,0.420084,0,0,0,0,0.280056,0,0,0,0.140028,0.280056,0.280056,0,0.420084,0.140028,0.140028,0,0,0,0.140028,0,0,0,0,0
0,0.116248,0.116248,0,0,0.116248,0.116248,0,0.116248,0.116248,0,0,0,0.348743,0,0.116248,0.232495,0.348743,0.116248,0.232495,0.116248,0,0.232495,0,0,0,0,0,0,0.116248,0,0,0,0,0,0.116248,0.232495,0,0,0.116248,0.348743,0,0.116248,0.116248,0,0,0.116248,0,0,0.464991
0.126491,0.0632456,0.379473,0,0,0.126491,0.126491,0,0.0632456,0,0.0632456,0,0.189737,0.632456,0.126491,0.0632456,0.126491,0,0.0632456,0.126491,0,0,0.0632456,0,0,0.126491,0,0,0,0.0632456,0.0632456,0,0,0,0.0632456,0.252982,0,0,0.126491,0.126491,0.189737,0,0.0632456,0,0.126491,0.126491,0.189737,0.0632456,0.252982,0
0,0,0,0.866025,0,0,0,0,0,0,0,0,0,0,0,0,0,0,0.288675,0,0,0,0,0,0.288675,0,0,0,0,0,0.288675,0,0,0,0,0,0,0,0,0,0,0,0,0,0,0,0,0,0,0
0.206559,0.10328,0.0516398,0,0.154919,0.258199,0.206559,0.10328,0.10328,0.154919,0.309839,0,0.206559,0.206559,0.154919,0.154919,0.206559,0.10328,0.154919,0.154919,0.10328,0.10328,0.0516398,0.0516398,0.10328,0.206559,0.0516398,0,0.0516398,0.0516398,0.258199,0,0.206559,0,0,0.154919,0.258199,0,0,0.0516398,0.154919,0,0.258199,0,0.10328,0.10328,0.10328,0.10328,0,0.10328
0,0,0,0.970143,0,0.16169,0,0,0,0,0,0,0,0,0,0.16169,0,0,0,0,0,0,0,0,0,0,0,0,0,0,0,0,0,0,0,0,0,0,0,0,0.0808452,0,0,0,0,0,0,0,0,0
0.230089,0.306786,0,0,0.0766965,0.153393,0.0766965,0.0766965,0,0.383482,0,0,0.153393,0.153393,0.0766965,0,0.0766965,0.153393,0,0.230089,0,0,0,0.0766965,0.153393,0.230089,0.0766965,0,0,0,0.0766965,0,0,0.0766965,0,0.153393,0.230089,0.153393,0.306786,0.230089,0.153393,0,0.230089,0.153393,0.0766965,0.153393,0.153393,0.0766965,0,0.153393
0,0,0,0.995893,0,0,0,0,0,0,0,0,0,0,0,0,0,0,0,0,0,0,0,0,0,0,0,0,0,0,0,0,0,0,0,0,0,0,0,0,0,0,0,0,0,0,0,0,0,0.0905357
0.272166,0,0.136083,0,0,0,0,0,0,0,0,0,0.272166,0.544331,0.136083,0,0.136083,0.136083,0,0.408248,0,0.136083,0,0,0,0,0,0,0,0,0.136083,0,0,0,0,0.136083,0.272166,0,0.136083,0,0.136083,0,0.272166,0.136083,0.136083,0,0.136083,0,0,0.136083
0.150756,0.150756,0.150756,0,0,0,0,0,0,0,0,0,0.150756,0.150756,0,0,0,0,0.150756,0.301511,0,0,0.301511,0,0.150756,0.150756,0,0,0,0,0.301511,0,0,0,0,0,0.301511,0,0.452267,0,0.150756,0,0,0,0.150756,0,0.150756,0,0.301511,0.301511
0.127,0,0,0,0.127,0.127,0,0,0,0,0.254,0,0.254,0,0,0.127,0.127,0,0.254,0.127,0,0.127,0,0,0,0.127,0,0,0,0,0.254,0,0,0,0,0,0.508001,0.508001,0.127,0,0.127,0,0.127,0,0,0,0.127,0.127,0,0.127
0.287348,0,0.574696,0,0,0,0,0,0,0.191565,0,0,0.0957826,0.287348,0.191565,0.0957826,0.0957826,0,0.191565,0.191565,0,0,0,0.0957826,0,0,0,0,0,0,0.191565,0.0957826,0,0,0,0.0957826,0.0957826,0.0957826,0.383131,0.0957826,0.191565,0,0,0,0.191565,0.0957826,0,0.0957826,0,0
0.151186,0,0.52915,0,0,0.0755929,0.151186,0,0,0.151186,0.151186,0,0.151186,0.151186,0.0755929,0.302372,0,0.302372,0.0755929,0,0.302372,0,0.151186,0,0,0.0755929,0,0,0,0.0755929,0.0755929,0,0.151186,0,0,0,0.151186,0.151186,0.226779,0.151186,0.0755929,0,0.151186,0.0755929,0,0.151186,0.0755929,0.151186,0,0.151186
0.208514,0.104257,0,0,0.312772,0,0.104257,0,0,0.208514,0.104257,0,0,0.208514,0,0,0,0.208514,0.104257,0.104257,0.104257,0,0.104257,0,0,0.208514,0,0,0,0,0,0,0,0,0,0,0.104257,0.104257,0.625543,0.208514,0,0,0.312772,0,0.104257,0,0.208514,0,0,0
0,0,0.225018,0,0.450035,0.112509,0.112509,0.112509,0,0.112509,0.112509,0,0,0.112509,0.225018,0,0.112509,0,0.112509,0,0.112509,0,0,0,0.112509,0.225018,0,0,0.112509,0,0.225018,0,0.112509,0,0,0.112509,0.337526,0,0,0,0.225018,0,0.225018,0,0.225018,0.225018,0.112509,0.225018,0,0.225018
0.185695,0.185695,0.185695,0,0,0,0,0,0,0,0,0,0,0,0,0.371391,0.185695,0.185695,0.185695,0,0,0,0,0.185695,0,0,0,0,0,0,0.185695,0,0,0,0.185695,0.185695,0.185695,0,0.185695,0,0.185695,0,0,0,0.371391,0,0.371391,0,0,0.371391
0.147442,0.184302,0.184302,0,0.073721,0.110581,0.110581,0.0368605,0.073721,0.258023,0.110581,0,0.0368605,0.110581,0.110581,0.0368605,0.147442,0.147442,0.073721,0.073721,0.0368605,0.221163,0,0.073721,0.221163,0.221163,0.0368605,0.073721,0.073721,0.073721,0.221163,0.110581,0.0368605,0.110581,0.110581,0,0.368605,0.110581,0.442326,0.147442,0.184302,0.073721,0.0368605,0.073721,0.110581,0.110581,0.073721,0.110581,0,0.0368605
0.206637,0.0688791,0.229597,0,0.160718,0.114799,0.160718,0.0918388,0.0459194,0.183678,0.0459194,0,0.137758,0.229597,0.160718,0.160718,0.252557,0.160718,0.183678,0.206637,0.160718,0.0229597,0.137758,0.206637,0.160718,0.229597,0.0459194,0,0,0.0459194,0.137758,0.0918388,0.0918388,0.0459194,0.0688791,0.137758,0.183678,0.0918388,0.252557,0.137758,0.0459194,0.0918388,0.0229597,0.137758,0.114799,0.114799,0.183678,0.206637,0.0229597,0.0918388
0.138702,0.198146,0.25759,0,0.118888,0.0792584,0.0594438,0.099073,0.0396292,0.0792584,0.0594438,0,0.217961,0.178331,0.138702,0.217961,0.198146,0.178331,0.158517,0.217961,0.0198146,0.099073,0.118888,0.217961,0.0594438,0.277405,0.0396292,0.0396292,0,0.0198146,0.0792584,0.0198146,0.0594438,0.0594438,0,0.138702,0.277405,0.158517,0.198146,0.099073,0.099073,0.0594438,0.099073,0.118888,0.138702,0.198146,0.158517,0.0594438,0.138702,0.237775
0.318328,0.0749006,0.149801,0,0.205977,0.0749006,0.0374503,0.131076,0.0374503,0.131076,0.112351,0,0.280877,0.337053,0.168526,0.0936257,0.168526,0.187251,0.131076,0.0936257,0.0561754,0.0374503,0.0936257,0.112351,0.0749006,0.205977,0.0936257,0.0374503,0.0187251,0.0749006,0.149801,0.112351,0.0187251,0.0936257,0.0187251,0.168526,0.187251,0.187251,0.262152,0.112351,0.112351,0.0374503,0.149801,0.0936257,0.131076,0.131076,0.0749006,0.168526,0.0561754,0.149801
0.236525,0.0591312,0.0591312,0,0.147828,0.118262,0.0886969,0.0295656,0.0886969,0.118262,0.0591312,0,0.206959,0.236525,0.0886969,0.147828,0.0295656,0.118262,0.295656,0.147828,0.0295656,0.0886969,0.236525,0.118262,0.118262,0.266091,0.0591312,0.0591312,0.0591312,0.147828,0.177394,0.177394,0.0295656,0.0591312,0.0295656,0.118262,0.236525,0.266091,0.147828,0.0295656,0.206959,0.0295656,0.118262,0.0886969,0.0886969,0.118262,0.236525,0.147828,0.0886969,0.118262
0.130466,0.130466,0.0326164,0,0.163082,0.163082,0.130466,0.0652328,0.130466,0.293548,0.0326164,0,0.195698,0.195698,0.195698,0.228315,0.130466,0.326164,0.130466,0.0978492,0.0978492,0.195698,0.195698,0.195698,0.130466,0.163082,0,0.0652328,0.130466,0.130466,0.0978492,0.0326164,0,0,0.0326164,0.163082,0.163082,0.0652328,0.130466,0.228315,0.0978492,0,0.130466,0.163082,0.0652328,0.0978492,0.163082,0.163082,0,0.0652328
0.274721,0,0.137361,0,0,0,0.137361,0,0,0,0,0,0,0.412082,0.274721,0,0,0.274721,0,0,0,0,0,0.137361,0.137361,0.137361,0,0,0,0,0.137361,0,0,0,0,0,0.412082,0.137361,0.412082,0.274721,0,0,0,0.137361,0,0.137361,0,0,0,0.137361
0.196116,0.065372,0.196116,0,0.196116,0.065372,0.065372,0.065372,0.196116,0,0.065372,0,0.261488,0.32686,0.065372,0.130744,0.261488,0.196116,0,0.196116,0.065372,0.130744,0.130744,0.130744,0.130744,0.130744,0,0,0.065372,0,0.261488,0,0.065372,0.065372,0,0.130744,0.065372,0,0.261488,0.065372,0.196116,0.065372,0.065372,0.130744,0.130744,0.130744,0.196116,0.065372,0.196116,0.196116
0,0,0.34641,0,0,0,0.11547,0,0,0.23094,0.11547,0,0,0.57735,0.11547,0.11547,0.23094,0,0.11547,0,0.11547,0,0.11547,0,0,0,0,0,0,0,0,0,0,0.11547,0,0,0.34641,0.34641,0.11547,0,0.11547,0,0.11547,0,0,0.11547,0.11547,0.11547,0.11547,0
0.295689,0,0.147844,0,0.0739221,0,0.295689,0,0,0.147844,0,0,0.221766,0.369611,0.0739221,0,0.0739221,0.221766,0.147844,0,0,0,0.147844,0.147844,0,0.147844,0,0,0,0.0739221,0.369611,0,0,0.0739221,0,0.147844,0.0739221,0.147844,0.295689,0.221766,0,0,0,0.0739221,0.221766,0.0739221,0,0,0,0.221766
0.142134,0.213201,0.142134,0,0.142134,0.0710669,0,0,0,0.0710669,0.142134,0,0.0710669,0.0710669,0.213201,0.142134,0.284268,0,0.0710669,0.284268,0.0710669,0.142134,0.0710669,0.142134,0.0710669,0.142134,0,0,0.0710669,0,0.213201,0.0710669,0,0,0,0.142134,0.355335,0,0.497468,0.142134,0.0710669,0.142134,0.0710669,0,0.142134,0.0710669,0.142134,0,0,0
0,0,0.0957826,0,0.0957826,0.191565,0,0,0,0.191565,0,0,0.0957826,0.287348,0.0957826,0.0957826,0.0957826,0.0957826,0,0,0.0957826,0.0957826,0.191565,0,0.0957826,0.191565,0,0,0,0,0.574696,0,0,0.0957826,0,0.191565,0.191565,0,0.383131,0,0.0957826,0,0.191565,0,0.0957826,0.191565,0.0957826,0.0957826,0,0.0957826
0.152499,0,0.152499,0,0,0,0,0.304997,0,0,0,0,0.152499,0,0,0,0,0,0.304997,0.304997,0,0.152499,0.457496,0,0,0.152499,0,0,0,0,0,0.152499,0,0,0,0,0.304997,0.304997,0.152499,0.152499,0,0,0,0,0.152499,0.152499,0.304997,0,0,0
0,0.171499,0,0,0.171499,0,0,0,0,0.342997,0,0,0,0,0,0,0,0,0.685994,0,0,0,0.171499,0,0,0.342997,0,0,0,0,0.171499,0,0,0,0,0.171499,0.342997,0,0,0,0.171499,0,0,0,0,0,0,0,0,0
0.242536,0,0,0,0,0,0,0,0,0.242536,0,0,0.727607,0,0,0,0,0,0,0,0,0,0.242536,0,0,0.242536,0,0,0,0,0,0,0,0,0,0,0,0,0,0,0,0,0.242536,0.242536,0.242536,0,0,0,0,0.242536
0,0,0,0,0,0,0,0,0,0,0,0,0,0,0,0,0,0,0,0,0,0,0,0,0,0,0,0,0,0,0,0,0,0,0,0,0,0,0,0,0,0,0,0,0,0,0,0,0,0
0.272166,0.136083,0.136083,0,0.408248,0.408248,0.136083,0,0,0.136083,0,0,0,0,0.272166,0,0,0,0.272166,0,0.136083,0,0,0,0,0.136083,0,0,0.136083,0,0,0,0,0,0.136083,0,0.272166,0,0.272166,0,0.136083,0,0.136083,0,0.136083,0,0,0.136083,0,0.272166
0,0.131306,0.131306,0,0.131306,0,0.131306,0,0,0.262613,0.131306,0,0.131306,0,0.131306,0,0.131306,0.131306,0.131306,0.131306,0,0,0.131306,0.131306,0,0.262613,0,0,0,0,0.525226,0.131306,0,0.131306,0,0.131306,0,0,0.131306,0.262613,0,0,0.131306,0.131306,0.131306,0,0.131306,0,0,0.393919
0,0.13393,0.200895,0,0,0,0.13393,0,0.066965,0.13393,0.066965,0,0.200895,0.468755,0.066965,0,0.200895,0.066965,0.13393,0.26786,0.066965,0,0.200895,0.200895,0.066965,0.200895,0,0,0,0.066965,0.26786,0.066965,0.066965,0.066965,0,0.26786,0.26786,0.13393,0.066965,0.200895,0,0,0.066965,0,0,0.200895,0.13393,0.066965,0,0.066965
0.353553,0.117851,0.235702,0,0.235702,0.235702,0.117851,0,0,0.117851,0,0,0.117851,0.117851,0,0,0.117851,0.471405,0.235702,0.117851,0.117851,0,0.117851,0.117851,0.117851,0.117851,0,0,0,0,0.117851,0,0,0,0,0.117851,0.235702,0.117851,0.117851,0,0,0,0.117851,0,0.117851,0,0,0,0,0.353553
0,0,0,0,0.359211,0,0,0,0,0,0,0,0.359211,0.179605,0.359211,0.179605,0,0,0.179605,0,0.179605,0,0.179605,0,0,0.179605,0,0,0,0,0,0,0,0,0,0.179605,0.179605,0,0,0,0.179605,0,0,0,0.179605,0,0,0,0,0.538816
0,0.193347,0.290021,0,0.0966736,0,0.0966736,0.290021,0.0966736,0.193347,0,0,0,0.0966736,0,0.193347,0,0,0.0966736,0.0966736,0.0966736,0,0.0966736,0.193347,0.0966736,0.290021,0,0,0,0.0966736,0.193347,0.0966736,0,0,0,0,0.290021,0.0966736,0.483368,0.290021,0,0,0.193347,0,0,0,0,0,0,0.0966736
0.154303,0.154303,0.385758,0,0.231455,0.0771517,0,0,0,0,0.154303,0,0.154303,0.154303,0.0771517,0.0771517,0,0.154303,0.154303,0.308607,0.0771517,0,0.231455,0.0771517,0.154303,0,0.0771517,0,0,0,0.0771517,0,0,0.0771517,0,0.154303,0.154303,0.0771517,0.154303,0.231455,0.0771517,0.154303,0.154303,0.308607,0.154303,0.0771517,0.0771517,0.308607,0,0
0.150329,0.0751646,0.300658,0,0,0,0.150329,0,0.150329,0.225494,0,0,0.0751646,0.300658,0.150329,0.150329,0.150329,0.150329,0.300658,0,0.225494,0,0,0,0.0751646,0.0751646,0,0,0,0,0.0751646,0.0751646,0.0751646,0.150329,0,0,0.150329,0.375823,0.150329,0.0751646,0.0751646,0,0.0751646,0.0751646,0.225494,0.225494,0.0751646,0,0,0.300658
0.390567,0.195283,0.130189,0,0.195283,0.130189,0,0.0650945,0,0.130189,0,0,0.260378,0.195283,0,0.0650945,0.130189,0.130189,0.260378,0.130189,0.130189,0,0.130189,0.195283,0.0650945,0.325472,0,0.0650945,0,0.0650945,0.0650945,0.130189,0.130189,0,0,0,0.260378,0,0.130189,0.130189,0.0650945,0,0.130189,0,0.0650945,0.0650945,0.130189,0.260378,0.0650945,0.195283
0.323381,0,0.0808452,0,0.16169,0.0808452,0.0808452,0,0,0,0,0,0.0808452,0.16169,0.16169,0,0.0808452,0.16169,0.0808452,0.16169,0.0808452,0,0.323381,0,0,0.242536,0.0808452,0,0,0.0808452,0.16169,0.0808452,0,0.0808452,0.0808452,0,0.323381,0.0808452,0.323381,0.404226,0,0,0.16169,0,0.16169,0.242536,0,0,0,0.0808452
0.133038,0.133038,0.133038,0,0.133038,0.066519,0,0.066519,0,0.133038,0,0,0.066519,0.266076,0.066519,0.133038,0.133038,0.066519,0.266076,0.199557,0.133038,0,0.133038,0.332595,0.133038,0.066519,0,0,0,0,0.066519,0,0,0,0.066519,0.199557,0.465633,0,0.199557,0.133038,0.133038,0,0.199557,0,0.199557,0.066519,0.066519,0.066519,0,0.266076
0.223258,0.0558146,0.223258,0,0.279073,0.0558146,0,0.111629,0.111629,0.111629,0.0558146,0,0.111629,0.167444,0.167444,0.111629,0.0558146,0.167444,0.390702,0.0558146,0.0558146,0,0,0.0558146,0.0558146,0.0558146,0.0558146,0,0,0,0.223258,0.111629,0,0.111629,0,0.167444,0.334887,0.223258,0.111629,0.0558146,0.223258,0.0558146,0.279073,0.167444,0.111629,0.111629,0.111629,0.111629,0,0.0558146
0.281272,0.112509,0.225018,0,0.168763,0,0.281272,0,0.112509,0.112509,0.0562544,0,0.168763,0.393781,0.0562544,0.0562544,0.112509,0.112509,0.281272,0.112509,0.112509,0,0.112509,0.225018,0.0562544,0.168763,0,0,0,0.112509,0,0,0,0,0,0.112509,0.337526,0.0562544,0.281272,0,0.0562544,0,0.112509,0,0,0.168763,0.112509,0,0,0.168763
0.328798,0,0,0,0.164399,0,0,0,0,0,0,0,0.164399,0,0,0.164399,0.164399,0,0.164399,0.493197,0,0,0,0.164399,0,0.328798,0,0,0,0,0,0,0.164399,0.164399,0,0.328798,0.164399,0.164399,0,0,0,0,0.164399,0,0,0.328798,0,0,0,0.164399
0.104828,0,0.209657,0,0,0.209657,0,0,0.209657,0,0.104828,0,0,0.104828,0,0,0,0.209657,0.104828,0.104828,0.104828,0,0.104828,0,0.104828,0,0,0,0,0,0.419314,0,0,0,0,0,0.314485,0,0.524142,0.104828,0,0.104828,0,0,0.314485,0,0.209657,0,0.104828,0.104828
0,0,0,0,0,0,0,0,0,0,0,0,0.316228,0.316228,0,0,0,0,0,0,0,0,0,0,0,0,0,0,0,0,0,0,0,0,0,0,0.316228,0,0.316228,0,0,0,0,0,0.316228,0,0.316228,0,0,0.632456
0.188982,0,0,0,0.188982,0,0,0,0,0.188982,0,0,0.377964,0.566947,0,0,0,0,0,0.188982,0,0,0,0,0.188982,0,0,0,0,0,0.377964,0,0,0,0,0.188982,0,0,0,0.377964,0,0,0,0,0,0,0,0.188982,0,0
0,0,0,0,0,0,0,0,0,0,0,0,0.27735,0.27735,0,0,0,0.27735,0,0,0,0,0,0,0.27735,0,0,0,0,0,0.5547,0,0,0,0,0,0.27735,0,0,0,0,0,0,0,0,0,0,0.5547,0,0
0,0,0,0,0,0,0,0,0,0,0,0,0,0,0,0,0,0,0,0.57735,0,0,0,0,0.57735,0,0,0,0,0,0,0,0,0,0,0,0,0,0,0,0.57735,0,0,0,0,0,0,0,0,0
0,0,0.223607,0,0,0.223607,0,0,0,0.223607,0,0,0,0,0,0,0.447214,0,0.223607,0.223607,0,0,0.223607,0.223607,0,0,0,0,0,0,0,0,0,0,0,0,0.447214,0.223607,0.223607,0.223607,0,0,0,0,0.223607,0.223607,0,0,0,0
0,0,0,0.87519,0.145865,0,0.145865,0,0,0.145865,0,0,0,0,0,0,0.145865,0,0,0,0,0,0,0,0,0.145865,0,0,0,0,0.145865,0,0,0,0,0,0,0,0.145865,0,0,0,0,0,0.145865,0,0.145865,0.145865,0.145865,0
0,0,0,0,0,0.2,0,0,0,0,0,0,0,0.6,0,0,0,0,0.2,0,0,0,0,0,0,0,0,0,0,0,0.4,0,0,0,0,0,0,0.2,0.4,0,0,0,0,0.2,0,0,0,0,0,0.4
0,0,0.144338,0,0.144338,0.144338,0.144338,0,0,0.288675,0.144338,0,0.144338,0.57735,0.144338,0,0.144338,0,0.288675,0,0,0,0.288675,0.144338,0,0.144338,0,0,0,0,0,0,0,0,0,0,0,0,0.288675,0,0,0.144338,0.144338,0.144338,0,0.144338,0.144338,0.144338,0,0
0.267261,0,0.267261,0.267261,0,0,0,0,0,0.267261,0.267261,0,0,0.267261,0,0,0,0,0.267261,0.267261,0,0,0,0,0.534522,0,0,0,0,0,0,0,0,0,0,0,0.267261,0,0.267261,0,0,0,0,0,0,0,0,0,0,0
0,0,0,0,0,0,0,0,0,0,0,0,0,0.333333,0,0,0,0,0,0,0,0,0,0,0,0,0,0,0,0,0,0,0,0,0,0.666667,0,0,0.666667,0,0,0,0,0,0,0,0,0,0,0
0,0.301511,0.301511,0,0,0.301511,0,0,0,0,0,0,0,0.301511,0,0.301511,0,0,0.301511,0,0,0,0,0.301511,0,0,0,0,0,0,0,0,0,0,0,0,0,0.301511,0.301511,0,0.301511,0,0,0,0,0.301511,0,0,0,0
0,0,0,0,0,0,0,0,0,0,0,0,0,0,0,0,0,0,0,1,0,0,0,0,0,0,0,0,0,0,0,0,0,0,0,0,0,0,0,0,0,0,0,0,0,0,0,0,0,0
0.176166,0.117444,0.29361,0.29361,0.058722,0.176166,0,0,0,0.176166,0.117444,0,0.058722,0.29361,0,0.117444,0.29361,0.176166,0.176166,0.176166,0.058722,0,0.058722,0.117444,0.176166,0.234888,0,0,0,0,0.234888,0,0,0,0,0.117444,0.058722,0.176166,0.058722,0.29361,0.117444,0,0.176166,0,0.117444,0.176166,0,0.117444,0.058722,0.117444
0.158114,0,0.0790569,0.395285,0.158114,0.237171,0.0790569,0,0,0.0790569,0.158114,0,0.0790569,0.395285,0,0,0.0790569,0,0.395285,0,0.158114,0,0.0790569,0.0790569,0,0.158114,0,0,0,0,0,0.0790569,0,0,0,0.0790569,0.316228,0.0790569,0,0.0790569,0,0,0,0,0.158114,0.158114,0.0790569,0.158114,0,0.316228
0.180579,0,0,0.180579,0.0601929,0.180579,0,0,0,0.0601929,0.0601929,0,0.601929,0.180579,0,0,0,0.0601929,0.300965,0.0601929,0,0,0.0601929,0.0601929,0,0.240772,0,0,0,0,0.481543,0,0,0,0,0,0.240772,0.180579,0.0601929,0,0,0,0,0,0,0,0.0601929,0.0601929,0,0
0,0,0.208514,0,0,0,0,0,0,0,0,0,0,0,0.208514,0.208514,0.208514,0,0,0,0,0,0,0,0,0,0,0,0,0,0.208514,0,0,0,0,0,0.208514,0.208514,0.417029,0.208514,0,0,0.625543,0,0.208514,0,0.208514,0,0,0
0,0,0.288675,0.57735,0,0,0,0,0,0,0,0,0,0.57735,0,0,0,0,0,0,0,0,0,0,0,0,0,0,0,0,0,0,0,0,0,0,0.288675,0.288675,0.288675,0,0,0,0,0,0,0,0,0,0,0
0,0,0,0.408248,0,0,0,0,0,0,0,0,0,0.612372,0,0,0.204124,0,0,0,0,0,0,0,0,0.408248,0,0,0,0,0,0,0,0,0,0,0.408248,0.204124,0.204124,0,0,0,0,0,0,0,0,0,0,0
0.25,0,0.25,0,0,0,0.25,0,0,0.25,0,0,0.25,0,0.25,0,0,0.25,0,0,0.25,0,0,0,0,0,0.25,0,0,0,0,0,0.25,0,0,0,0,0,0.5,0.25,0.25,0,0,0,0,0,0,0,0,0
0.4,0,0.2,0,0,0,0.2,0,0.2,0.2,0.2,0,0.4,0,0,0,0.2,0,0.2,0,0,0,0,0,0,0.4,0,0.2,0,0.2,0,0,0,0.2,0,0,0,0,0,0.2,0,0,0,0,0,0.2,0,0.2,0,0
0.212,0,0.423999,0,0,0,0.317999,0.106,0.106,0.106,0.212,0,0.212,0,0,0.106,0.212,0.212,0.106,0.212,0,0.106,0,0.106,0,0.212,0,0.106,0,0.106,0.106,0,0.317999,0,0,0,0.212,0,0.212,0.106,0,0,0.106,0,0,0.106,0.106,0.212,0,0.106
0,0,0,0,0,0,0.707107,0,0,0,0,0,0,0,0,0,0,0,0.353553,0.353553,0,0,0,0,0.353553,0,0,0,0,0,0,0,0,0,0,0,0,0,0,0,0,0,0,0,0,0,0,0,0,0.353553
0,0,0,0,0,0,0,0,0,0,0,0,0,0,0,0,0.5,0.5,0,0,0,0,0,0,0,0,0,0,0,0,0,0,0,0,0,0,0.5,0.5,0,0,0,0,0,0,0,0,0,0,0,0
0,0,0,0,0,0,0,0,0,0,0,0,0,0.447214,0,0,0,0,0,0.447214,0,0,0,0,0,0.447214,0,0,0,0,0.447214,0,0,0,0,0,0,0,0.447214,0,0,0,0,0,0,0,0,0,0,0
0,0,0,0,0,0,0,0,0,0,0,0,0.223607,0.223607,0,0.223607,0,0.223607,0.447214,0,0,0,0.223607,0,0,0.223607,0,0,0,0,0,0,0,0,0,0.223607,0.223607,0.223607,0.447214,0,0.223607,0,0,0,0,0,0,0.223607,0,0.223607
0,0,0,0,0,0,0,0,0,0,0,0,0,0,0,0.707107,0,0,0,0,0,0,0,0,0,0,0,0,0,0,0,0,0,0,0,0,0,0,0.707107,0,0,0,0,0,0,0,0,0,0,0
0,0.447214,0,0,0,0,0,0,0,0,0.447214,0,0.447214,0,0,0,0,0,0,0,0,0,0,0.447214,0.447214,0,0,0,0,0,0,0,0,0,0,0,0,0,0,0,0,0,0,0,0,0,0,0,0,0
0.111803,0,0,0,0,0.111803,0,0,0,0.111803,0,0,0.111803,0.559017,0.111803,0.111803,0,0,0,0,0.223607,0,0.111803,0.111803,0,0,0,0,0,0,0.33541,0,0,0,0.111803,0.223607,0.33541,0,0,0,0.223607,0,0.111803,0,0.33541,0.223607,0.111803,0.111803,0,0
0.0753778,0,0.0753778,0,0,0,0.150756,0,0,0.0753778,0.226134,0,0.0753778,0.376889,0.150756,0.301511,0.0753778,0.226134,0.150756,0.301511,0,0.150756,0.150756,0,0.150756,0.150756,0,0,0,0,0.226134,0.0753778,0,0,0,0.226134,0.226134,0.150756,0.226134,0,0.150756,0.0753778,0.0753778,0.0753778,0.0753778,0.0753778,0.226134,0,0,0.226134
0.353553,0,0.353553,0.353553,0,0,0,0,0,0,0,0,0,0,0,0,0,0,0,0,0,0,0.353553,0,0.353553,0,0,0,0,0,0.353553,0,0,0,0,0.353553,0,0.353553,0,0,0,0,0,0,0,0,0,0,0,0
0.213201,0,0.142134,0.142134,0.355335,0,0.0710669,0,0,0.142134,0.355335,0,0.142134,0.213201,0.213201,0.0710669,0.213201,0.213201,0.213201,0.142134,0.0710669,0.0710669,0.0710669,0.0710669,0.0710669,0.284268,0,0,0,0,0.142134,0,0,0,0,0.0710669,0.213201,0.142134,0,0.142134,0.0710669,0,0,0.0710669,0,0,0.213201,0.213201,0,0.213201
0.119523,0.119523,0.179284,0.358569,0.119523,0.179284,0,0,0,0.0597614,0,0,0.298807,0.298807,0,0.0597614,0,0.298807,0.298807,0.239046,0.179284,0.0597614,0,0.0597614,0.239046,0.179284,0,0,0,0,0.119523,0,0,0.0597614,0,0.0597614,0.119523,0,0.0597614,0.119523,0.179284,0.119523,0.0597614,0.0597614,0,0.0597614,0.119523,0,0,0.298807
0.253546,0,0.0845154,0.338062,0.0845154,0.0845154,0.0845154,0,0,0.169031,0,0,0.0845154,0.169031,0.0845154,0.0845154,0.253546,0.169031,0.169031,0.338062,0,0,0.0845154,0.169031,0.0845154,0.253546,0,0,0,0,0.338062,0.0845154,0,0,0,0.0845154,0.169031,0.169031,0.0845154,0,0.169031,0,0,0,0.169031,0.169031,0.169031,0,0,0.253546
0,0,0,0.5547,0,0.27735,0,0,0,0.27735,0,0,0,0.27735,0,0,0.27735,0,0,0,0,0,0,0,0,0.27735,0,0,0,0,0,0,0,0,0,0.27735,0,0.27735,0,0.27735,0,0,0,0,0,0,0,0.27735,0,0
0.308607,0,0.46291,0,0.154303,0.154303,0,0,0,0.154303,0,0,0,0.308607,0.154303,0,0.46291,0.308607,0,0,0,0,0,0,0,0.154303,0,0,0,0,0,0,0,0,0,0,0.154303,0.154303,0,0.308607,0,0,0,0,0,0,0.154303,0,0,0
0.117444,0.058722,0.176166,0,0.117444,0.058722,0.117444,0.29361,0,0.234888,0.058722,0.176166,0,0.234888,0.234888,0,0.117444,0.117444,0.117444,0.058722,0,0.117444,0.117444,0.117444,0.176166,0.176166,0.117444,0.234888,0.117444,0.117444,0.176166,0.058722,0.117444,0.176166,0.176166,0.117444,0.234888,0.058722,0,0.176166,0,0.176166,0.234888,0.117444,0.117444,0.117444,0.176166,0.058722,0.117444,0
0.396297,0,0.113228,0,0.339683,0.0566139,0.226455,0.339683,0.0566139,0.113228,0,0.0566139,0.0566139,0.113228,0.396297,0.0566139,0.113228,0.169842,0,0,0.0566139,0,0.113228,0.283069,0,0,0.113228,0.226455,0.0566139,0.113228,0,0.113228,0.113228,0.113228,0.113228,0.169842,0,0.0566139,0.0566139,0.0566139,0,0.0566139,0.0566139,0.0566139,0,0.113228,0.113228,0.0566139,0.0566139,0
0.57735,0,0,0,0.288675,0,0,0,0,0,0,0,0,0,0,0,0,0,0.288675,0,0,0,0,0.288675,0,0,0,0,0,0,0,0,0,0,0,0.57735,0,0,0,0.288675,0,0,0,0,0,0,0,0,0,0
0,0,0.19245,0,0,0,0,0,0,0,0.19245,0,0.19245,0,0,0.19245,0.19245,0.19245,0,0,0,0,0,0,0,0.19245,0,0,0,0,0.19245,0,0,0,0,0,0,0.57735,0.19245,0.19245,0,0,0.19245,0,0.19245,0.19245,0.19245,0,0,0.3849
0.242536,0,0,0,0.363803,0,0.242536,0.121268,0,0.121268,0.121268,0,0.121268,0.242536,0.121268,0.121268,0,0.121268,0,0.121268,0.242536,0,0,0.121268,0.242536,0,0,0,0,0,0.121268,0,0,0,0,0.242536,0.242536,0.363803,0.363803,0,0,0,0,0.121268,0,0,0,0.121268,0,0.121268
0.128037,0,0.256074,0,0.256074,0.128037,0,0,0,0,0,0,0.128037,0.512148,0,0,0.128037,0.128037,0,0,0,0,0.128037,0.128037,0.128037,0.128037,0,0,0,0,0,0,0,0,0,0,0.640184,0,0.128037,0,0,0,0.128037,0,0,0,0,0,0,0.128037
0.121547,0.0607737,0.0607737,0.0303869,0.0303869,0.0911606,0.0911606,0.273482,0.182321,0.0911606,0.0911606,0.0303869,0.121547,0.0303869,0.121547,0.151934,0,0.0911606,0.0911606,0,0.151934,0.212708,0.0911606,0.0911606,0.0607737,0.151934,0.0911606,0.212708,0.303869,0.182321,0.0607737,0.182321,0.121547,0.151934,0.273482,0.0911606,0.0911606,0.182321,0.0607737,0.151934,0.151934,0.273482,0.273482,0.0607737,0.121547,0.0911606,0.0911606,0.151934,0.0303869,0.121547
0.0212095,0.084838,0.042419,0.0636285,0.084838,0.042419,0.127257,0.190885,0.127257,0.0212095,0.0636285,0.466609,0,0.042419,0.042419,0.042419,0,0.0636285,0.0636285,0.0636285,0.106047,0.148466,0.106047,0,0.106047,0.0636285,0.212095,0.318142,0.169676,0.233304,0.042419,0.106047,0.106047,0.106047,0.127257,0,0.106047,0.106047,0.042419,0.0212095,0.127257,0.233304,0.190885,0.0212095,0.084838,0.0212095,0.148466,0.042419,0.40298,0.042419
0,0,0.258199,0,0,0,0,0,0,0,0,0,0,0,0,0,0,0.258199,0.516398,0.258199,0,0,0,0,0,0,0,0,0,0,0,0,0,0,0,0,0,0.516398,0,0,0,0,0,0,0,0,0,0,0.516398,0
0,0,0,1,0,0,0,0,0,0,0,0,0,0,0,0,0,0,0,0,0,0,0,0,0,0,0,0,0,0,0,0,0,0,0,0,0,0,0,0,0,0,0,0,0,0,0,0,0,0
0,0,0,0.985329,0,0,0,0,0,0,0,0,0,0,0.0985329,0,0,0,0,0,0,0,0.0985329,0,0,0,0,0,0,0,0,0,0,0,0,0,0,0,0,0.0985329,0,0,0,0,0,0,0,0,0,0
0,0,0,0,0,0.223607,0.223607,0,0,0,0.223607,0,0.223607,0,0,0.223607,0,0,0.223607,0.223607,0,0,0.447214,0,0,0,0,0,0,0,0.447214,0,0,0,0,0,0.223607,0.223607,0,0,0,0.223607,0,0,0.223607,0.223607,0,0,0,0
0.125491,0.0627456,0.125491,0,0.250982,0.125491,0,0,0,0,0,0.125491,0.250982,0.313728,0.125491,0.188237,0.0627456,0.0627456,0.125491,0.0627456,0,0.125491,0.0627456,0.125491,0.188237,0.0627456,0.0627456,0.188237,0,0.188237,0.125491,0.125491,0.125491,0.125491,0,0,0.439219,0.125491,0.125491,0.188237,0.188237,0,0.313728,0.0627456,0.0627456,0.0627456,0.0627456,0,0.0627456,0.0627456
0,0,0.26968,0,0,0.26968,0,0,0,0.13484,0.13484,0,0.40452,0.26968,0,0.13484,0,0,0.26968,0.13484,0.13484,0,0,0,0,0.13484,0,0,0,0,0,0,0,0,0,0.13484,0.26968,0.13484,0.26968,0,0.13484,0,0.26968,0,0,0,0.26968,0.13484,0,0.26968
0,0,0,0,0,0,0,0,0,0,0,0,0,0.447214,0,0,0,0.447214,0,0,0,0,0,0,0,0.447214,0,0,0,0,0,0,0,0,0,0.447214,0,0.447214,0,0,0,0,0,0,0,0,0,0,0,0
0,0,0,0,0,0.333333,0,0,0,0,0.333333,0,0,0.333333,0.333333,0,0.333333,0,0,0,0,0,0.333333,0,0.333333,0,0,0,0,0,0,0,0,0,0,0,0,0,0.333333,0,0,0,0,0,0,0,0,0,0,0.333333
0.0953463,0.0953463,0.0953463,0,0,0.190693,0.190693,0,0.0953463,0.0953463,0.190693,0,0.0953463,0.286039,0.286039,0,0.0953463,0.0953463,0,0.0953463,0,0,0,0,0.190693,0.190693,0,0,0,0,0.286039,0,0,0,0,0.0953463,0.381385,0.0953463,0.381385,0.286039,0,0,0.0953463,0.190693,0.0953463,0,0.0953463,0.190693,0,0
0.188982,0,0,0,0,0.755929,0,0,0,0,0.188982,0,0.188982,0.188982,0,0.188982,0,0,0,0,0,0,0,0,0.188982,0,0,0,0,0,0,0,0,0,0,0,0,0,0,0,0,0,0,0,0,0.188982,0,0.188982,0.377964,0
0.108306,0.144408,0.198561,0.018051,0.126357,0.054153,0.072204,0.198561,0.270765,0.108306,0.072204,0.108306,0.0902551,0.126357,0.108306,0.108306,0.072204,0.0902551,0.036102,0.018051,0.18051,0.234663,0.0902551,0.036102,0.108306,0.0902551,0.18051,0.234663,0.18051,0.252714,0,0.108306,0.198561,0.0902551,0.216612,0.126357,0.054153,0.108306,0.072204,0.18051,0.036102,0.324918,0.144408,0.072204,0.162459,0.072204,0.018051,0.162459,0.144408,0.108306
0.113961,0.227921,0.170941,0,0.0569803,0.0569803,0,0.0569803,0.170941,0.170941,0,0,0.170941,0.227921,0.170941,0.0569803,0.113961,0.0569803,0.170941,0.113961,0,0.284901,0.227921,0,0.0569803,0.113961,0.170941,0.113961,0.227921,0.227921,0.0569803,0.113961,0.113961,0.113961,0.113961,0.170941,0.170941,0.0569803,0.170941,0.113961,0,0.170941,0.284901,0.170941,0.113961,0.0569803,0.113961,0.113961,0,0.170941
0,0,0.124757,0.187135,0.0623783,0.187135,0.0623783,0.187135,0.187135,0,0,0.37427,0,0.124757,0,0.0623783,0.187135,0.124757,0,0.124757,0.124757,0.249513,0,0.0623783,0.124757,0.0623783,0.124757,0.311891,0.187135,0.124757,0.0623783,0.187135,0.187135,0,0.249513,0.124757,0.0623783,0.0623783,0,0.124757,0,0.311891,0.0623783,0.124757,0.124757,0,0.0623783,0,0.187135,0
0.0894427,0,0.357771,0,0.357771,0.0894427,0,0,0.0894427,0,0.268328,0,0.268328,0,0.0894427,0,0.0894427,0.0894427,0.0894427,0,0.0894427,0,0.268328,0.268328,0,0.178885,0.0894427,0,0,0,0.0894427,0,0,0,0.0894427,0.0894427,0.447214,0.0894427,0.268328,0,0.0894427,0,0.0894427,0,0,0,0.0894427,0.0894427,0.0894427,0.0894427
0.0649913,0.0649913,0.259965,0,0.0974869,0.0649913,0.227469,0.0649913,0.357452,0.194974,0,0.0649913,0.0974869,0.162478,0.194974,0.129983,0,0.259965,0.129983,0.0974869,0.129983,0.129983,0.0974869,0,0.0324956,0.129983,0.0974869,0.129983,0.162478,0.162478,0.0974869,0.0649913,0.259965,0.0974869,0.129983,0.0324956,0.227469,0.0649913,0.129983,0.0649913,0.259965,0.162478,0.194974,0.0324956,0.129983,0.0649913,0.0974869,0.0649913,0.0324956,0.0649913
0.203069,0.101535,0,0,0.101535,0.101535,0.101535,0.203069,0.101535,0.406138,0,0,0,0,0.203069,0.101535,0.304604,0.101535,0,0,0,0.101535,0,0,0.101535,0.101535,0.101535,0,0,0,0.304604,0.101535,0,0,0,0.101535,0.203069,0,0.203069,0,0.101535,0,0.101535,0.304604,0.101535,0,0.304604,0.203069,0.101535,0.203069
0.217072,0.0723575,0,0.0723575,0.144715,0.144715,0.0723575,0.144715,0.144715,0.0723575,0.144715,0.0723575,0.361787,0.0723575,0.217072,0.0723575,0.217072,0.144715,0,0.361787,0,0.144715,0.0723575,0.144715,0,0.217072,0,0,0.0723575,0,0.0723575,0.0723575,0.144715,0,0,0.28943,0.144715,0.0723575,0.144715,0.144715,0.217072,0.0723575,0.144715,0,0.0723575,0,0.144715,0.0723575,0,0.217072
0.164957,0.0824786,0.164957,0,0.164957,0.0824786,0.123718,0.0412393,0.0412393,0.123718,0.0824786,0,0.371154,0.412393,0.123718,0.123718,0.0824786,0,0.0824786,0,0.0412393,0.0824786,0.206197,0.206197,0.206197,0.206197,0.0824786,0.0824786,0.0412393,0.0824786,0.123718,0.123718,0,0.123718,0.0412393,0.0824786,0.206197,0.0412393,0.0824786,0,0.206197,0,0.206197,0.0412393,0.288675,0.0824786,0.0824786,0.0824786,0,0.123718
0.160128,0.160128,0,0,0.160128,0.320256,0.0800641,0.0800641,0,0.0800641,0.0800641,0,0.160128,0,0.0800641,0,0.160128,0.0800641,0.0800641,0.0800641,0.0800641,0,0,0.0800641,0.40032,0.320256,0,0.0800641,0,0.160128,0,0.0800641,0.0800641,0,0,0.0800641,0,0.240192,0.40032,0.320256,0.0800641,0,0,0,0,0.160128,0.160128,0.0800641,0,0.0800641
0.351123,0.234082,0,0,0,0,0.117041,0,0,0,0.117041,0,0.117041,0,0.234082,0.117041,0.234082,0.234082,0,0.234082,0,0,0.117041,0.234082,0.117041,0.117041,0,0,0,0,0,0,0,0,0,0.234082,0.234082,0.117041,0.234082,0,0.234082,0,0,0,0.234082,0.117041,0.117041,0.117041,0,0.351123
0,0,0,1,0,0,0,0,0,0,0,0,0,0,0,0,0,0,0,0,0,0,0,0,0,0,0,0,0,0,0,0,0,0,0,0,0,0,0,0,0,0,0,0,0,0,0,0,0,0
0.0620174,0,0,0.744208,0.0620174,0.0620174,0.0620174,0.0620174,0.248069,0.0620174,0,0,0,0,0.0620174,0.124035,0,0.0620174,0.124035,0,0,0.0620174,0.186052,0,0.248069,0,0.0620174,0.124035,0.124035,0.124035,0,0.0620174,0,0.124035,0.248069,0.0620174,0,0,0,0,0.0620174,0.248069,0.124035,0,0,0,0.0620174,0,0.0620174,0
0,0,0.137361,0.961524,0,0.137361,0,0,0,0,0,0,0.137361,0,0,0,0,0,0,0,0,0,0,0,0,0,0,0,0,0,0,0,0,0,0,0,0,0.137361,0,0,0,0,0,0,0,0,0,0,0,0
0.0766965,0,0,0.997054,0,0,0,0,0,0,0,0,0,0,0,0,0,0,0,0,0,0,0,0,0,0,0,0,0,0,0,0,0,0,0,0,0,0,0,0,0,0,0,0,0,0,0,0,0,0
0,0,0,0.995893,0,0,0,0,0,0,0,0,0,0,0,0,0,0,0,0,0,0,0,0,0,0,0,0,0,0,0,0,0,0,0,0,0,0,0,0.0905357,0,0,0,0,0,0,0,0,0,0
0,0,0,0.995037,0,0,0,0,0,0,0,0,0,0,0,0,0,0,0,0,0,0,0,0,0,0,0,0,0,0,0,0,0,0,0,0,0,0,0,0,0,0,0,0.0995037,0,0,0,0,0,0
0.109691,0.0731272,0.255945,0,0.365636,0.109691,0.0731272,0.182818,0.146254,0.109691,0.0731272,0,0.182818,0.146254,0.219382,0.0365636,0.146254,0.146254,0.146254,0.109691,0.0731272,0.219382,0.0731272,0.0731272,0.146254,0.182818,0.0731272,0,0.146254,0.146254,0.0731272,0.255945,0.182818,0.182818,0.0365636,0.0365636,0.146254,0.146254,0.255945,0.109691,0.182818,0.0731272,0.146254,0.0365636,0.0731272,0.0365636,0.109691,0.0731272,0,0
0.258199,0,0,0,0.172133,0,0.0860663,0,0,0.172133,0.258199,0,0.430331,0.430331,0.0860663,0,0,0,0.258199,0.0860663,0,0,0.172133,0,0.0860663,0.172133,0,0,0,0,0.172133,0,0,0.0860663,0,0.258199,0.0860663,0.0860663,0,0,0.172133,0,0.172133,0,0.172133,0,0.258199,0,0,0.0860663
0,0,0,0.998053,0,0.0623783,0,0,0,0,0,0,0,0,0,0,0,0,0,0,0,0,0,0,0,0,0,0,0,0,0,0,0,0,0,0,0,0,0,0,0,0,0,0,0,0,0,0,0,0
0.294174,0.0980581,0.196116,0,0,0.0980581,0.0980581,0,0,0,0.0980581,0,0.0980581,0,0.0980581,0.196116,0.196116,0.196116,0.294174,0.0980581,0.196116,0,0.196116,0.0980581,0.196116,0,0.0980581,0,0,0.0980581,0.0980581,0,0.0980581,0,0,0,0.196116,0.196116,0.0980581,0.294174,0.0980581,0,0.196116,0.0980581,0.0980581,0.392232,0,0.196116,0,0.0980581
0.0535288,0.0535288,0.0535288,0,0.214115,0,0.0535288,0.0535288,0,0.214115,0,0,0.160586,0.267644,0.214115,0,0,0.214115,0.214115,0.107058,0.107058,0,0.107058,0.160586,0,0.535288,0,0,0,0.0535288,0.160586,0,0.0535288,0.0535288,0,0.160586,0.214115,0.107058,0.0535288,0.107058,0.214115,0,0.107058,0.0535288,0.0535288,0.214115,0.107058,0.107058,0.0535288,0.214115
0.0268996,0.161398,0.0268996,0,0.0806988,0.161398,0.215197,0.134498,0.107598,0.107598,0,0.457293,0,0.0537992,0.0537992,0.107598,0.0806988,0,0.0806988,0.0806988,0.161398,0.188297,0.0268996,0.0537992,0.0806988,0.0806988,0.134498,0.107598,0.268996,0.188297,0.0806988,0.107598,0.0806988,0.242096,0.242096,0.0806988,0.0806988,0.107598,0.107598,0.107598,0.0806988,0.161398,0.134498,0.188297,0.0537992,0.134498,0.0537992,0.0537992,0.295896,0.0268996
0.046225,0.1849,0,0,0.138675,0.138675,0.138675,0,0.231125,0.046225,0.046225,0.1849,0.138675,0.09245,0.046225,0.138675,0.046225,0.09245,0.046225,0,0.138675,0.231125,0.1849,0.046225,0.1849,0.09245,0.416025,0.138675,0.138675,0.138675,0.09245,0.046225,0.231125,0.138675,0.09245,0,0.09245,0.09245,0.09245,0.1849,0.27735,0.1849,0.09245,0.09245,0.231125,0.09245,0.09245,0.09245,0.046225,0.09245
0.0466633,0.0699949,0,0,0,0.0466633,0.233316,0.303311,0.186653,0.0933266,0.0933266,0.373306,0.13999,0,0.0699949,0.0933266,0.0466633,0.0233316,0.0466633,0.0233316,0.0699949,0.13999,0.13999,0.0699949,0.209985,0.0933266,0.256648,0.256648,0.303311,0.209985,0.0233316,0.0233316,0.0933266,0.163322,0.209985,0.0466633,0.0466633,0.0933266,0.0466633,0.0699949,0,0.209985,0.0933266,0.116658,0.0933266,0.13999,0.0699949,0.0933266,0.186653,0.0233316
0,0,0.162221,0,0.162221,0.324443,0,0,0,0.162221,0,0,0,0,0,0,0,0.162221,0.324443,0.162221,0,0,0,0,0.162221,0.162221,0,0,0,0,0.162221,0,0,0,0.162221,0.162221,0,0.324443,0.162221,0.162221,0,0,0.162221,0,0,0,0,0.324443,0,0.486664
0.3849,0.288675,0.096225,0,0.19245,0.19245,0.096225,0,0,0,0.096225,0,0.19245,0.19245,0.288675,0,0.288675,0.096225,0,0.096225,0.096225,0,0.288675,0.096225,0.096225,0.096225,0,0,0,0,0.19245,0,0,0,0,0.096225,0.288675,0.096225,0.288675,0.096225,0.096225,0,0.096225,0,0.096225,0.096225,0.096225,0.096225,0,0
0.408248,0,0.408248,0,0.204124,0,0,0,0,0,0,0,0.408248,0,0,0.204124,0,0.204124,0,0.204124,0.204124,0,0,0,0,0.204124,0,0,0,0,0,0,0,0,0,0,0.408248,0.204124,0,0.204124,0,0,0,0,0,0,0,0,0,0
0,0,0,0,0,0.144338,0,0.144338,0,0,0.144338,0,0.144338,0.57735,0.144338,0.144338,0.144338,0.144338,0.144338,0,0,0,0.144338,0,0.288675,0.144338,0,0,0,0,0.144338,0,0.144338,0,0,0,0.144338,0.144338,0.288675,0,0.144338,0,0.144338,0,0.144338,0,0.144338,0,0.144338,0.288675
0,0,0,0,0,0,0,0,0,0,0,0,0,0,0,0,0,0,0,0,0,0,0,0,0,0,0,0,0,0,0,0,0,0,0,0,0,0,0,0,0,0,0,0,0,0,0,0,0,0
0,0.179605,0,0,0.179605,0,0.359211,0,0,0.179605,0,0,0,0.538816,0,0,0,0,0.359211,0,0,0,0,0,0,0,0,0,0,0,0.179605,0,0,0,0,0,0.179605,0,0.359211,0,0,0,0,0,0.179605,0,0,0,0,0.359211
0.284747,0,0,0,0.189832,0.189832,0,0,0,0.0949158,0.189832,0,0.284747,0.0949158,0.189832,0.189832,0,0.0949158,0.379663,0,0,0,0,0,0,0.0949158,0,0,0,0,0.0949158,0,0,0,0,0.0949158,0.474579,0.0949158,0.284747,0.0949158,0.0949158,0,0,0,0,0.189832,0.0949158,0,0,0.284747
0,0.118678,0.356034,0,0.118678,0.237356,0.118678,0,0.118678,0,0.237356,0,0,0.474713,0.118678,0,0,0,0.356034,0.118678,0.118678,0,0,0.118678,0.118678,0.356034,0,0,0,0,0.237356,0,0,0,0,0,0,0.118678,0,0.118678,0.118678,0,0.118678,0,0.118678,0,0,0.118678,0,0.118678
0,0,0,0,0.13484,0,0,0,0.13484,0,0,0,0.26968,0.6742,0,0,0.26968,0.26968,0.13484,0,0.13484,0,0.13484,0.13484,0,0,0,0,0,0.13484,0.13484,0,0,0.13484,0,0,0,0,0,0,0,0,0.26968,0,0,0,0,0.26968,0,0.13484
0.328798,0,0.164399,0,0,0.493197,0,0,0,0,0.328798,0,0,0.164399,0,0,0,0.164399,0,0,0,0,0,0,0.493197,0,0,0,0,0,0,0,0,0,0,0.164399,0,0.164399,0.164399,0.164399,0,0,0,0,0.164399,0.164399,0,0,0.164399,0.164399
0.27735,0,0,0,0,0.138675,0,0,0,0.138675,0.138675,0,0.27735,0.27735,0.138675,0,0.416025,0.138675,0.138675,0.138675,0,0,0,0.27735,0,0.138675,0,0,0,0,0.27735,0,0,0,0,0,0.27735,0,0.138675,0.138675,0,0,0,0.27735,0.138675,0.27735,0,0,0,0
0.361158,0,0,0,0.240772,0,0,0,0,0.120386,0.120386,0,0.120386,0.240772,0,0,0,0,0,0,0,0,0,0.120386,0,0.120386,0,0,0,0,0.240772,0,0,0,0,0,0.722315,0,0.240772,0.120386,0,0,0,0,0,0,0,0.120386,0,0.120386
0.301511,0.201008,0,0,0.301511,0.100504,0.100504,0,0.100504,0.301511,0,0.100504,0.201008,0,0.100504,0.100504,0,0.201008,0.100504,0.301511,0,0,0.201008,0,0,0.201008,0.201008,0,0,0,0.100504,0,0,0.100504,0,0.100504,0.201008,0,0.301511,0.201008,0.100504,0,0.201008,0,0.100504,0.100504,0.100504,0,0,0.201008
0,0.141421,0.141421,0,0.141421,0.0942809,0.188562,0.188562,0.188562,0.141421,0,0.377124,0.0942809,0.141421,0.188562,0.0471405,0.0471405,0.0471405,0.0471405,0.0471405,0.0942809,0.188562,0.0471405,0,0.0942809,0,0.0942809,0.188562,0.0942809,0.282843,0.0471405,0.0471405,0.188562,0.141421,0.329983,0,0.0942809,0.0471405,0,0.141421,0.0471405,0.188562,0.0942809,0.0942809,0.188562,0.0471405,0.0471405,0.141421,0.282843,0.0471405
0.226455,0,0.113228,0,0,0.113228,0,0.113228,0,0.113228,0.113228,0,0.226455,0.226455,0,0,0,0.113228,0.113228,0.113228,0.226455,0,0,0,0.113228,0.113228,0,0.113228,0,0,0.452911,0,0,0,0,0.113228,0,0.113228,0.339683,0,0,0,0.113228,0,0.113228,0.339683,0,0.226455,0,0.339683
0.222222,0.111111,0.444444,0,0.222222,0,0,0,0,0.111111,0,0,0.111111,0,0,0.111111,0.111111,0.111111,0,0,0,0,0,0,0,0.333333,0,0,0,0,0.333333,0,0,0,0,0.222222,0,0.222222,0.333333,0.222222,0.111111,0,0.111111,0,0,0,0,0.111111,0,0.333333
0.298142,0,0.447214,0,0.149071,0,0,0,0,0,0,0,0.149071,0.149071,0,0,0.149071,0.149071,0.298142,0.149071,0.149071,0,0,0,0,0.298142,0,0,0,0,0.149071,0,0,0,0,0.149071,0.149071,0.149071,0.149071,0,0.447214,0,0,0,0.149071,0.149071,0,0.149071,0,0
0.0940721,0.0940721,0.0940721,0,0.188144,0,0,0,0,0.0940721,0.0940721,0,0.282216,0.376288,0,0,0.188144,0.0940721,0.282216,0.0940721,0,0,0.0940721,0.0940721,0,0.282216,0,0,0,0.0940721,0,0,0,0,0,0,0.188144,0.376288,0.188144,0.0940721,0,0,0,0,0,0.0940721,0,0,0.0940721,0.47036
0.100377,0.0501886,0.250943,0,0.250943,0.100377,0.0501886,0,0,0.100377,0.0501886,0,0.0501886,0.0501886,0.0501886,0.150566,0.200754,0,0.150566,0.301131,0.0501886,0.100377,0.150566,0.250943,0.100377,0.250943,0,0,0,0.0501886,0.200754,0.0501886,0.0501886,0.100377,0,0.301131,0.200754,0.301131,0.301131,0.100377,0.0501886,0,0.0501886,0.100377,0.100377,0.100377,0.150566,0,0.0501886,0.200754
0,0,0,0,0.288675,0.288675,0,0,0,0,0.288675,0,0.288675,0,0,0,0,0,0,0.288675,0,0,0,0.288675,0,0,0,0,0,0,0.288675,0,0,0,0,0.288675,0,0,0,0.288675,0.288675,0.288675,0,0,0,0,0,0,0,0.288675
0,0,0,0,0.288675,0,0,0,0,0,0.288675,0,0.288675,0,0.57735,0,0,0,0,0,0,0,0.288675,0,0,0,0,0,0,0,0,0,0,0,0,0.288675,0,0.288675,0.288675,0,0,0,0,0,0.288675,0,0,0,0,0
0.0847427,0.1483,0.0847427,0,0.063557,0.0847427,0.0423714,0.317785,0.105928,0.127114,0.063557,0.190671,0.0211857,0.0211857,0.063557,0.0847427,0.0423714,0.0211857,0.0847427,0.0211857,0.0211857,0.2966,0.063557,0.1483,0.190671,0.0211857,0.254228,0.360157,0.317785,0.169485,0.063557,0.105928,0.190671,0.105928,0.190671,0.105928,0.0211857,0.0847427,0.0423714,0,0.063557,0.190671,0.0847427,0.233042,0.0847427,0.1483,0.105928,0.105928,0.0847427,0.063557
0.188982,0.188982,0,0,0,0,0,0,0,0,0.188982,0,0,0.377964,0,0,0.377964,0,0.188982,0,0,0,0,0.188982,0,0,0,0,0,0,0.188982,0,0,0,0,0,0.377964,0.188982,0,0,0.566947,0,0,0,0,0,0,0,0,0
0,0,0.333333,0,0,0,0,0,0,0.333333,0,0,0,0,0,0,0,0,0.333333,0,0,0,0,0,0,0,0,0,0,0,0,0,0,0,0,0,0.333333,0,0,0.666667,0,0,0,0,0,0,0,0,0,0.333333
0.173422,0.086711,0.086711,0,0.173422,0.086711,0.086711,0,0,0,0,0,0.346844,0.260133,0.086711,0.086711,0.260133,0.173422,0.346844,0,0.173422,0.086711,0,0.086711,0,0.173422,0,0,0,0,0.260133,0,0,0,0,0,0.433555,0.086711,0.260133,0,0,0,0.086711,0,0,0.173422,0.173422,0,0.086711,0.086711
0.154303,0,0,0,0.154303,0.154303,0,0,0,0.308607,0,0,0,0,0.154303,0,0.154303,0,0,0.617213,0,0,0,0,0,0,0,0,0,0,0.154303,0,0,0,0,0.308607,0,0,0.308607,0.154303,0,0,0.154303,0,0,0.154303,0,0.308607,0,0.154303
0,0.129099,0.258199,0,0,0,0.129099,0,0.129099,0,0.129099,0,0.387298,0.258199,0,0,0,0,0,0.645497,0,0,0.129099,0,0,0.258199,0,0,0,0,0.258199,0,0,0.129099,0,0.129099,0.129099,0,0,0,0,0,0,0,0,0.129099,0,0,0,0.129099
0.210819,0.105409,0.210819,0,0.105409,0,0.210819,0,0,0,0,0,0.105409,0.105409,0,0,0.105409,0,0.210819,0.316228,0,0,0.210819,0.316228,0.421637,0.105409,0,0,0,0,0.316228,0,0,0,0,0.210819,0,0.210819,0.316228,0.105409,0.105409,0,0.105409,0,0,0.105409,0,0,0,0
0,0.0656532,0,0.0656532,0,0.0656532,0.0656532,0.328266,0.19696,0.131306,0,0.0656532,0,0,0.131306,0.19696,0,0,0.0656532,0,0.19696,0.262613,0.19696,0.0656532,0.131306,0,0.328266,0.131306,0.19696,0.262613,0.131306,0.0656532,0.0656532,0.19696,0.19696,0,0.131306,0.0656532,0,0.131306,0.0656532,0.0656532,0.262613,0.0656532,0,0.131306,0,0.19696,0.262613,0.0656532
0.0872964,0.0581976,0.116395,0,0.0581976,0.0581976,0.174593,0.145494,0.0872964,0.0290988,0.23279,0.49468,0.0872964,0.203692,0.116395,0.0290988,0,0.116395,0.174593,0.0581976,0.0872964,0.174593,0.0581976,0.23279,0.0581976,0.0581976,0.145494,0.116395,0.261889,0.174593,0.0581976,0.0581976,0.145494,0.145494,0.174593,0.0872964,0.0581976,0.0290988,0.116395,0.145494,0.0290988,0.145494,0.145494,0.0872964,0.0872964,0.116395,0.0581976,0.0581976,0.23279,0.0581976
0,0,0.428571,0,0,0.142857,0,0,0,0,0.142857,0,0.142857,0.285714,0,0,0,0.142857,0.142857,0.285714,0.142857,0,0.142857,0,0,0.285714,0,0,0,0,0.285714,0,0,0,0,0.142857,0.142857,0,0,0.142857,0.428571,0,0.142857,0,0,0,0,0,0,0.285714
0,0,0,0,0,0,0,0,0,0,0,0,0.288675,0.288675,0,0,0,0,0,0,0,0,0,0,0,0,0,0,0,0,0,0,0,0,0,0,0,0,0.57735,0,0,0,0.288675,0,0,0,0.57735,0.288675,0,0
0.0928477,0.0928477,0.278543,0,0.278543,0.185695,0,0.185695,0,0.0928477,0,0,0.0928477,0.0928477,0,0,0.185695,0.0928477,0.185695,0.185695,0,0,0,0.185695,0.278543,0.0928477,0.278543,0,0,0,0.0928477,0,0.185695,0,0,0.185695,0.0928477,0.0928477,0.185695,0.278543,0.0928477,0.185695,0.185695,0.278543,0.185695,0.0928477,0.0928477,0.0928477,0,0
0.150756,0,0.0753778,0,0.0753778,0,0.150756,0.0753778,0.226134,0.0753778,0,0,0.301511,0.0753778,0.226134,0.0753778,0.150756,0.150756,0.150756,0,0.0753778,0,0.150756,0.226134,0.226134,0.226134,0,0,0,0.150756,0.0753778,0.0753778,0,0,0,0.301511,0.376889,0.150756,0.226134,0.0753778,0,0,0.226134,0.150756,0.0753778,0.150756,0.0753778,0,0,0.150756
0.0967868,0.0967868,0.193574,0,0.0967868,0.14518,0.0483934,0,0.0483934,0.0967868,0.193574,0,0.241967,0.29036,0.241967,0.193574,0.0483934,0.14518,0.14518,0.338754,0.29036,0.0483934,0.0967868,0,0.0967868,0.14518,0.0967868,0.0483934,0,0.0483934,0.0483934,0.0483934,0.0967868,0,0,0.0483934,0.29036,0.14518,0.0967868,0.193574,0.0483934,0.0483934,0.193574,0.0483934,0.0483934,0.0483934,0.0483934,0.29036,0.0967868,0.0967868
0.188144,0,0.0940721,0,0.188144,0.0940721,0,0.0940721,0,0.0940721,0,0,0.0940721,0.188144,0,0.0940721,0.0940721,0,0,0.0940721,0,0,0,0.188144,0.0940721,0.0940721,0,0,0,0,0.0940721,0,0,0,0,0.564433,0.376288,0,0.47036,0,0,0.0940721,0,0,0.188144,0,0,0.188144,0,0
0.110883,0.0739221,0.184805,0,0.147844,0.0739221,0.110883,0.221766,0.0369611,0.184805,0.184805,0.0739221,0.184805,0.110883,0.0739221,0.110883,0.110883,0.0739221,0.0369611,0.110883,0.110883,0.221766,0.258727,0.221766,0.184805,0.147844,0.184805,0.184805,0.221766,0.147844,0.110883,0,0,0.184805,0.221766,0.110883,0.0739221,0.184805,0,0.110883,0.0739221,0.147844,0.184805,0.0739221,0.0739221,0,0.0739221,0.258727,0.0739221,0.0739221
0.318142,0.127257,0.127257,0,0.190885,0.0636285,0.127257,0.0636285,0,0.0636285,0.127257,0,0.254514,0.445399,0.190885,0,0.254514,0.0636285,0.0636285,0.0636285,0.190885,0.0636285,0.127257,0,0.127257,0.190885,0,0,0,0,0.127257,0.0636285,0.0636285,0.0636285,0,0,0.318142,0.127257,0.127257,0.127257,0,0,0.127257,0,0.0636285,0.127257,0,0.254514,0.0636285,0.127257
0.102062,0,0.102062,0,0.102062,0.102062,0,0,0,0,0,0,0.102062,0.204124,0.102062,0.102062,0.204124,0.102062,0.102062,0.204124,0.102062,0.102062,0.102062,0,0.102062,0.102062,0,0,0,0.204124,0.306186,0,0,0,0,0,0.204124,0,0.204124,0.102062,0.612372,0,0,0.102062,0.102062,0,0,0.102062,0,0.306186
0.295599,0,0.295599,0,0.0985329,0,0,0,0,0.0985329,0,0,0.295599,0.197066,0,0,0,0,0.197066,0.0985329,0.197066,0.0985329,0.0985329,0.0985329,0,0.295599,0,0,0,0,0.0985329,0,0,0,0,0.0985329,0.492665,0.0985329,0.295599,0.0985329,0.0985329,0,0.0985329,0,0,0.197066,0,0.0985329,0,0.197066
0.294884,0.147442,0,0,0.147442,0.294884,0,0,0,0.294884,0,0,0,0.294884,0,0,0,0.294884,0,0.294884,0,0,0.147442,0,0,0.147442,0,0,0,0,0,0,0,0,0.147442,0,0.294884,0,0,0.147442,0,0.147442,0,0,0.147442,0,0.147442,0,0.442326,0
0.123091,0.246183,0.0615457,0.123091,0,0.0615457,0.0615457,0.123091,0,0.123091,0,0.123091,0,0,0,0.123091,0,0.0615457,0.0615457,0,0,0.246183,0,0.184637,0.184637,0,0.246183,0.184637,0.246183,0.123091,0.123091,0.123091,0.246183,0.123091,0.246183,0.0615457,0.0615457,0,0.0615457,0.123091,0.123091,0.369274,0.0615457,0.0615457,0.123091,0.123091,0.184637,0.0615457,0.307729,0.123091
0,0,0,0.970143,0,0.242536,0,0,0,0,0,0,0,0,0,0,0,0,0,0,0,0,0,0,0,0,0,0,0,0,0,0,0,0,0,0,0,0,0,0,0,0,0,0,0,0,0,0,0,0
0.234261,0.0780869,0.234261,0,0.234261,0,0,0.156174,0.156174,0.0780869,0,0,0.156174,0.0780869,0.0780869,0.390434,0,0,0.156174,0.0780869,0.0780869,0,0.156174,0.0780869,0,0.468521,0,0.156174,0,0.0780869,0.312348,0,0,0,0,0.234261,0.156174,0,0.156174,0,0.156174,0,0,0.0780869,0,0.0780869,0,0,0.156174,0.0780869
0,0,0,0,0.417029,0.208514,0,0,0,0,0,0,0,0.417029,0.208514,0,0,0,0,0,0.208514,0,0,0.208514,0.417029,0,0,0,0,0,0,0,0,0,0,0.208514,0.208514,0,0,0.208514,0.208514,0,0.208514,0,0.208514,0,0,0.208514,0,0
0.0905357,0.0905357,0.0905357,0,0.181071,0,0.0905357,0.0905357,0,0.181071,0,0,0.362143,0.0905357,0.0905357,0,0.0905357,0.181071,0.0905357,0,0,0,0.0905357,0.181071,0.181071,0.181071,0,0,0.0905357,0,0,0,0.0905357,0,0.0905357,0.181071,0.362143,0.271607,0.271607,0,0.181071,0,0.0905357,0,0.0905357,0.181071,0,0.181071,0.0905357,0.362143
0.0794929,0.0397464,0.0397464,0,0.158986,0,0.158986,0.158986,0.119239,0.0794929,0.0794929,0.0397464,0.0794929,0.198732,0.397464,0.198732,0.0397464,0.0397464,0.158986,0.0397464,0.0397464,0.158986,0.0397464,0.0794929,0.158986,0.0794929,0.119239,0.158986,0.119239,0.238479,0.0794929,0.198732,0.0397464,0.278225,0.158986,0.158986,0.0397464,0.0794929,0.0794929,0.238479,0.158986,0.238479,0.119239,0.0794929,0.119239,0.158986,0.0794929,0.119239,0.0397464,0.158986
0,0.560112,0.140028,0,0,0,0.140028,0,0,0,0.140028,0,0.420084,0,0,0.140028,0.140028,0,0.280056,0,0.140028,0,0,0,0,0.140028,0,0,0,0,0.140028,0,0,0.140028,0,0.140028,0.140028,0.280056,0,0,0.140028,0,0.140028,0,0,0.280056,0,0.140028,0,0
0.123404,0.082269,0.205673,0,0,0.0411345,0.123404,0.123404,0.164538,0.082269,0.164538,0.082269,0,0.329076,0.082269,0,0.0411345,0.082269,0.0411345,0.082269,0.164538,0.205673,0.082269,0.205673,0.123404,0.0411345,0.082269,0.246807,0.082269,0.205673,0.287942,0.123404,0.0411345,0.205673,0.123404,0,0.164538,0.164538,0.246807,0.123404,0.164538,0.123404,0.123404,0.082269,0.123404,0.205673,0.082269,0.164538,0.082269,0.0411345
0.377964,0,0.566947,0,0,0,0,0,0,0,0,0,0.188982,0.188982,0,0.188982,0,0,0.188982,0,0,0,0,0,0,0,0,0,0,0,0,0,0,0,0,0,0.377964,0.188982,0,0.188982,0,0,0,0,0,0.188982,0,0,0.377964,0
0.242536,0,0,0,0.242536,0,0,0,0,0.242536,0.242536,0,0,0,0.485071,0,0,0,0,0,0,0,0,0,0,0.242536,0,0,0,0,0,0,0,0,0,0.242536,0.242536,0,0,0.485071,0,0,0,0,0,0.242536,0,0,0,0.242536
0.109109,0.109109,0.218218,0,0.218218,0.109109,0,0,0,0,0,0,0.327327,0.109109,0.109109,0.109109,0,0,0.109109,0.218218,0,0.109109,0.218218,0,0.109109,0.436436,0,0,0,0,0.109109,0.109109,0,0,0,0,0.436436,0.109109,0.218218,0.109109,0,0,0.218218,0,0.109109,0.109109,0,0,0,0.218218
0,0.209657,0,0,0,0,0,0,0,0,0,0,0.104828,0.104828,0.104828,0.104828,0.209657,0,0,0.104828,0,0,0.104828,0,0.209657,0.419314,0,0,0,0,0.419314,0.104828,0.209657,0,0,0.209657,0.104828,0,0.524142,0,0.104828,0,0.104828,0,0,0,0,0,0,0.209657
0.557086,0.0928477,0.0928477,0,0.0928477,0.278543,0,0,0,0,0,0,0,0.185695,0,0.185695,0.0928477,0.0928477,0.0928477,0.0928477,0.0928477,0,0.0928477,0.0928477,0,0.0928477,0,0,0,0,0,0.0928477,0,0,0,0.185695,0.464238,0.185695,0.371391,0,0,0,0,0,0,0.0928477,0,0,0,0.0928477
0,0,0,0,0.359211,0.179605,0,0,0,0,0.179605,0,0,0,0.359211,0.359211,0.179605,0,0.179605,0.179605,0,0.179605,0,0,0,0.179605,0,0,0,0,0,0,0,0.179605,0,0.359211,0.359211,0,0.179605,0.179605,0,0,0,0,0,0,0.179605,0,0,0
0.13484,0,0.13484,0,0.13484,0.13484,0,0,0,0,0.13484,0,0,0.53936,0,0,0.13484,0.13484,0.26968,0.26968,0,0,0,0.13484,0,0.26968,0,0,0,0,0.26968,0,0,0,0,0.13484,0.13484,0.13484,0.13484,0.26968,0,0,0,0.26968,0.13484,0,0.13484,0.13484,0,0
0.117041,0,0.234082,0,0,0,0,0,0,0.117041,0,0,0.351123,0.234082,0,0,0,0.117041,0.117041,0,0.117041,0,0,0.117041,0,0.585206,0,0,0,0,0.234082,0,0,0,0,0,0,0.234082,0.117041,0.234082,0.117041,0,0,0,0.117041,0,0,0.117041,0,0.351123
0,0.122169,0,0,0,0,0.122169,0,0.122169,0.244339,0.122169,0.122169,0.122169,0.366508,0,0.122169,0.366508,0.122169,0.122169,0.244339,0.122169,0.122169,0.244339,0,0,0,0,0,0,0.122169,0,0,0.122169,0.122169,0,0.122169,0.244339,0,0.366508,0,0,0.122169,0.122169,0,0.122169,0.122169,0,0.122169,0,0.244339
0.196116,0,0.392232,0,0,0,0,0,0,0,0,0,0.196116,0.392232,0,0,0.196116,0,0.392232,0,0,0,0,0,0,0.392232,0,0,0,0,0,0,0,0,0,0,0.392232,0.196116,0,0.196116,0,0,0.196116,0,0,0,0,0,0,0
0.0249455,0.099782,0.049891,0,0,0.0249455,0.0748365,0.299346,0.099782,0.0249455,0.124727,0.124727,0.0249455,0,0.049891,0.049891,0.049891,0.0249455,0.0748365,0.049891,0.049891,0.2744,0.099782,0.049891,0.049891,0,0.324291,0.349237,0.374182,0.249455,0,0.0748365,0.249455,0.199564,0.249455,0.049891,0.0249455,0.0748365,0,0.049891,0.0249455,0.324291,0.0748365,0.049891,0.049891,0.0249455,0.0748365,0.0748365,0.0249455,0.0249455
0.312348,0.156174,0.312348,0,0,0,0,0,0,0,0.156174,0,0.156174,0.312348,0,0,0.156174,0,0,0,0,0,0,0.156174,0,0.468521,0,0,0,0,0.156174,0,0,0,0,0.312348,0.312348,0,0,0,0.312348,0,0,0,0,0.156174,0,0,0,0.156174
0,0,0.160128,0,0.160128,0,0.160128,0,0,0.160128,0,0,0,0,0.320256,0.160128,0,0,0,0,0,0,0,0.160128,0.160128,0,0,0,0,0,0.160128,0,0.160128,0,0,0.160128,0.480384,0.160128,0.480384,0,0,0.160128,0,0.320256,0,0.160128,0,0,0,0
0.227921,0,0.113961,0,0.113961,0.227921,0,0,0,0,0,0,0.227921,0.569803,0,0,0,0.113961,0.113961,0.113961,0,0,0,0.341882,0.113961,0.113961,0,0,0,0,0.227921,0,0,0,0,0.227921,0.113961,0,0.227921,0.113961,0.113961,0,0,0,0,0.227921,0,0.113961,0,0.227921
0.53936,0,0.13484,0,0.26968,0.13484,0,0,0,0,0,0,0.26968,0,0.13484,0,0.26968,0,0.26968,0.13484,0.13484,0,0,0.26968,0,0,0,0,0,0,0,0,0,0,0,0.13484,0.40452,0,0,0,0,0,0.13484,0.13484,0,0.13484,0,0,0,0.13484
0.39736,0,0.132453,0,0.264906,0.264906,0,0,0,0,0,0,0.264906,0.132453,0.132453,0.132453,0.132453,0.132453,0,0,0.132453,0,0.132453,0.264906,0.264906,0.132453,0,0,0,0,0.132453,0,0.132453,0,0,0.264906,0.132453,0.132453,0,0,0,0.132453,0,0,0,0,0,0.39736,0,0.132453
0.240192,0,0.160128,0,0.160128,0.160128,0.0800641,0,0,0,0,0,0.0800641,0.480384,0.0800641,0,0.240192,0.160128,0.320256,0.0800641,0.160128,0.0800641,0.0800641,0.0800641,0,0.160128,0,0,0.0800641,0,0.160128,0,0,0,0,0.160128,0.320256,0.0800641,0.160128,0.0800641,0.0800641,0,0.0800641,0,0.160128,0.0800641,0,0.0800641,0,0.320256
0.145865,0,0.145865,0,0.145865,0.145865,0,0,0,0,0.0729325,0,0.364662,0.145865,0.0729325,0.218797,0,0,0.145865,0.145865,0.0729325,0,0.0729325,0.145865,0.0729325,0.0729325,0.0729325,0,0,0,0.0729325,0,0.0729325,0,0,0.218797,0.29173,0,0.218797,0.0729325,0.145865,0,0.145865,0,0,0.0729325,0,0.145865,0.0729325,0.58346
0.186411,0.310685,0.062137,0,0.062137,0,0,0,0,0.062137,0.186411,0,0.310685,0.186411,0.248548,0.186411,0.186411,0.124274,0.062137,0.062137,0.124274,0.062137,0,0.124274,0.124274,0.124274,0,0,0.062137,0,0.248548,0.062137,0.062137,0.062137,0,0.186411,0.372822,0,0.248548,0.248548,0.062137,0,0.062137,0.062137,0,0.124274,0.186411,0,0,0.186411
0.352655,0.100759,0.100759,0,0.352655,0.100759,0.100759,0,0.100759,0.100759,0.100759,0,0.201517,0.251896,0.0503793,0.201517,0.251896,0.100759,0.0503793,0.151138,0.0503793,0,0.151138,0.0503793,0.151138,0.151138,0.0503793,0.100759,0.100759,0,0.352655,0.100759,0.201517,0.151138,0,0.151138,0.100759,0.0503793,0.100759,0.0503793,0.0503793,0,0.100759,0.100759,0.0503793,0.151138,0,0,0.0503793,0.201517
0.174078,0.174078,0.174078,0,0.174078,0,0,0,0.174078,0,0,0,0.174078,0.522233,0,0,0.174078,0.174078,0,0.348155,0,0,0,0,0,0,0,0,0,0,0.174078,0,0,0,0.174078,0,0.348155,0.174078,0.174078,0,0,0,0,0,0,0,0,0,0,0.348155
0.20016,0.040032,0.120096,0,0.120096,0.040032,0.240192,0.20016,0.040032,0.040032,0.040032,0.280224,0.320256,0,0.240192,0.0800641,0.040032,0.0800641,0,0.040032,0.120096,0.240192,0.0800641,0.120096,0.120096,0.120096,0.20016,0.40032,0.0800641,0.160128,0,0.040032,0.040032,0.040032,0.240192,0.120096,0.040032,0.0800641,0.0800641,0.0800641,0.160128,0.20016,0,0.120096,0.040032,0.040032,0.160128,0.040032,0.0800641,0.040032
0.201008,0,0,0,0,0.100504,0.100504,0,0,0.201008,0.201008,0,0.100504,0.301511,0.100504,0.201008,0.100504,0,0.201008,0,0.100504,0,0,0,0.100504,0.301511,0,0.100504,0,0.100504,0.201008,0,0.100504,0.100504,0,0.301511,0.201008,0.201008,0.100504,0,0.201008,0,0,0,0.201008,0.402015,0,0,0,0.201008
0.239046,0.119523,0,0,0,0,0.119523,0.119523,0,0.119523,0,0,0.239046,0.239046,0.358569,0.119523,0.239046,0,0,0.119523,0.239046,0,0.119523,0.119523,0.119523,0,0,0,0,0,0.119523,0,0,0.119523,0,0.239046,0.358569,0,0.358569,0.119523,0.119523,0,0.119523,0,0.119523,0.119523,0.119523,0.119523,0.119523,0
0.0935674,0.0935674,0.0935674,0,0.218324,0.124757,0.187135,0.249513,0.0311891,0.187135,0.187135,0.0311891,0.0311891,0,0.0623783,0.124757,0.0623783,0.124757,0.155946,0.0935674,0.0935674,0.0935674,0.187135,0.124757,0.0623783,0.155946,0.37427,0.0935674,0.124757,0.280702,0.0311891,0.0311891,0.311891,0.218324,0.124757,0.124757,0.0311891,0.218324,0,0.0935674,0.0935674,0.0935674,0.0935674,0.0311891,0.0311891,0.155946,0.187135,0.0311891,0.0623783,0.0311891
0.125,0.1875,0.0625,0,0,0.125,0,0.0625,0,0.0625,0.0625,0,0.3125,0,0,0.125,0.125,0.125,0.1875,0.3125,0.0625,0.0625,0.125,0,0.0625,0.3125,0.1875,0.1875,0.0625,0.0625,0.25,0,0.125,0,0,0,0.1875,0.125,0.25,0.125,0.125,0.125,0.25,0.0625,0.25,0.125,0.0625,0.125,0,0.1875
0.1,0.1,0.2,0,0.3,0.4,0,0,0,0.1,0.3,0,0.1,0.2,0.1,0.1,0.3,0.1,0.1,0.2,0.1,0,0.1,0.1,0,0.3,0,0,0,0,0.2,0,0,0,0,0.2,0,0,0.2,0.3,0,0,0.1,0,0,0,0.1,0.1,0.1,0
0,0,0,0,0.333333,0,0,0,0,0,0,0,0,0,0,0.333333,0,0,0,0.333333,0.333333,0,0,0,0,0,0,0,0,0,0,0,0,0,0,0,0,0,0,0,0,0,0,0,0,0.666667,0,0,0,0.333333
0,0,0,0.942809,0,0,0,0,0,0,0,0,0,0,0,0.235702,0,0,0,0,0,0,0,0,0,0,0,0,0,0,0,0,0,0,0,0,0,0.235702,0,0,0,0,0,0,0,0,0,0,0,0
0,0,0,0.75,0.25,0,0,0,0.25,0,0,0,0,0,0,0,0,0,0.25,0,0,0,0.25,0,0,0.25,0,0,0,0,0,0,0,0,0,0,0,0,0.25,0,0,0,0,0.25,0,0,0,0,0,0
0,0,0,0.956183,0,0,0.119523,0,0,0,0,0,0,0,0,0,0,0,0,0,0.119523,0,0,0,0,0.119523,0,0,0,0,0,0,0,0,0,0,0,0.119523,0,0.119523,0,0,0,0,0,0,0,0.119523,0,0
0.181071,0.181071,0.181071,0,0,0.181071,0.271607,0.181071,0,0,0.0905357,0,0.0905357,0.362143,0,0,0.0905357,0.271607,0.181071,0.0905357,0.0905357,0.0905357,0,0.0905357,0,0.271607,0,0,0,0.0905357,0.271607,0,0,0.181071,0,0,0.181071,0.0905357,0.0905357,0.0905357,0.271607,0,0,0,0.181071,0.181071,0.0905357,0.181071,0.0905357,0.181071
0.120192,0.160257,0.160257,0,0.120192,0.0400642,0.0801283,0.160257,0.0801283,0.0801283,0.0801283,0,0.0801283,0.160257,0.200321,0.0400642,0.200321,0.200321,0.160257,0.0801283,0.160257,0.0801283,0.200321,0.0801283,0.0801283,0.120192,0.160257,0.200321,0.160257,0.160257,0.120192,0.160257,0.0801283,0.240385,0.200321,0.160257,0.160257,0.160257,0.160257,0.160257,0.0801283,0.160257,0.240385,0.240385,0.120192,0.0801283,0.0801283,0.120192,0,0.0400642
0.129914,0,0.194871,0,0.064957,0.129914,0,0,0,0.064957,0.064957,0,0.194871,0.389742,0.064957,0.064957,0.259828,0.064957,0.194871,0.129914,0,0.064957,0.064957,0.064957,0,0.129914,0,0,0.064957,0.194871,0.064957,0,0.064957,0,0,0,0.129914,0,0.194871,0.454699,0.129914,0,0.064957,0.064957,0.064957,0.259828,0.064957,0.194871,0.064957,0.324785
